Z_PK,Z_ENT,Z_OPT,ZCLEARBITVALUE,ZREPORTVERSION,ZSUBMITTED,ZCREATIONDATE,ZKEY,ZPRIVATEBITVALUESTR
41,1,1,0,21,0,607624104.526466,com.apple.health.datatypes.usage.monthly,014105D008C81A8402A1481520
42,1,1,0,21,0,607624104.526466,com.apple.health.datatypes.usage.monthly,0A5180E0E210400080A8D2210A
43,1,1,0,21,0,607624104.526466,com.apple.health.datatypes.usage.monthly,068C00006C25940B4308068004
44,1,1,0,21,0,607624104.526466,com.apple.health.datatypes.usage.monthly,1408903C000F4013A143731053
45,1,1,0,21,0,607624104.526466,com.apple.health.datatypes.usage.monthly,201250048195210066010F0284
46,1,1,0,21,0,607707744.536547,com.apple.health.datatypes.usage.monthly,0DD003A78A5C07620113016481
47,1,1,0,21,0,607707744.536547,com.apple.health.datatypes.usage.monthly,100800228105081080CA182080
48,1,1,0,21,0,607707744.536547,com.apple.health.datatypes.usage.monthly,14000804008C06614E28900501
49,1,1,0,21,0,607707744.536547,com.apple.health.datatypes.usage.monthly,000D441602100EA486120B1048
50,1,1,0,21,0,607707744.536547,com.apple.health.datatypes.usage.monthly,10F688521821403424104009A0
51,1,1,0,21,0,607707744.536547,com.apple.health.datatypes.usage.monthly,93FE9920210336428020060080
52,1,1,0,21,0,607707744.536547,com.apple.health.datatypes.usage.monthly,6D1A50C0014245AAE1903A0000
53,1,1,0,21,0,607828015.012259,com.apple.health.datatypes.usage.monthly,81446A85248061614832038C08
54,1,1,0,21,0,607828015.012259,com.apple.health.datatypes.usage.monthly,0C84C6030AC310025000118000
55,1,1,0,21,0,607828015.012259,com.apple.health.datatypes.usage.monthly,21A04CD160AB088A96A0C4A1A8
56,1,1,0,21,0,607828015.012259,com.apple.health.datatypes.usage.monthly,51A40212110B7322033E804040
57,1,1,0,21,0,607828015.012259,com.apple.health.datatypes.usage.monthly,142C062A8A94028003501C1003
58,1,1,0,21,0,607828015.012259,com.apple.health.datatypes.usage.monthly,09022216180B18844C8A0202A9
59,1,1,0,21,0,607828015.012259,com.apple.health.datatypes.usage.monthly,148AA4007010A1004112020C90
60,1,1,0,21,0,607828015.012259,com.apple.health.datatypes.usage.monthly,2870204000BF001EAC1004638C
61,1,1,0,21,0,607828015.012259,com.apple.health.datatypes.usage.monthly,0B5120426820C042A00D999002
62,1,1,0,21,0,608047604.667536,com.apple.health.datatypes.usage.monthly,000028000492100B4625D4510C
63,1,1,0,21,0,608047604.667536,com.apple.health.datatypes.usage.monthly,BF25520003C0C3A0A06B0B041C
64,1,1,0,21,0,608047604.667536,com.apple.health.datatypes.usage.monthly,1029584001A2209802102F0900
65,1,1,0,21,0,608047604.667536,com.apple.health.datatypes.usage.monthly,4420890B8941130B0342304433
66,1,1,0,21,0,608047604.667536,com.apple.health.datatypes.usage.monthly,0001263CA026622042807191D3
67,1,1,0,21,0,608047604.667536,com.apple.health.datatypes.usage.monthly,0082010AA600800A0493850484
68,1,1,0,21,0,608047604.667536,com.apple.health.datatypes.usage.monthly,B00E0400155827014422000864
69,1,1,0,21,0,608047604.667536,com.apple.health.datatypes.usage.monthly,222152080C8308006075004608
70,1,1,0,21,0,608047604.667536,com.apple.health.datatypes.usage.monthly,10A32348881D411CE220001A06
71,1,1,0,21,0,608173925.232656,com.apple.health.datatypes.usage.monthly,0CC01044226C01005000005041
72,1,1,0,21,0,608173925.232656,com.apple.health.datatypes.usage.monthly,1E20211009001900D00D00819A
73,1,1,0,21,0,608173925.232656,com.apple.health.datatypes.usage.monthly,C07440300003082DE014804020
74,1,1,0,21,0,608173925.232656,com.apple.health.datatypes.usage.monthly,F8090C23042484008485120058
75,1,1,0,21,0,608173925.232656,com.apple.health.datatypes.usage.monthly,8F81C1711122597E20051610C5
76,1,1,0,21,0,608173925.232656,com.apple.health.datatypes.usage.monthly,A3B20247080004510150904100
77,1,1,0,21,0,608173925.232656,com.apple.health.datatypes.usage.monthly,0311449C148521192287441980
78,1,1,0,21,0,608173925.232656,com.apple.health.datatypes.usage.monthly,0046568450482802C2108C0195
79,1,1,0,21,0,608173925.232656,com.apple.health.datatypes.usage.monthly,C11282303424A8004052C00902
80,1,1,0,21,0,608321438.986968,com.apple.health.datatypes.usage.monthly,1184030082C100408340224050
81,1,1,0,21,0,608321438.986968,com.apple.health.datatypes.usage.monthly,2F4982300A89101C081568120F
82,1,1,0,21,0,608321438.986968,com.apple.health.datatypes.usage.monthly,1400143C89940220D000A01004
83,1,1,0,21,0,608321438.986968,com.apple.health.datatypes.usage.monthly,6450078200020AD440200D400F
84,1,1,0,21,0,608321438.986968,com.apple.health.datatypes.usage.monthly,B02523940442000A6200881248
85,1,1,0,21,0,608321438.986968,com.apple.health.datatypes.usage.monthly,395881085E2A4000590889560A
86,1,1,0,21,0,608321438.986968,com.apple.health.datatypes.usage.monthly,140420880040A88C8887CC0509
87,1,1,0,21,0,608321438.986968,com.apple.health.datatypes.usage.monthly,68113014062022849800A4A168
88,1,1,0,21,0,608321438.986968,com.apple.health.datatypes.usage.monthly,408228A6432000A9509004FC00
89,1,1,0,21,0,608344942.127764,com.apple.health.datatypes.usage.monthly,67286002C50048210106021C14
90,1,1,0,21,0,608344942.127764,com.apple.health.datatypes.usage.monthly,19A992A381C0AD20AD54D558A2
91,1,1,0,21,0,608344942.127764,com.apple.health.datatypes.usage.monthly,10554014D189081A5130050063
92,1,1,0,21,0,608344942.127764,com.apple.health.datatypes.usage.monthly,025060E09D0024C23C2008109C
93,1,1,0,21,0,608344942.127764,com.apple.health.datatypes.usage.monthly,0E01C508A4B20890029161A088
94,1,1,0,21,0,608344942.127764,com.apple.health.datatypes.usage.monthly,12028C10083482300401041214
95,1,1,0,21,0,608344942.127764,com.apple.health.datatypes.usage.monthly,0069094032A081424456022460
96,1,1,0,21,0,608344942.127764,com.apple.health.datatypes.usage.monthly,1610260121C201000040480A02
97,1,1,0,21,0,608344942.127764,com.apple.health.datatypes.usage.monthly,02C4487184710580210A068CA2
98,1,1,0,21,0,608394466.113828,com.apple.health.datatypes.usage.monthly,111C4C32CA800E0E0004000008
99,1,1,0,21,0,608394466.113828,com.apple.health.datatypes.usage.monthly,04489002A0149D3034B102E120
100,1,1,0,21,0,608394466.113828,com.apple.health.datatypes.usage.monthly,18531C838B42710194244488D0
101,1,1,0,21,0,608394466.113828,com.apple.health.datatypes.usage.monthly,050B028018059005C450B622D5
102,1,1,0,21,0,608394466.113828,com.apple.health.datatypes.usage.monthly,00252A0042069D42401B1931C0
103,1,1,0,21,0,608394466.113828,com.apple.health.datatypes.usage.monthly,502A210820924000850A340404
104,1,1,0,21,0,608394466.113828,com.apple.health.datatypes.usage.monthly,3104553318582041D502492811
105,1,1,0,21,0,608394466.113828,com.apple.health.datatypes.usage.monthly,278480828A970824D82443B20D
106,1,1,0,21,0,608394466.113828,com.apple.health.datatypes.usage.monthly,21900020592400016114119340
107,1,1,0,21,0,608498808.712358,com.apple.health.datatypes.usage.monthly,61F99882067200612B01840002
108,1,1,0,21,0,608498808.712358,com.apple.health.datatypes.usage.monthly,35005091400C502A9612047011
109,1,1,0,21,0,608498808.712358,com.apple.health.datatypes.usage.monthly,42041081100B095B8002290B81
110,1,1,0,21,0,608498808.712358,com.apple.health.datatypes.usage.monthly,E4820130C930002089100049C3
111,1,1,0,21,0,608498808.712358,com.apple.health.datatypes.usage.monthly,08434281A88DC0846800082288
112,1,1,0,21,0,608498808.712358,com.apple.health.datatypes.usage.monthly,87A008D146040800001C10114E
113,1,1,0,21,0,608498808.712358,com.apple.health.datatypes.usage.monthly,88008C971E0543E204A04C0020
114,1,1,0,21,0,608498808.712358,com.apple.health.datatypes.usage.monthly,CB169803781200942868A41928
115,1,1,0,21,0,608498808.712358,com.apple.health.datatypes.usage.monthly,3008234149440488E0010B5280
116,1,1,0,21,0,608598981.11026,com.apple.health.datatypes.usage.monthly,91A0365BD81885082520520161
117,1,1,0,21,0,608598981.11026,com.apple.health.datatypes.usage.monthly,CF7520900122914448B0402201
118,1,1,0,21,0,608598981.11026,com.apple.health.datatypes.usage.monthly,14004490810CB080080503DCA6
119,1,1,0,21,0,608598981.11026,com.apple.health.datatypes.usage.monthly,42438684D105B0100C05180E06
120,1,1,0,21,0,608598981.11026,com.apple.health.datatypes.usage.monthly,02110A001C804A440080A828D0
121,1,1,0,21,0,608598981.11026,com.apple.health.datatypes.usage.monthly,A86DC149417D420018A1005401
122,1,1,0,21,0,608598981.11026,com.apple.health.datatypes.usage.monthly,00D821A110143058C08CA06000
123,1,1,0,21,0,608598981.11026,com.apple.health.datatypes.usage.monthly,019C241802E814444181858AE0
124,1,1,0,21,0,608598981.11026,com.apple.health.datatypes.usage.monthly,48B11616080011342908102286
125,1,1,0,21,0,608731128.25852,com.apple.health.datatypes.usage.monthly,201058034A0450022500000820
126,1,1,0,21,0,608731128.25852,com.apple.health.datatypes.usage.monthly,0F409708114E9D840410840D21
127,1,1,0,21,0,608731128.25852,com.apple.health.datatypes.usage.monthly,1850800024088886318CC110C2
128,1,1,0,21,0,608731128.25852,com.apple.health.datatypes.usage.monthly,410200400A01061300144128CC
129,1,1,0,21,0,608731128.25852,com.apple.health.datatypes.usage.monthly,4329B0010101CBC80C02585511
130,1,1,0,21,0,608731128.25852,com.apple.health.datatypes.usage.monthly,3010814032E4CA142231202190
131,1,1,0,21,0,608731128.25852,com.apple.health.datatypes.usage.monthly,00A5C4D800A816102202083200
132,1,1,0,21,0,608731128.25852,com.apple.health.datatypes.usage.monthly,4CD418004E01A181AA80050129
133,1,1,0,21,0,608731128.25852,com.apple.health.datatypes.usage.monthly,0004028EE66AAB0AE5289C4D03
