Z_PK,Z_ENT,Z_OPT,ZEDGE,ZPOPULARITYSCOREVALUE,ZQUALITYSCOREVALUE,ZTCPGOOD,ZNETWORK,ZCREATED,ZLAT,ZLNG,ZBSSID
19764,1,1,0,0,0,0,481,608411037.109682,0.0,0.0,f8:bb:bf:1e:fa:ef
19765,1,1,0,0,0,0,482,608730815.522961,35.661022,-78.8515036,a4:6c:2a:bd:c8:fb
19766,1,1,0,5,0,0,483,608730815.520652,35.6397912,-78.8390095,b4:c7:99:b4:10:11
19767,1,1,0,7,0,0,482,608730815.524647,35.6607674,-78.851343,78:ba:f9:94:65:7b
19768,1,1,0,11,0,0,483,608730815.520295,35.6401258,-78.8385433,b4:c7:99:7b:e0:d1
19769,1,1,0,13,0,0,483,608730815.520612,35.6399698,-78.839066,b4:c7:99:b4:0f:a1
19770,1,1,0,0,0,0,482,608730815.52442,35.661005,-78.8514931,a4:6c:2a:bd:c8:f4
19771,1,1,0,0,0,0,482,608730815.524113,35.6604347,-78.8519668,d8:b1:90:6d:70:4b
19772,1,1,0,0,0,0,482,608730815.523843,35.6605734,-78.851799,a4:6c:2a:f3:9d:3b
19773,1,1,0,0,0,0,482,608730815.523995,35.6605699,-78.8519857,a4:6c:2a:bd:cd:24
19774,1,1,0,0,0,0,482,608730815.524534,35.6606073,-78.8516274,78:ba:f9:a6:d5:54
19775,1,1,0,0,0,0,482,608730815.52323,35.6606451,-78.8518626,78:ba:f9:94:6a:b4
19776,1,1,0,0,0,0,482,608730815.524153,35.660475,-78.8519186,a4:6c:2a:f3:9d:34
19777,1,1,0,0,0,0,482,608730815.522999,35.6604042,-78.851921,d8:b1:90:23:5c:a4
19778,1,1,1,3,0,0,482,608730815.52292,35.6605585,-78.8510613,a4:6c:2a:f3:9e:94
19779,1,1,0,2,0,0,482,608730815.523957,35.6608338,-78.851331,78:ba:f9:94:66:c4
19780,1,1,0,1,0,0,482,608730815.524267,35.6605655,-78.8522574,a4:6c:2a:f3:a2:94
19781,1,1,0,1,0,0,482,608730815.523386,35.6609544,-78.8515996,78:ba:f9:bf:16:74
19782,1,1,0,0,0,0,482,608730815.522829,35.6606656,-78.8521496,78:ba:f9:95:c3:bb
19783,1,1,0,0,0,0,482,608730815.524609,35.6610559,-78.8516,78:ba:f9:a6:e0:34
19784,1,1,0,1,0,0,482,608730815.523729,35.6607338,-78.851442,78:ba:f9:8d:5a:44
19785,1,1,0,24,0,0,483,608730815.52045,35.6397989,-78.8390752,b4:c7:99:b4:0f:61
19786,1,1,0,0,0,0,482,608730815.523579,35.6608593,-78.8512418,78:ba:f9:95:ca:b4
19787,1,1,0,5,0,0,483,608730815.520532,35.6397376,-78.838958,b4:c7:99:b4:0d:c1
19788,1,1,0,0,0,0,483,608730815.520175,35.6396933,-78.838959,b4:c7:99:b4:0e:31
19789,1,1,0,0,0,0,482,608730815.524344,35.6609916,-78.8515701,78:ba:f9:a6:e0:3b
19790,1,1,0,0,0,0,482,608730815.523918,35.6604126,-78.8519527,d8:b1:90:6d:70:44
19791,1,1,0,0,0,0,482,608730815.524458,35.660636,-78.8522502,a4:6c:2a:f3:a2:9b
19792,1,1,0,24,0,0,483,608730815.520572,35.6398644,-78.8391007,b4:c7:99:b4:09:71
19793,1,1,0,1,0,0,482,608730815.524382,35.6609168,-78.8513625,78:ba:f9:94:66:cb
19794,1,1,0,0,0,0,483,608730815.520404,35.639657,-78.8390859,fc:0a:81:03:4a:51
19795,1,1,0,4,0,0,482,608730815.523692,35.6608107,-78.8514121,78:ba:f9:8d:5a:4b
19796,1,1,0,0,0,0,482,608730815.523539,35.6605979,-78.8522548,78:ba:f9:bf:15:44
19797,1,1,0,10,0,0,482,608730815.523805,35.6607982,-78.8512414,a4:6c:2a:ea:58:4b
19798,1,1,0,0,0,0,483,608730815.520961,35.6395674,-78.8389738,fc:0a:81:03:49:d1
19799,1,1,0,0,0,0,482,608730815.523153,35.660895,-78.8513026,a4:6c:2a:df:81:24
19800,1,1,0,2,0,0,482,608730815.523192,35.660672,-78.8515977,78:ba:f9:a6:d5:5b
19801,1,1,0,1,0,0,482,608730815.523616,35.660849,-78.8514338,78:ba:f9:95:cf:24
19802,1,1,0,0,0,0,482,608730815.524191,35.6607695,-78.8521717,a4:6c:2a:df:7f:74
19803,1,1,0,26,0,0,483,608730815.520732,35.6396813,-78.8390228,b4:c7:99:7c:4b:81
19804,1,1,0,0,0,0,482,608730815.524305,35.6603164,-78.8520355,d8:b1:90:23:5c:ab
19805,1,1,0,0,0,0,482,608730815.523767,35.6609067,-78.8515171,78:ba:f9:bf:16:7b
19806,1,1,0,0,0,0,482,608730815.523654,35.6602287,-78.8520202,d8:b1:90:34:ab:6b
19807,1,1,0,0,0,0,482,608730815.524229,35.6603279,-78.851921,d8:b1:90:23:9a:2b
19808,1,1,0,5,0,0,482,608730815.523114,35.6605858,-78.8511499,a4:6c:2a:f3:9e:9b
19809,1,1,0,7,0,0,483,608730815.520922,35.6397431,-78.8391596,b4:c7:99:b4:0e:21
19810,1,1,0,3,0,0,482,608730815.523346,35.660959,-78.8514688,78:ba:f9:95:cf:2b
19811,1,1,0,0,0,0,482,608730815.523037,35.6606636,-78.852066,a4:6c:2a:df:7f:7b
19812,1,1,0,0,0,0,483,608730815.520692,35.6396563,-78.8391956,b4:c7:99:b4:10:01
19813,1,1,0,4,0,0,482,608730815.524496,35.6607335,-78.8517601,78:ba:f9:94:6a:bb
19814,1,1,0,0,0,0,482,608730815.523269,35.6606009,-78.8519624,a4:6c:2a:bd:cd:2b
19815,1,1,0,1,0,0,483,608730815.520491,35.6397925,-78.8391985,b4:c7:99:b4:0f:91
19816,1,1,0,0,0,0,482,608730815.522877,35.6606349,-78.8522065,78:ba:f9:bf:15:4b
19817,1,1,0,1,0,0,482,608730815.523076,35.6609028,-78.8513198,78:ba:f9:95:ca:bb
19818,1,1,0,0,0,0,482,608730815.523424,35.6610223,-78.8514552,a4:6c:2a:df:81:2b
19819,1,1,0,0,0,0,482,608730815.524075,35.660411,-78.8519437,d8:b1:90:34:ab:64
19820,1,1,0,2,0,0,482,608730815.524686,35.6607016,-78.8513728,78:ba:f9:94:65:74
19821,1,1,0,7,0,0,482,608730815.523501,35.6607995,-78.8511609,a4:6c:2a:bd:c7:4b
19822,1,1,0,2,0,0,482,608730815.523463,35.6605332,-78.851677,a4:6c:2a:9d:60:eb
19823,1,1,0,1,0,0,482,608730815.523308,35.6607983,-78.8512011,a4:6c:2a:ea:58:44
19824,1,1,0,8,0,0,483,608730815.520881,35.6395936,-78.8390267,b4:c7:99:7c:4a:31
19825,1,1,0,0,0,0,482,608730815.523881,35.6606422,-78.8521892,78:ba:f9:95:c3:b4
19826,1,1,0,1,0,0,482,608730815.524571,35.6607705,-78.8511507,a4:6c:2a:bd:c7:44
19827,1,1,0,2,0,0,482,608730815.524033,35.6604565,-78.8516718,a4:6c:2a:9d:60:e4
19828,1,1,0,2,0,0,483,608730815.520355,35.63976,-78.8393183,b4:c7:99:b4:0f:31
