alogId,uuid,paramHash,slotHash,paramCount
1,b'k\xd6L\xb7S[L\xaa\xa2pV\xa8\xe9\x94\x9eO',7029456121905523189,1,0
2,b'\x89u[\xcc\x1b\x8aI\xa1\xb8[\xcd\xf0\xb8\xb0\x10\xf3',-1891283079969615503,1,0
3,b'\xb1\xc0\x8b\xf1\xa8\xa8N\xeb\xa1N\xd6:\xa3\xfav\x8f',-1891283079969615503,1,0
12,b'\xad\x0599\xf9\xccAs\x84\xff\xfa\xb6\xd5D\x8c\xa9',1441030345,1,0
13,b'_\x0fH\x07\xd7\xc0I\xa1\xb4\x04@\xe2\xa8\xfa\xf8\xbb',1441030345,1,0
14,b'\xf8\x06O\xcfg\xf5G\x1b\x9d\xab\x8e\xfd\xe2r\x91\xb9',-1891283079969615503,1,0
15,b'h\x1e\x07Y\x08AC\x0b\x95k<\x88\x01\xa9\xad\xdc',-1891283079969615503,1,0
19,"b""'\xd2\xa4+\xa7\nI\xe1\x94u@x\xa0\x87Wb""",-1891283079969615503,1,0
36,b'f\x96\xd95\xcb\xafG\xc7\xb6\x95\x8c:\xa4C\xc7\x1b',-1891283079969615503,1,0
37,b'1^\xd1\x98\xa3\x97J\x95\xb6\xfb\xf6d\xe9\xf1\xa5\xf1',-1891283079969615503,1,0
38,b'$\xdc\x85\xf4x\xb1J\x00\x94k\xe4:\x87\xa2\x96\xb5',7029456121905523189,1,0
41,b'\x81\x99\xfa\x98\x88]AP\x94\x07|G]h\nQ',1434270840,1,0
16,b'L_rA*\x0bD\xfa\xb0L\xe5\xcd\xe9\xa2<\x8a',2812972640,1,0
17,"b""t\xcaH'\xe9VB}\x8e\x02\xb2JJ\x1e\xce.""",3043387736,1,0
18,b'/r\x98\xbe\xd1\xe3Dd\x88\xcd\x06\xf8\x1d]\x15\xba',3043387736,1,0
42,b'#\\\x80\x9fc\xe6A\x84\x9fR\x19\x88\xebQ+\x1c',1434270840,1,0
43,b'\x80\xf5<\x83r\xd3M\x85\xa0\xddrxw\xdf\xcdq',2379724727,1,0
5,b'\x8e\xbb\x935_\xffJ\xba\x88n\xe2\xca6\xa9\xce-',1647768167272754021,1,0
7,b'\xa6\x9f\xaeF_\x9eJ\xa8\x8b5>\x8d\xbc\x1f\xd7\xd5',1647768167272754021,1,0
8,b'Kk\xfd\xae\xee\xffO \x90\x03U\xf7\xfc\x8c\x15h',1647768167272754021,1,0
9,b'{Bti\x92\x9bC\x8d\xbcE\x99v \x85\xa5\xb2',1647768167272754021,1,0
10,b'\xa7\x92G)\xa8\xbbDX\x93~\xf2\x92\x03\xf0^2',1647768167272754021,1,0
11,b'\xd7H\x13\xbe\x81\x1dK\x90\x8a=\x98ahoCN',1647768167272754021,1,0
20,"b'\xb4\xd8}\'""\xa9C\x1c\xae@\x93\x0ct\xf0\xbc5'",1647768167272754021,1,0
23,"b'8\x88\xe5p\xa8\x97@j\x9a\xa0\xe1A""\xd6\xa2\xa5'",1647768167272754021,1,0
26,b'\xf7\x81v\xe9gEJ\xde\x8c+[\xa6(\xc7\xb1\xbd',1647768167272754021,1,0
6,b'\x98\x93\xe3\xd8\xba\xfaG&\x8d3&\xe5T%Xp',-395954674247333243,1,0
22,b'!\xbf\x1e7#\tD\xf4\xbc\x9e\x91\x198\xcc\x89\x87',8927552545042200327,1,0
24,b'L\xa7-\x06e$H\xd8\x95?\xbd\xf5\xe9\xd0\xe1\xcd',-395954674247333243,1,0
25,"b""\xc4\xca}g\xa8-J%\xbd\xcf<i'\xf2\xaa\xe1""",-6028954180183102067,1,0
27,b'R8\x97\xa1\xd8\x1c@\x9e\xb0\x1dn\x0b\x8f[\x87\xb8',8927552545042200327,1,0
28,b'\xb7z\x14\xec%\xc3I\x0c\x99cHH\x88\x1bO\x8b',-395954674247333243,1,0
21,b'\xef(\x84\xff 9J\x9b\x9a|\xd7H.\x07\xc0r',3714454320265615583,1,0
64,b'L\x1a\xb2?\x87\x01B\x1f\x8f=\xdd\x98\x1c\x9a\x01G',4379595914345244725,1,0
65,b'-\xce\xa9\xd2\xda:LU\x8e\xca\xe1h?\xd6\xe2\x07',2161432181400425375,1,0
66,"b'\xa5Y8I\xfb\xd2D;\xbd\xa0\xa5,p}/$'",1761880493261771310,1,0
67,b'\xfd\x9c\xbaP\xea\xc8EX\x91\xe4y\x05\xee\x18\xcdR',2161432181400425375,1,0
68,b'\xc6\xe1y\xb6\xd3\xa5D\x88\xbf\xa4\xe8\xeeT4\xecq',-7369057279770989190,1,0
69,b'\xd1t\x04]\xa1+C\x8f\x9c\xd3\xeb:\x95\x1a?\x82',-8683377087082797899,1,0
71,b'\xfd\xf9O?\xd4\x00B\x18\xad\x0c\xaa\x95\xddF\x01\xce',134808688956030574,1,0
72,"b'\x1b3\xcd\xd1BFH_\x82\x1aV\x1b""`\xfa\xd0'",-430214873416858440,1,0
73,b'\x00j\x81G\xaa\xe2@\x0f\x88!\xd8\xd0*\xeb\x92V',134808688956030574,1,0
74,b'T>\xaf6+nK0\xb3Z8\xcfT\x18S\xa8',134808688956030574,1,0
75,b'0\xa3\xf4)uuM\x0f\xb0?\x96\x9a\xf8\xbfN\xc4',-430214873416858440,1,0
76,b'\xa4\xb3\xc8^c\xebJ\x92\xb8&\x04\xadH<\xd3\r',134808688956030574,1,0
77,b'H\xfd%\xfa\x14\xf0L\x1e\xac7W\xe4\xe1\x1a\x94\xf2',-8683377087082797899,1,0
78,b'\xc4=\n_%\x90B\x0f\x83\xc7\x9dn\x813\x9d\x12',134808688956030574,1,0
79,b'\x8d\xb5\x02\xee?DC$\x80(\x8e\xd2Hmf\xaa',-5196671650400090367,1,0
80,b'6\xa5\x87\xa5\xab6G\x1e\xad\xa3\xabm\xcd7[\xa7',134808688956030574,1,0
81,"b'\x04*\xd1-\x91,G(\x8bi\xd2\x00_\xd0\xb5\x86'",-7369057279770989190,1,0
82,b'\x8a\x14[\n\x00\xc2@\x8c\xbd&\xa2Hu\x86\n\xbc',6299637131870766928,1,0
83,b'\xe6\xc0\x00w=\x85E\x13\x97+\xbb\x18.\x8c\xc3)',9129243257400458862,1,0
84,b'\x92\xbcG$\x00ICW\x89\xe0\xf6\x14\xa9\x1a\x0b\xf2',1441030345,1,0
86,b'6/\x1a\xdb\xfa\x86@\xd3\x8c\x96\xce<\x9b\x08\x18O',1647768167272754021,1,0
93,b'\xb0\x18\xbe\xc1\xf6\x11FV\xa6\xf4\xd1\xd0\x8d\xa2v\n',-3090440281558496958,1,0
94,b'\xb3\x7f#\x9dFNA\x91\x81\x8fB\x8a`\xcbn\xfd',-4516484143539811000,1,0
95,"b'\x18\x95\xba\xb4\x07X@\xc2\xa4\xd2\xb7V""6\xdfk'",6535743600621436385,1,0
96,b'\xc5\xba\xf2`\xc8NH\xc9\x99o\x94\xbe\x80\x89wf',-3090440281558496958,1,0
97,b'\xb8\xd1\xf2ZmFO\xee\x84\xdd&\x85P0\x84\x16',-5294481592427117036,1,0
98,b'\xb5\x9e\xcc#\xa2\xf0GC\xbep\x89!-\x99=\x97',-5294481592427117036,1,0
99,b'\x97o\x0fS\x9a\x9dIX\x9a4&\xac\xe3\xe9r\x16',-6719886239392750369,1,0
100,b'\x8c\xb6rN\xf6\xa7C\x16\xb9\xb0\x88\xa3>\xd0\x10\xf3',-7396128666976776007,1,0
102,b'_\xaf\xb2\xab\x17\x8d@k\xb1\xa3\xac\xc5\x1f\x8a\xe7\x16',-5294481592427117036,1,0
103,"b""\x1a\x8bMT2R@\xd2\x82'\x84\xf7\xc6\xf2\t\xe2""",-5294481592427117036,1,0
104,b'\xdd\x803A\x81wD~\x94\xb9\x8eA\xed>\xa0\xfe',6535743600621436385,1,0
105,b'\xf6\xa9\x07A%6Al\x84Zi\x80\x96w\x19\xb9',-1891283079969615503,1,0
108,b'\xc43\xb5K\x14\xfcB\xc4\xbe\x1ag\xd8\xc1j\x1e\x86',5982285648874150033,1527606947,4
29,b'\x1b6\x89\xf4cCFP\x87\xf4\x06\xdc8]+=',8227392916818773359,3032546607,2
32,b'T:\xd2K.\xfcO\x91\x96\x99\x97\xd3\xcbH\xc2\xd9',8227392916818773359,3032546607,2
33,b'\xa3\xe9\x99\xd9\x15\x81A\xa0\xab\xbeT\x1e\xea^Z|',8227392916818773359,3032546607,2
34,b'K^\xc3\xe5\xfa\xe2I\x9b\x98\xde\xb1\x84S\xc0\xad\x00',8227392916818773359,3032546607,2
35,b'<\xdb\x88\xd9N\xf9H\xf4\xb6\x83Q\xce8\x17\xb2\xa3',8227392916818773359,3032546607,2
85,b'@\x0e\xc9\xf0\xb4\x1eA\x05\x8f\x06\x122p\xaf3O',8227392916818773359,3032546607,2
4,b'\x81=1\x9e\xf9\x7fM\xbb\x8f\xcfti&\x19>\xca',4210900033,1,0
117,"b""D\x06`\x17\xf4\x0cCt\x9a'\x90\x7f}Gp/""",-5294481592427117036,1,0
119,"b""\x9a\x85\x1d\xc5'\xabKW\xb3\x0e\xe0\x95\xd2\x16\xf8\x05""",2812972640,1,0
120,b'&\x95\xdaP\xe6kN\x8c\xbf\xfec\xfd\xbe\xbaB\xef',742545648,1,0
121,b'\x92\x01.\xe0b`J\x83\xb0sR\x95G\xd1&\xad',1434270840,1,0
122,b'\xe4V\x12`[GEP\xa7P\x18\x15\xe1\x19\x91\x05',-2198226848340367413,2700065335,1
123,"b'.X\x03\xf7,\x11Gw\xa9\xde\xc6&\x91U\xeb\xe4'",-2198226848340367413,2700065335,1
124,b'\xad\xaf\x1a\x8a\xfbg@\xcd\xb4\x01\x16RG\x0b`\xfd',-2198226848340367413,2700065335,1
125,"b""v'w\xba\xb1\x91Az\x9f.2\x8a4\xd1~e""",-1891283079969615503,1,0
126,b'\xec\x88HB9$A\xb7\x83\x91\xad\xe3\x88h\x92\xbe',-1891283079969615503,1,0
127,b'{Pi\xd5\x93MIX\xbem\x15\x91>\xbc\xc7B',-1891283079969615503,1,0
128,b'a\x06\x7f\xd8\x1a\xe5A \xbb\xba\xa2T\x16\x13\xcf\xc8',7029456121905523189,1,0
129,b'\xb82\xe3\xd1\xba\x12MT\x93\x05\xa7\x82\x8b\x9d\xaa\xf6',-1891283079969615503,1,0
130,b'K\x8cM\x90c\x8aEK\x80n:O\xfa\xc8\xc1a',-1891283079969615503,1,0
131,b'/\x96\n\xd2\x02\xc3N\xfa\x85\xf8\x97y\xa9\n\xdf\xdd',-1891283079969615503,1,0
132,b'\xc1]\x13\xf2ROG\xf2\x9aPw\xaf`\x8f\x90M',7029456121905523189,1,0
133,b'2\xc7j\xd4D\xd1K\xfe\xac1\xc4\xa9\xc3\n\x1c@',-1891283079969615503,1,0
134,"b'`\xe4\xa00*y@T\xb7\x13\xf6_\xe5""\n\x9f'",-1891283079969615503,1,0
135,b'\xcb)\x1a>\xb9\xcdIC\xa7d\xa0K\x84\x02\xe2]',7029456121905523189,1,0
136,b'\xac\xb9{\xfd\x05\xc2G\xed\x86\xc3\xb9\xbff\x03q\\',-897699654574707491,171612162,2
136,b'\xc7A\xc3uK\xa2A)\xbaG\x83\xc5_\xc6\x1f\xc2',5457452326942147552,486272000,3
137,b'i\xc0!\x8d\xe0\xb2A[\x8b\xe9\xdd\xbadz\xd1\xa7',-8601832941668232472,3174314739,2
137,"b""\x94\xb2+\x1e\xb5$L\xdd\xa4\x88a\xc78'\xb7\x1d""",9178979094377825349,2416110055,3
137,b'y\x07\xa4\xf5|sD\x8b\xb9rcpg??$',-5744624247016267537,3986570092,1
137,b'\xe9\xf3\x18\x8aB\x9fE\x8a\xa8\xda\x81:\xf9\x88\xc0\x80',7063380791661714882,2691170710,2
138,b'v\x88\x99\x87x\xe9F\xf1\xbf]Zij\xe0k\xdc',-1891283079969615503,1,0
139,b'\xec{n\xd9F\xf7D\xde\xb9V\xa7\x91p\x83\xabD',7029456121905523189,1,0
140,b'Q\xb4\xa4\xaa\x8c^HY\xab\xa8/\xf1\xe7t\xd8\x17',-1891283079969615503,1,0
141,b'*b6\x82cHK\xf2\xa8\x8bS\x9f\xb5=<\x10',7029456121905523189,1,0
143,b'\xe6r3y \xa3H\xa1\x94\xde\xeeS\xf0T\xa5\xa4',6955444003181121685,1527606947,4
144,b'\xc7dix\xdc\x95L\x8c\x93\x8e\xa0f{\x90\xf1-',-1891283079969615503,1,0
145,b'\x95\xef;\xde\x896O\x80\xb0\xc1\x80.\xd0\xf2S~',7029456121905523189,1,0
146,b'\x12;L\x9aK\x88B\xaf\xb8F2\xf3\x87\xfa\r\x96',7029456121905523189,1,0
147,b'\xce\xa1T}$WJ \x95H\xe2r\x86\xc0G@',7029456121905523189,1,0
148,b'\xc7\x82\x1333fA\x01\xbc\x8d)B\xef\x05\xaeN',7029456121905523189,1,0
149,"b""D\x8es'\x8b\x94H\xf7\xa5{\xc0\x9d\xc9c\xc2f""",7029456121905523189,1,0
150,b'\t3\x05^\x1b\xc0BT\x8e\xc7\xbe&\xcd\xc6GA',-1891283079969615503,1,0
151,b'\xbe\x11L5\xa2+N\xb3\xbe\xed\xe9\x19\xb8\xc6\xbd8',-1891283079969615503,1,0
152,b'\x99jX\x11\xd6\x92J5\x84\x1d\x11\x8f\xf9\x8a]\xc1',7029456121905523189,1,0
153,b'uEJ\x1f\xb9\xd1M-\xad\xc4\xce\r\x87ak\xff',7029456121905523189,1,0
154,b'\xcd\xc8]\xe1\xe7\tGU\xb9\x97\nJ;)&\xfb',7029456121905523189,1,0
155,b'w\xaaVa\x05\xcbM \x90\xcf<\xd8\x8a\xb1\x14\x03',-1891283079969615503,1,0
156,b'F?5 I\x9dK\x06\x99\x0c#l\x90\xe8W}',7029456121905523189,1,0
158,b'\x82\xbd\xef\x07\xb1\xa3G\xae\xb1*\x86\x06\xc8\x85%a',-897699654574707491,171612162,2
158,b'\xe0}\xb9e\x03\x93E\xf6\xb2>{\xac\xd4\xc2.\x93',6251964187557707506,486272000,3
159,b'\x86\xc2b\xe2\xfa\xbdH \x8c\x99\xedhM\tc\x87',7029456121905523189,1,0
160,"b""\x10\x7f\xb9\x11\x85\xa6M\x7f\x91\xfb\x98'!\x8e\xa83""",-1891283079969615503,1,0
161,"b""\xb1\xf7\x81\xc1\xb4\x82EM\xb9\xc9\xcfd\xea'\xa6\xb4""",-1891283079969615503,1,0
162,b'v\\X\xa4:WH4\xb9\x12N\xaf\xbfLU2',-1891283079969615503,1,0
163,"b""\xdd\xd5\xc4'\x00\xacK#\xb66\x87 >\xa4\xfc\x93""",-1891283079969615503,1,0
70,b'\xa1P\xe1\xac\x8a}H1\xb2\x88*\x1f\x96\xf1\xde\xf2',7870709118766603731,1,0
142,b'\x9fi\x0b\xd5\xa3\xe2D\xd2\x94\xfb\xd8[\xa4\x14fx',-6891610783437417859,410858924,2
142,b'\x13\x18\x1d\xa9\xb5\xf0L\xa6\x93\xcea\xd8\xf6L\x93f',1989090038830239140,230535423,2
142,b'\x803=z\x02\xcbD~\xbaDn1ZdRg',5967737755144143012,3096227916,1
142,"b'\xce\xca\xf6\xfb\xc2\xa9Kr\x96:\x9c4\xeb.\xac""'",6582205182280068903,3991091251,3
142,b'^+\t4\x03UA\xeb\x8fq@\xbe\r\x1b\xfbN',-2439141297956144980,2231517359,3
142,b'\xbd\xe6B\xab^LF\xdb\xb0<\xb9 V\x9e\xc0\xd3',-352999572271515254,997205021,4
142,b'\xd5\xf4|\xe5\xa6MMQ\xa9:\xfft2PFC',-3598140338235764868,1665969872,1
142,b'\xcb\x13\xfep4\xe4F\xc1\x8a*\x1e\xcf\xe7\x18\xe0\xb6',-7173249767407691383,2423350224,1
142,b'\xdb\xcc\x14D\xd2\rH\xf3\x8cZ\xbb\xdfb\x8a\x1d\x8e',3954068575166057022,2550452733,3
142,b'\xf4\xb9\x07\x01\xaf0K\xa3\x8akH\x1e@\ty7',-415263099961395804,137792796,2
142,b'F\x96\xe1U\t!L5\x88\xedX\xca\xf8^b\xc2',-5542002303204220560,458351980,2
39,"b""'\xec\x0c\x88\x1a\xa9N@\x91&\x1c\xf0];\x1f$""",-3491229771716386914,3006558397,2
39,b'\x9c8\xb4\x82y\xa2B(\xb3\xdfF\xa1\xebrp]',3308848586429338814,4145328721,1
40,b':\x8b\xb3\x8e\xa4RH\xec\x87\xa3\xa1\xed_\x03\xa8\xda',7845967442901000489,3006558397,2
40,b'\xe0<\xf6\x1b\xf5\x15C\xbb\xa1/\x94\xb2d\x872j',218788239576796616,4145328721,1
87,b'+\xc8\xc9\x9a\x820G\x08\xab\xed`\xf4\xb6)\x11\xaf',4168445829687609916,3006558397,2
87,b'5q\xf2|.\xaaM\x1c\x9e\xf2\xcf$\x84\xbb\xe9\xf7',4873290772003359904,4145328721,1
88,b'\xbb|\x97\xa5\xa4\x91C\xe1\xbcT\xc9_\xb8\x077\n',5049165156988490786,3006558397,2
88,b'\xcb\xee\x97_\x12\\I!\x81\xa6\x8dS\x01\x9a\xb0\x9b',-1882584660902931099,4145328721,1
110,b'\xad\xeb\xf0Y\xf3\xebH$\x94\x8bJb\xeac\xe2=',-1181485872630233870,3006558397,2
110,b'\xf5\xf4\x9d?{QF\xa5\x91\xf2\x97=6\x0e(!',4873290772003359904,4145328721,1
111,b'u\xbd\xe9#\xc4\xd2N(\x9a\xean\xc9\x89\xab\xd5;',-4606383972742276,3006558397,2
111,b'\x1e\xa4}\x18\x15\xcbI\xe6\x81\x1c\xb6f\xb7\xc1s3',2011309289561140805,4145328721,1
112,b'l\xb9\xd3;\xb5tL\xc0\xab\xd4\x01\x99\x96RS\xe0',-4606383972742276,3006558397,2
112,b'~\xff\xafo\x16)M\xa1\xab\xa1\xde\xc8\xa3\xdcw\x1f',2011309289561140805,4145328721,1
113,b'\xb0d\x0e\x10@\x94M_\x825\xd5\r\xad\xbf~g',-4606383972742276,3006558397,2
113,b'\xf8\xdaa\xe8\xea\xa2C\x9d\x8b\xf1\x07\xb4r\xb4\x1a\xa2',2011309289561140805,4145328721,1
114,b'y\xba\xc1&\xcc$A]\x84\x11Z\xf5V\xf68v',-4606383972742276,3006558397,2
114,b'\xf37\xf0T\xa1\xd5N\x9d\x8f\xe3\xe7\x9a\x04B\xe7\x9d',2011309289561140805,4145328721,1
115,b'mn$<\x04\xfaHJ\x92\x1c\x1al\xdd\xf6w1',4115770783299249157,2853323046,2
115,b'[;\xc9\xfc\xc4\x0fK\x8c\x9a\x10\x031\xe7\xf1\x03\xc5',2011309289561140805,4145328721,1
115,b'&I;y\xd0_C9\x88\xfaj2-\xc7\x07G',-4606383972742276,3006558397,2
115,b'\xb6\x0c\xccj+cI\xc4\x95\x7f/\xfae\x8e-\x0f',3330361720603995426,2556117752,3
116,b'P?\x94o\x18hK\x8a\xad\x00\x84\xd6\xdd\xec\xec\xe0',-5982787084405665810,3006558397,2
116,b'\xbf|\xf6\xfb<\xbeAB\x8d[v\xe3\xad\xbc\xcd\xd1',-1882584660902931099,4145328721,1
118,b'\x95\xbe\xcd\xd0#ZL\x1a\x9d\xde\xf2q\x8f`\xcbY',588677216743287306,3006558397,2
118,b'\x07\x17\xe5q%\x0fG\xd5\x9dB\n>\xfc\x08\x89\xfe',4873290772003359904,4145328721,1
89,b'\xb0\xb0\x96\xfdg\xe5D\xf6\x8b\x98\xe8\x81\xe22c\r',-7029723559815429010,1,0
90,b'\x9a\xb2r\x9d\x0b\xfdK/\xb9\xe4\x83\x86IP\xa7\x01',-7029723559815429010,1,0
91,b'\xe0h\\:a\xb8D\xd1\xbfk\xdde\xe67\xa4\x16',-3020764194887529304,1,0
92,b'J\xa1roD\xe9G\x88\x81\xb5l-\xd3]w<',-7029723559815429010,1,0
106,b'-\xd3\x12\xb2+\xb4Fx\x81\x1b\x9a\xb3\xa0\xc5\x02\xaf',-2288590035745522784,1,0
107,b']\xe0\xcf\xc7\x0e\xf4Dt\x80I[E\x82dvK',-6265946612424062221,1,0
109,b'\xac\x97\xeb\xe0WVC\xb4\xb2\x96\xc9\xfbf\xa3\xadc',9016559913978269241,1,0
157,b'\xc0\xa1\xbd\xca\xe5\x8dKc\xa7\x03\xc4\xbaH!\xb3\xd4',-2852057216730075737,1527606947,4
45,b'\x0b\xd1\x97\x8c\x86#C0\x97\rb\xe0\x0f&\xb9\xdd',-2231227321209173870,1665969872,1
46,b'|\xc3\x11\xd0\x8f\x86M\xda\xbaU\xe6H\xb6\xbac\x1d',-2291390956817577456,1665969872,1
47,b'\xea\x15D\x11\x92:A\x06\x914\xedK9\xaf\x01X',-8862198984263313670,1665969872,1
48,b'\xd00\xbd\xa7\x80FL.\x8f\xce\xd8\xe0\xc2_#T',-3746585355663083947,1,0
49,"b'\xc9T\t/""\xe7B\xaa\x8a\x1e/\x82\x03\x9d\xa0\x99'",-3746585355663083947,1,0
50,b'\xc9\xdb\x1f\x9f\xc8\x0cA\xcb\x86\xe9U\x16\xf1\x83\xef\xb2',-3746585355663083947,1,0
51,b'\xdc\xb2\x8c|\x04\xc5F\x9d\xacE\x03\xca\xcc\x9bX+',-3746585355663083947,1,0
52,b'\x9a\xc6b\xbb\x80MF\xbd\xb8\xf3r\xa7\x81Q\x11C',-3746585355663083947,1,0
53,b'\xf2\x0e\x9c\t\xe1\x8aL\x00\xb3f\xb8oMQf\x89',-3746585355663083947,1,0
54,b'\xbe\xfa\xac\x8d\xf4\xc2M\x7f\x93\t\xec\x18D\xcet?',-3746585355663083947,1,0
55,b'\x17!\x90o\x93MKb\x80?\xd7$\xc3\xd7\xb7\xce',-3746585355663083947,1,0
56,b'\xd9\x1ei\x0c\xd3\xbfA:\xb6+\x03C\xf2X\xc8\xd3',-3746585355663083947,1,0
57,b'm\x138y\x9a\xd6I\x18\x86\xcb\xfb\xdf\x1b\xd5\xb1\x8d',-3746585355663083947,1,0
58,b'\x80\xd3o\x86\xc4\xc2En\x8f\x01Nn\x9aU\xe0.',-3746585355663083947,1,0
59,"b'Cf$\xbe\x8a\xb2A\x14\xb6`Ge\x11,\x82\x93'",-3746585355663083947,1,0
60,b'\xad\xcc\xbf)\xefGD\x8a\x81\x1a[\xb3\xd5\xa7\x88\xfb',-5949657942520081785,1,0
61,b'\xaa?.\x1d`\xabD\xd4\xbb\x16A\x17\xa7c\xb9R',-5949657942520081785,1,0
62,b'jy\x07\xb7\x88\xe4E\x8c\xbe\x11\x8dwg\xb5\x1f\x04',4271766794826048911,1,0
63,"b'Wi[\x85\xe3@E\xa4\x86\x82,\n\xd8\r\xe9\xbc'",4271766794826048911,1,0
164,b'\x1d\x95\xee\x9c\xee\xf2AB\x93\xfdm(\xf0\xab(\x91',1647768167272754021,1,0
165,b'\xd2W\xa3)\xbe\xf7B\x9b\x90t\xa5\xc6`}\xac=',1441030345,1,0
166,b'M\xa9+\x8f\xf0\xa1L\xf9\xaa\xbb\xe9\xd7;w\xd6f',8227392916818773359,3032546607,2
167,b'\x91\x02\xf8d\x97(G\x0f\xb1M\xaf\xa2\xc6\x11\xc7\x0e',-4502041317827310889,1422435139,2
167,b'=lV\xfb\xc8\xe6M\xc3\xa4\x83{\xd9\x88Sx\xfb',5921290356837820214,3598033730,1
168,b'\x1f*\x82\n\xe1\xa4M\r\x91?\xec\xf1\x8e\xe6\xack',8227392916818773359,3032546607,2
169,"b's\x95\x8bm\x17\xb0J\x1c\x81[/,\xf4\xe6z{'",1441030345,1,0
170,b'\x95m\x88\xbe\xa4iN\xba\x80\xed\xe0\xbbI\xcb\x8a\xf3',1647768167272754021,1,0
171,b'\xe8\xef\x17\xbd\x9c\x7fGm\xb0\xef\xf8\xf3\x00\x93\xd2\x01',-1891283079969615503,1,0
172,b'\xe66r\xbf1 M\x10\x8a\xdc\xbe\xf2\x11\xeeq-',7029456121905523189,1,0
173,b'B.WJ\x82\xeeG\xd3\x8a\xf8\xec\x94v\x85\x9a\xd8',-1891283079969615503,1,0
174,b'\x9d\x06\xdd\x05\xd2\x8bK\xbf\xabI\x07}\xa5\xd3\xbe\x12',7029456121905523189,1,0
175,b'd\xb1\x9a&X\xefD\xd1\x8dW\xaa\xe6i\xfb\xd3\x7f',7029456121905523189,1,0
176,b'(\x7f\xdd\xc8\x0e\xb2L\x0c\x8c\xce\xc1\x9dS\xe9\x1e\x91',-1891283079969615503,1,0
