day,event_id,calendar_id,store_id,occurrence_date,occurrence_start_date,occurrence_end_date
575784000.0,8,14,4,575784000.0,,575870399.0
607406400.0,8,14,4,607406400.0,,607492799.0
638942400.0,8,14,4,638942400.0,,639028799.0
609393600.0,86,14,4,609393600.0,,609479999.0
638596800.0,2,14,4,638596800.0,,638683199.0
576993600.0,81,14,4,576993600.0,,577079999.0
642484800.0,95,14,4,642484800.0,,642571199.0
578116800.0,93,14,4,578116800.0,,578203199.0
581313600.0,42,14,4,581313600.0,,581399999.0
638683200.0,68,14,4,638683200.0,,638769599.0
639979200.0,80,14,4,639979200.0,,640065599.0
608356800.0,99,14,4,608356800.0,,608443199.0
651038400.0,19,14,4,651038400.0,,651124799.0
665384400.0,41,14,4,665384400.0,,665470799.0
641620800.0,66,14,4,641620800.0,,641707199.0
608616000.0,52,14,4,608616000.0,,608702399.0
598942800.0,31,14,4,598942800.0,,599029199.0
630565200.0,31,14,4,630565200.0,,630651599.0
662101200.0,31,14,4,662101200.0,,662187599.0
578808000.0,73,14,4,578808000.0,,578894399.0
652680000.0,35,14,4,652680000.0,,652766399.0
593841600.0,71,14,4,593841600.0,,593927999.0
577339200.0,60,14,4,577339200.0,,577425599.0
608011200.0,62,14,4,608011200.0,,608097599.0
582177600.0,113,14,4,582177600.0,,582263999.0
613800000.0,113,14,4,613800000.0,,613886399.0
645336000.0,113,14,4,645336000.0,,645422399.0
598770000.0,40,14,4,598770000.0,,598856399.0
592718400.0,37,14,4,592718400.0,,592804799.0
624168000.0,37,14,4,624168000.0,,624254399.0
655617600.0,37,14,4,655617600.0,,655703999.0
620366400.0,112,14,4,620366400.0,,620452799.0
639028800.0,51,14,4,639028800.0,,639115199.0
606110400.0,107,14,4,606110400.0,,606196799.0
637646400.0,107,14,4,637646400.0,,637732799.0
669182400.0,107,14,4,669182400.0,,669268799.0
599547600.0,69,14,4,599547600.0,,599633999.0
631170000.0,69,14,4,631170000.0,,631256399.0
662706000.0,69,14,4,662706000.0,,662792399.0
669268800.0,16,14,4,669268800.0,,669355199.0
602312400.0,4,14,4,602312400.0,,602398799.0
633934800.0,4,14,4,633934800.0,,634021199.0
665470800.0,4,14,4,665470800.0,,665557199.0
615441600.0,110,14,4,615441600.0,,615527999.0
579326400.0,44,14,4,579326400.0,,579412799.0
610776000.0,44,14,4,610776000.0,,610862399.0
642225600.0,44,14,4,642225600.0,,642311999.0
603349200.0,77,14,4,603349200.0,,603435599.0
634971600.0,77,14,4,634971600.0,,635057999.0
666507600.0,77,14,4,666507600.0,,666593999.0
583905600.0,45,14,4,583905600.0,,583991999.0
615528000.0,45,14,4,615528000.0,,615614399.0
647064000.0,45,14,4,647064000.0,,647150399.0
577598400.0,64,14,4,577598400.0,,577684799.0
609220800.0,64,14,4,609220800.0,,609307199.0
640756800.0,64,14,4,640756800.0,,640843199.0
578721600.0,43,14,4,578721600.0,,578807999.0
610344000.0,43,14,4,610344000.0,,610430399.0
641880000.0,43,14,4,641880000.0,,641966399.0
634798800.0,65,14,4,634798800.0,,634885199.0
605336400.0,98,14,4,605336400.0,,605419199.0
637390800.0,98,14,4,637390800.0,,637473599.0
668840400.0,98,14,4,668840400.0,,668923199.0
638510400.0,1,14,4,638510400.0,,638596799.0
629355600.0,87,14,4,629355600.0,,629441999.0
607752000.0,67,14,4,607752000.0,,607838399.0
639201600.0,97,14,4,639201600.0,,639287999.0
605505600.0,39,14,4,605505600.0,,605591999.0
647150400.0,10,14,4,647150400.0,,647236799.0
611899200.0,92,14,4,611899200.0,,611985599.0
627022800.0,83,14,4,627022800.0,,627109199.0
622872000.0,20,14,4,622872000.0,,622958399.0
589694400.0,7,14,4,589694400.0,,589780799.0
601189200.0,27,14,4,601189200.0,,601275599.0
632638800.0,27,14,4,632638800.0,,632725199.0
664088400.0,27,14,4,664088400.0,,664174799.0
587102400.0,96,14,4,587102400.0,,587188799.0
595141200.0,111,14,4,595141200.0,,595227599.0
626763600.0,111,14,4,626763600.0,,626849999.0
658299600.0,111,14,4,658299600.0,,658385999.0
589089600.0,28,14,4,589089600.0,,589175999.0
621144000.0,28,14,4,621144000.0,,621230399.0
652593600.0,28,14,4,652593600.0,,652679999.0
598856400.0,102,14,4,598856400.0,,598942799.0
630478800.0,102,14,4,630478800.0,,630565199.0
662014800.0,102,14,4,662014800.0,,662101199.0
582350400.0,48,14,4,582350400.0,,582436799.0
614404800.0,48,14,4,614404800.0,,614491199.0
645854400.0,48,14,4,645854400.0,,645940799.0
653371200.0,49,14,4,653371200.0,,653457599.0
577512000.0,84,14,4,577512000.0,,577598399.0
626072400.0,9,14,4,626072400.0,,626158799.0
657691200.0,61,14,4,657691200.0,,657777599.0
580622400.0,75,14,4,580622400.0,,580708799.0
612072000.0,75,14,4,612072000.0,,612158399.0
644126400.0,75,14,4,644126400.0,,644212799.0
599029200.0,34,14,4,599029200.0,,599115599.0
630651600.0,34,14,4,630651600.0,,630737999.0
662187600.0,34,14,4,662187600.0,,662273999.0
599461200.0,79,14,4,599461200.0,,599547599.0
631083600.0,79,14,4,631083600.0,,631169999.0
662619600.0,79,14,4,662619600.0,,662705999.0
582609600.0,18,14,4,582609600.0,,582695999.0
614232000.0,18,14,4,614232000.0,,614318399.0
645768000.0,18,14,4,645768000.0,,645854399.0
577425600.0,50,14,4,577425600.0,,577511999.0
648446400.0,94,14,4,648446400.0,,648532799.0
592286400.0,32,14,4,592286400.0,,592372799.0
592718400.0,11,14,4,592718400.0,,592804799.0
624168000.0,11,14,4,624168000.0,,624254399.0
655617600.0,11,14,4,655617600.0,,655703999.0
596610000.0,72,14,4,596610000.0,,596696399.0
622180800.0,56,14,4,622180800.0,,622267199.0
574833600.0,21,14,4,574833600.0,,574919999.0
659509200.0,117,14,4,659509200.0,,659595599.0
659854800.0,14,14,4,659854800.0,,659941199.0
594446400.0,25,14,4,594446400.0,,594536399.0
625896000.0,25,14,4,625896000.0,,625985999.0
657950400.0,25,14,4,657950400.0,,658040399.0
601621200.0,114,14,4,601621200.0,,601707599.0
608184000.0,100,14,4,608184000.0,,608270399.0
617860800.0,26,14,4,617860800.0,,617947199.0
608961600.0,36,14,4,608961600.0,,609047999.0
632811600.0,70,14,4,632811600.0,,632897999.0
640152000.0,88,14,4,640152000.0,,640238399.0
628059600.0,105,14,4,628059600.0,,628145999.0
591508800.0,74,14,4,591508800.0,,591595199.0
594187200.0,76,14,4,594187200.0,,594273599.0
625809600.0,76,14,4,625809600.0,,625895999.0
657345600.0,76,14,4,657345600.0,,657431999.0
603608400.0,78,14,4,603608400.0,,603694799.0
635058000.0,78,14,4,635058000.0,,635144399.0
667112400.0,78,14,4,667112400.0,,667198799.0
670478400.0,8,14,4,670478400.0,,670564799.0
670564800.0,46,14,4,670564800.0,,670651199.0
671256000.0,6,14,4,671256000.0,,671342399.0
608356800.0,119,13,3,608392800.0,,608396400.0
671688000.0,29,14,4,671688000.0,,671774399.0
671688000.0,47,14,4,671688000.0,,671774399.0
671688000.0,108,14,4,671688000.0,,671774399.0
