calendar_id,store_id,day,count
14,4,575784000.0,1
-2,-2,575784000.0,1
14,4,607406400.0,1
-2,-2,607406400.0,1
14,4,638942400.0,1
-2,-2,638942400.0,1
14,4,609393600.0,1
-2,-2,609393600.0,1
14,4,638596800.0,1
-2,-2,638596800.0,1
14,4,576993600.0,1
-2,-2,576993600.0,1
14,4,642484800.0,1
-2,-2,642484800.0,1
14,4,578116800.0,1
-2,-2,578116800.0,1
14,4,581313600.0,1
-2,-2,581313600.0,1
14,4,638683200.0,1
-2,-2,638683200.0,1
14,4,639979200.0,1
-2,-2,639979200.0,1
14,4,608356800.0,1
14,4,651038400.0,1
-2,-2,651038400.0,1
14,4,665384400.0,1
-2,-2,665384400.0,1
14,4,641620800.0,1
-2,-2,641620800.0,1
14,4,608616000.0,1
-2,-2,608616000.0,1
14,4,598942800.0,1
-2,-2,598942800.0,1
14,4,630565200.0,1
-2,-2,630565200.0,1
14,4,662101200.0,1
-2,-2,662101200.0,1
14,4,578808000.0,1
-2,-2,578808000.0,1
14,4,652680000.0,1
-2,-2,652680000.0,1
14,4,593841600.0,1
-2,-2,593841600.0,1
14,4,577339200.0,1
-2,-2,577339200.0,1
14,4,608011200.0,1
-2,-2,608011200.0,1
14,4,582177600.0,1
-2,-2,582177600.0,1
14,4,613800000.0,1
-2,-2,613800000.0,1
14,4,645336000.0,1
-2,-2,645336000.0,1
14,4,598770000.0,1
-2,-2,598770000.0,1
14,4,620366400.0,1
-2,-2,620366400.0,1
14,4,639028800.0,1
-2,-2,639028800.0,1
14,4,606110400.0,1
-2,-2,606110400.0,1
14,4,637646400.0,1
-2,-2,637646400.0,1
14,4,669182400.0,1
-2,-2,669182400.0,1
14,4,599547600.0,1
-2,-2,599547600.0,1
14,4,631170000.0,1
-2,-2,631170000.0,1
14,4,662706000.0,1
-2,-2,662706000.0,1
14,4,669268800.0,1
-2,-2,669268800.0,1
14,4,602312400.0,1
-2,-2,602312400.0,1
14,4,633934800.0,1
-2,-2,633934800.0,1
14,4,665470800.0,1
-2,-2,665470800.0,1
14,4,615441600.0,1
-2,-2,615441600.0,1
14,4,579326400.0,1
-2,-2,579326400.0,1
14,4,610776000.0,1
-2,-2,610776000.0,1
14,4,642225600.0,1
-2,-2,642225600.0,1
14,4,603349200.0,1
-2,-2,603349200.0,1
14,4,634971600.0,1
-2,-2,634971600.0,1
14,4,666507600.0,1
-2,-2,666507600.0,1
14,4,583905600.0,1
-2,-2,583905600.0,1
14,4,615528000.0,1
-2,-2,615528000.0,1
14,4,647064000.0,1
-2,-2,647064000.0,1
14,4,577598400.0,1
-2,-2,577598400.0,1
14,4,609220800.0,1
-2,-2,609220800.0,1
14,4,640756800.0,1
-2,-2,640756800.0,1
14,4,578721600.0,1
-2,-2,578721600.0,1
14,4,610344000.0,1
-2,-2,610344000.0,1
14,4,641880000.0,1
-2,-2,641880000.0,1
14,4,634798800.0,1
-2,-2,634798800.0,1
14,4,605336400.0,1
-2,-2,605336400.0,1
14,4,637390800.0,1
-2,-2,637390800.0,1
14,4,668840400.0,1
-2,-2,668840400.0,1
14,4,638510400.0,1
-2,-2,638510400.0,1
14,4,629355600.0,1
-2,-2,629355600.0,1
14,4,607752000.0,1
-2,-2,607752000.0,1
14,4,639201600.0,1
-2,-2,639201600.0,1
14,4,605505600.0,1
-2,-2,605505600.0,1
14,4,647150400.0,1
-2,-2,647150400.0,1
14,4,611899200.0,1
-2,-2,611899200.0,1
14,4,627022800.0,1
-2,-2,627022800.0,1
14,4,622872000.0,1
-2,-2,622872000.0,1
14,4,589694400.0,1
-2,-2,589694400.0,1
14,4,601189200.0,1
-2,-2,601189200.0,1
14,4,632638800.0,1
-2,-2,632638800.0,1
14,4,664088400.0,1
-2,-2,664088400.0,1
14,4,587102400.0,1
-2,-2,587102400.0,1
14,4,595141200.0,1
-2,-2,595141200.0,1
14,4,626763600.0,1
-2,-2,626763600.0,1
14,4,658299600.0,1
-2,-2,658299600.0,1
14,4,589089600.0,1
-2,-2,589089600.0,1
14,4,621144000.0,1
-2,-2,621144000.0,1
14,4,652593600.0,1
-2,-2,652593600.0,1
14,4,598856400.0,1
-2,-2,598856400.0,1
14,4,630478800.0,1
-2,-2,630478800.0,1
14,4,662014800.0,1
-2,-2,662014800.0,1
14,4,582350400.0,1
-2,-2,582350400.0,1
14,4,614404800.0,1
-2,-2,614404800.0,1
14,4,645854400.0,1
-2,-2,645854400.0,1
14,4,653371200.0,1
-2,-2,653371200.0,1
14,4,577512000.0,1
-2,-2,577512000.0,1
14,4,626072400.0,1
-2,-2,626072400.0,1
14,4,657691200.0,1
-2,-2,657691200.0,1
14,4,580622400.0,1
-2,-2,580622400.0,1
14,4,612072000.0,1
-2,-2,612072000.0,1
14,4,644126400.0,1
-2,-2,644126400.0,1
14,4,599029200.0,1
-2,-2,599029200.0,1
14,4,630651600.0,1
-2,-2,630651600.0,1
14,4,662187600.0,1
-2,-2,662187600.0,1
14,4,599461200.0,1
-2,-2,599461200.0,1
14,4,631083600.0,1
-2,-2,631083600.0,1
14,4,662619600.0,1
-2,-2,662619600.0,1
14,4,582609600.0,1
-2,-2,582609600.0,1
14,4,614232000.0,1
-2,-2,614232000.0,1
14,4,645768000.0,1
-2,-2,645768000.0,1
14,4,577425600.0,1
-2,-2,577425600.0,1
14,4,648446400.0,1
-2,-2,648446400.0,1
14,4,592286400.0,1
-2,-2,592286400.0,1
14,4,592718400.0,2
-2,-2,592718400.0,2
14,4,624168000.0,2
-2,-2,624168000.0,2
14,4,655617600.0,2
-2,-2,655617600.0,2
14,4,596610000.0,1
-2,-2,596610000.0,1
14,4,622180800.0,1
-2,-2,622180800.0,1
14,4,574833600.0,1
-2,-2,574833600.0,1
14,4,659509200.0,1
-2,-2,659509200.0,1
14,4,659854800.0,1
-2,-2,659854800.0,1
14,4,594446400.0,1
-2,-2,594446400.0,1
14,4,625896000.0,1
-2,-2,625896000.0,1
14,4,657950400.0,1
-2,-2,657950400.0,1
14,4,601621200.0,1
-2,-2,601621200.0,1
14,4,608184000.0,1
-2,-2,608184000.0,1
14,4,617860800.0,1
-2,-2,617860800.0,1
14,4,608961600.0,1
-2,-2,608961600.0,1
14,4,632811600.0,1
-2,-2,632811600.0,1
14,4,640152000.0,1
-2,-2,640152000.0,1
14,4,628059600.0,1
-2,-2,628059600.0,1
14,4,591508800.0,1
-2,-2,591508800.0,1
14,4,594187200.0,1
-2,-2,594187200.0,1
14,4,625809600.0,1
-2,-2,625809600.0,1
14,4,657345600.0,1
-2,-2,657345600.0,1
14,4,603608400.0,1
-2,-2,603608400.0,1
14,4,635058000.0,1
-2,-2,635058000.0,1
14,4,667112400.0,1
-2,-2,667112400.0,1
14,4,670478400.0,1
-2,-2,670478400.0,1
14,4,670564800.0,1
-2,-2,670564800.0,1
14,4,671256000.0,1
-2,-2,671256000.0,1
13,3,608356800.0,1
-2,-2,608356800.0,2
14,4,671688000.0,3
-2,-2,671688000.0,3
