Z_PK,Z_ENT,Z_OPT,ZINDEX,ZPACK,Z16_PACK,ZPENDINGPACK,Z16_PENDINGPACK,ZWIDTH,ZDISPLAYNAME,ZIDENTIFIER,ZEFFECTJSON
1,11,1,1,1,19,,,,Circle 2,Circle 2,
2,11,1,0,1,19,,,,Circle 1,Circle 1,
3,11,1,3,1,19,,,,Cross 2,Cross 2,
4,11,1,2,1,19,,,,Cross 1,Cross 1,
5,11,1,6,1,19,,,,Vertical 1,Vertical 1,
6,11,1,7,1,19,,,,Vertical 2,Vertical 2,
7,11,1,11,1,19,,,,Square 2,Square 2,
8,11,1,10,1,19,,,,Square 1,Square 1,
9,11,1,9,1,19,,,,Scape 2,Scape 2,
10,11,1,8,1,19,,,,Scape 1,Scape 1,
11,11,1,5,1,19,,,,Hex 2,Hex 2,
12,11,1,4,1,19,,,,Hex 1,Hex 1,
13,12,1,4,2,20,,,,Original Arrowcross,original-arrowcross,
14,12,1,8,2,20,,,,Original Embellishment,original-embellishment,
15,12,1,20,2,20,,,,Original Square,original-square,
16,12,1,1,2,20,,,,Original Money,original-money,
17,12,1,14,2,20,,,,Original Hexagon,original-hexagon,
18,12,1,18,2,20,,,,Original Skull,original-skull,
19,12,1,0,2,20,,,,Original Bolt,original-bolt,
20,12,1,17,2,20,,,,Original Love,original-love,
21,12,1,22,2,20,,,,Original Truth,original-truth,
22,12,1,23,2,20,,,,Original Wreath,original-wreath,
23,12,1,6,2,20,,,,Original Circle,original-circle,
24,12,1,11,2,20,,,,Original Glasses,original-glasses,
25,12,1,10,2,20,,,,Original EyelashR,original-eyelashR,
26,12,1,5,2,20,,,,Original Beauty,original-beauty,
27,12,1,16,2,20,,,,Original Lips,original-lips,
28,12,1,13,2,20,,,,Original Hand2,original-hand2,
29,12,1,9,2,20,,,,Original EyelashL,original-eyelashL,
30,12,1,7,2,20,,,,Original Circlestripe,original-circlestripe,
31,12,1,2,2,20,,,,Original Mustache,original-mustache,
32,12,1,21,2,20,,,,Original Stars,original-stars,
33,12,1,19,2,20,,,,Original Sombrero,original-sombrero,
34,12,1,12,2,20,,,,Original Hand1,original-hand1,
35,12,1,15,2,20,,,,Original Kitchen,original-kitchen,
36,12,1,3,2,20,,,,Original Arrow,original-arrow,
37,10,1,3,3,18,,,0.35,Noir,original-Noir,
38,10,1,0,3,18,,,0.5,Aura,original-Aura,
39,10,1,4,3,18,,,0.35,Stella,original-Stella,
40,10,1,1,3,18,,,0.5,Borde,original-Borde,
41,10,1,6,3,18,,,0.18,Rima,original-Rima,
42,10,1,9,3,18,,,0.4,Sole,original-Sole,
43,10,1,11,3,18,,,0.18,Fino,original-Fino,
44,10,1,5,3,18,,,0.35,Notte,original-Notte,
45,10,1,7,3,18,,,0.35,Vela,original-Vela,
46,10,1,8,3,18,,,0.35,Capa,original-Capa,
47,10,1,2,3,18,,,0.35,Lumen,original-Lumen,
48,10,1,10,3,18,,,0.4,Luna,original-Luna,
49,9,1,4,4,17,,,,Lucky,default11,"{""displayName"":""Lucky"",""processors"":[{""name"":""vignette"",""parameters"":{""color"":{""r"":0,""b"":0,""g"":0,""a"":89},""shape"":{""scaling"":""stretch"",""vignetteScale"":1.2},""blendMode"":""overlay""}},{""name"":""histogramMapping"",""parameters"":{""histMap"":{""r"":[0,0,1,1,1,2,2,2,3,3,3,4,4,4,5,5,5,6,6,6,7,7,8,8,8,9,9,9,10,10,11,11,11,12,12,13,13,14,14,15,15,16,16,17,17,18,18,19,19,20,20,21,21,22,23,23,24,24,25,26,26,27,28,28,29,30,31,31,32,33,34,34,35,36,37,38,39,39,40,41,42,43,44,45,46,47,48,49,50,51,52,53,54,56,57,58,59,60,61,63,64,65,66,67,69,70,71,73,74,75,77,78,79,81,82,84,85,86,88,89,91,92,94,95,97,98,100,101,103,104,106,108,109,111,112,114,116,117,119,121,122,124,126,127,129,131,132,134,136,138,139,141,143,145,146,148,150,152,154,155,157,159,161,163,165,166,168,170,172,174,176,178,179,181,183,185,187,189,191,193,195,197,198,200,202,204,206,208,210,212,214,216,218,220,222,224,226,228,229,231,233,235,237,239,241,243,245,247,249,251,253,255,255,255,255,255,255,255,255,255,255,255,255,255,255,255,255,255,255,255,255,255,255,255,255,255,255,255,255,255,255,255,255,255,255,255,255,255,255,255,255,255,255,255,255,255],""g"":[0,1,2,3,4,5,6,7,8,8,9,10,11,12,13,14,15,16,17,18,19,20,21,22,23,24,25,26,27,28,28,29,30,31,32,33,34,35,36,37,38,39,40,41,42,43,44,45,46,47,48,49,50,51,52,53,54,55,56,57,58,60,61,62,63,64,65,66,67,68,69,70,71,72,73,74,76,77,78,79,80,81,82,83,85,86,87,88,89,90,91,93,94,95,96,97,98,100,101,102,103,104,105,107,108,109,110,111,113,114,115,116,117,119,120,121,122,123,125,126,127,128,129,131,132,133,134,135,137,138,139,140,141,143,144,145,146,147,149,150,151,152,153,154,156,157,158,159,160,161,163,164,165,166,167,168,169,171,172,173,174,175,176,177,178,179,181,182,183,184,185,186,187,188,189,190,191,192,193,194,195,196,197,198,199,200,201,202,203,204,205,206,207,208,209,209,210,211,212,213,214,215,216,216,217,218,219,220,221,221,222,223,224,225,225,226,227,228,228,229,230,231,232,232,233,234,234,235,236,237,237,238,239,240,240,241,242,242,243,244,245,245,246,247,247,248,249,249,250,251,252,252,253,254,254,255],""b"":[28,29,30,30,31,32,33,34,34,35,36,37,38,38,39,40,41,42,42,43,44,45,46,46,47,48,49,49,50,51,52,53,53,54,55,56,57,57,58,59,60,61,61,62,63,64,65,65,66,67,68,69,69,70,71,72,73,73,74,75,76,77,77,78,79,80,81,81,82,83,84,85,85,86,87,88,89,89,90,91,92,92,93,94,95,96,96,97,98,99,100,100,101,102,103,104,104,105,106,107,108,108,109,110,111,112,112,113,114,115,116,116,117,118,119,120,120,121,122,123,124,124,125,126,127,128,128,129,130,131,131,132,133,134,135,135,136,137,138,139,139,140,141,142,143,143,144,145,146,147,147,148,149,150,151,151,152,153,154,155,155,156,157,158,159,159,160,161,162,163,163,164,165,166,167,167,168,169,170,170,171,172,173,174,174,175,176,177,178,178,179,180,181,182,182,183,184,185,186,186,187,188,189,190,190,191,192,193,194,194,195,196,197,198,198,199,200,201,202,202,203,204,205,206,206,207,208,209,210,210,211,212,213,213,214,215,216,217,217,218,219,220,221,221,222,223,224,225,225,226,227,228,229,229,230,231]}}}],""identifier"":""default11""}"
50,9,1,8,4,17,,,,Sentosa,default7,"{""displayName"":""Sentosa"",""processors"":[{""name"":""histogramMapping"",""parameters"":{""histMap"":{""r"":[1,1,2,3,4,4,5,6,6,7,8,9,9,10,11,11,12,13,14,15,15,16,17,17,18,19,20,20,21,22,22,23,24,25,25,26,27,28,28,29,30,30,31,32,33,33,34,35,35,36,37,38,39,39,40,40,41,42,43,44,44,45,46,46,47,48,49,50,50,51,52,52,53,54,55,56,57,57,58,59,60,61,62,63,64,64,65,67,67,68,69,70,71,72,73,74,75,76,77,78,79,81,82,83,84,85,86,87,88,90,91,92,94,94,96,97,98,100,101,102,104,105,106,108,109,111,112,113,115,117,118,120,122,123,125,127,129,130,132,134,135,138,140,142,143,145,147,148,150,152,153,155,156,158,160,161,163,164,166,167,169,170,171,173,174,176,177,178,180,181,182,183,185,185,187,188,190,191,192,193,194,195,196,197,199,199,201,202,202,204,205,205,207,208,208,210,210,211,212,213,214,215,216,217,217,218,219,220,220,221,222,223,223,224,225,226,226,227,228,229,229,230,231,232,232,233,234,235,235,236,237,238,238,239,240,241,241,242,243,244,244,245,246,247,247,248,249,250,250,251,252,253,253,254,255,255],""g"":[1,2,3,4,5,6,8,9,10,11,12,13,14,15,17,18,19,19,21,22,23,24,25,27,28,29,30,31,32,33,34,36,37,38,38,40,41,42,43,44,45,46,47,49,50,51,52,52,53,55,56,57,58,59,60,61,62,63,64,65,66,67,68,69,70,71,72,73,74,75,76,77,78,79,80,81,82,83,84,85,86,87,88,89,90,91,92,93,94,95,96,97,98,99,100,101,102,103,104,105,106,107,108,109,110,111,112,113,114,115,116,117,118,119,120,121,122,123,124,125,126,127,128,129,130,131,132,133,134,135,136,136,138,138,140,140,142,143,144,145,145,147,147,148,149,150,151,152,153,154,155,156,157,158,159,160,161,162,163,164,165,166,166,168,169,170,171,171,172,173,174,175,176,177,178,179,180,181,182,183,184,185,186,187,188,189,190,190,192,193,194,194,195,196,197,198,199,200,201,202,203,204,205,206,207,208,209,210,211,212,213,213,214,216,217,217,218,219,220,221,222,223,224,225,226,227,228,229,230,231,232,233,234,235,236,236,237,238,240,240,241,242,243,244,245,246,247,248,249,250,251,252,253,254,255,255],""b"":[1,3,5,7,8,10,12,14,16,18,19,21,23,25,27,29,30,32,34,36,38,39,41,43,45,46,48,49,51,52,54,55,56,58,59,60,61,62,64,65,66,67,69,69,71,72,73,74,75,76,77,78,79,80,82,82,83,84,86,86,88,89,89,91,91,92,93,94,95,96,97,98,99,100,101,102,103,104,105,106,106,107,108,109,110,111,112,113,114,115,115,116,117,118,119,120,121,121,122,123,124,125,126,127,127,128,129,130,131,131,132,133,134,134,135,136,137,138,139,140,140,141,142,143,144,145,145,146,147,148,149,150,150,151,152,153,153,154,155,156,157,157,159,159,160,161,162,163,163,164,165,166,167,168,168,169,170,171,171,173,173,174,175,176,177,177,178,179,180,181,182,182,184,184,185,186,187,188,188,189,190,191,192,193,193,194,195,196,197,198,199,200,200,201,202,203,204,205,205,207,207,208,209,210,211,212,212,213,214,215,216,217,218,218,219,220,221,222,223,223,224,225,226,227,228,229,230,231,231,232,233,234,235,236,237,238,239,239,240,241,242,243,244,245,246,247,247,248,249,250,251,252,253,254,255,255]}}},{""name"":""blendWithColor"",""parameters"":{""color"":{""r"":63,""b"":81,""g"":53,""a"":255},""alpha"":0.2,""blendMode"":""overlay""}},{""name"":""blendWithColor"",""parameters"":{""color"":{""r"":255,""b"":0,""g"":179,""a"":255},""alpha"":0.25,""blendMode"":""overlay""}},{""name"":""blendWithColor"",""parameters"":{""color"":{""r"":0,""b"":255,""g"":106,""a"":255},""alpha"":0.29,""blendMode"":""overlay""}},{""name"":""blendWithColor"",""parameters"":{""color"":{""r"":0,""b"":0,""g"":0,""a"":255},""alpha"":0.31,""blendMode"":""overlay""}},{""name"":""blendWithColor"",""parameters"":{""color"":{""r"":255,""b"":255,""g"":255,""a"":255},""alpha"":0.42,""blendMode"":""overlay""}},{""name"":""colorMatrixTransform"",""parameters"":{""operations"":[{""value"":0.5,""operation"":""saturation""},{""value"":1.22,""operation"":""contrast""}]}}],""identifier"":""default7""}"
51,9,1,2,4,17,,,,Haas,default2,"{""displayName"":""Haas"",""processors"":[{""name"":""histogramMapping"",""parameters"":{""histMap"":{""r"":[0,3,5,8,10,12,15,19,21,23,25,27,28,30,32,33,35,36,38,41,42,43,45,46,48,49,50,52,53,54,55,57,59,60,62,63,64,65,67,68,69,70,71,72,75,76,77,78,79,80,81,83,84,85,86,87,89,90,91,92,93,94,95,96,98,99,100,101,102,104,105,106,107,108,109,110,111,112,113,114,115,117,118,119,120,120,121,122,123,124,125,126,127,128,130,131,132,133,134,135,136,137,137,138,139,140,142,143,144,145,146,146,147,148,149,150,151,152,154,155,155,156,157,158,159,160,161,161,162,163,164,166,167,168,168,169,170,171,172,173,173,174,175,177,178,179,179,180,181,182,183,183,184,185,186,187,188,189,190,191,192,193,193,194,195,196,197,197,199,200,201,201,202,203,204,205,205,206,207,208,209,210,211,212,212,213,214,215,216,216,217,218,219,220,221,222,223,223,224,225,226,226,227,228,229,230,231,232,233,233,234,235,236,236,237,238,239,239,241,242,242,243,244,245,245,246,247,248,248,249,251,251,252,253,254,254,255,255,255,255,255,255,255,255,255,255,255,255,255,255,255,255,255,255,255,255],""g"":[65,67,68,69,69,70,71,72,75,76,77,77,78,79,80,81,83,84,84,85,86,87,89,90,91,91,92,93,94,95,96,98,98,99,100,101,102,104,104,105,106,107,108,109,110,110,111,112,113,114,115,117,117,118,119,120,120,121,122,122,123,124,125,126,127,128,128,130,131,132,133,134,135,135,136,137,137,138,139,140,140,142,143,144,145,146,146,146,147,148,149,150,151,152,152,154,155,155,156,157,157,158,159,160,161,161,162,162,163,164,166,167,168,168,168,169,170,171,172,173,173,173,174,175,177,178,179,179,179,180,181,182,183,183,184,184,185,186,187,188,189,190,190,191,192,193,193,194,195,195,196,197,197,199,200,201,201,201,202,203,204,205,205,205,206,207,208,209,210,210,211,212,212,213,214,215,215,216,216,217,218,219,220,220,221,222,223,223,224,225,225,226,226,227,228,229,230,230,231,232,233,233,234,235,235,236,236,237,238,239,239,239,241,242,242,243,244,245,245,245,246,247,248,248,248,249,251,251,252,253,254,254,254,255,255,255,255,255,255,255,255,255,255,255,255,255,255,255,255,255,255,255,255,255,255,255],""b"":[168,168,168,168,169,169,170,170,171,171,172,172,173,173,173,173,174,174,175,175,177,177,178,178,178,179,179,179,179,180,180,181,181,182,182,183,183,183,183,184,184,185,185,186,186,187,187,187,188,188,189,189,190,190,191,191,192,192,193,193,193,193,194,194,195,195,196,196,197,197,197,197,197,199,199,200,200,201,201,201,201,202,202,203,203,204,204,205,205,205,205,206,206,206,207,207,208,208,209,209,210,210,211,211,212,212,212,212,213,213,214,214,215,215,216,216,216,216,216,217,217,218,218,219,219,220,220,221,221,222,222,223,223,223,223,224,224,225,225,226,226,226,226,226,227,227,228,228,229,229,230,230,231,231,232,232,233,233,233,233,234,234,235,235,235,236,236,236,236,237,237,238,238,239,239,239,239,241,241,242,242,242,242,243,243,244,244,244,245,245,245,245,246,246,247,247,248,248,248,248,249,249,251,251,251,251,252,252,253,253,253,254,254,254,254,255,255,255,255,255,255,255,255,255,255,255,255,255,255,255,255,255,255,255,255,255,255,255,255,255,255,255,255,255,255,255,255,255,255,255,255,255,255,255,255,255]}}},{""name"":""colorMatrixTransform"",""parameters"":{""operations"":[{""value"":1.05,""operation"":""brightness""},{""value"":1.1,""operation"":""contrast""}]}},{""name"":""histogramMapping"",""parameters"":{""histMap"":{""r"":[0,1,2,3,4,5,6,7,8,9,10,11,12,13,14,15,16,17,18,19,20,21,22,23,24,25,26,27,28,29,30,31,32,33,34,35,36,37,38,39,40,41,42,43,44,45,46,47,48,49,50,51,52,53,54,55,56,57,58,59,60,61,62,63,64,65,66,67,68,69,70,71,72,73,74,75,76,77,78,79,80,81,82,83,84,85,86,87,88,89,90,91,92,93,94,95,96,97,98,99,100,101,102,103,104,105,106,107,108,109,110,111,112,113,114,115,116,117,118,119,120,121,122,123,124,125,126,127,128,129,130,131,132,133,134,135,136,137,138,139,140,141,142,143,144,145,146,147,148,149,150,151,152,153,154,155,156,157,158,159,160,161,162,163,164,165,166,167,168,169,170,171,172,173,174,175,176,177,178,179,180,181,182,183,184,185,186,187,188,189,190,191,192,193,194,195,196,197,198,199,200,201,202,203,204,205,206,207,208,209,210,211,212,213,214,215,216,217,218,219,220,221,222,223,224,225,226,227,228,229,230,231,232,233,234,235,236,237,238,239,240,241,242,243,244,245,246,247,248,249,250,251,252,253,254,255],""g"":[0,0,0,0,0,0,0,0,0,0,0,0,0,0,1,2,3,4,5,6,7,8,9,11,12,13,14,15,16,17,18,19,20,21,22,23,24,25,26,27,28,30,31,32,33,34,35,36,37,38,39,40,41,42,43,44,45,46,47,48,50,51,52,53,54,55,56,57,58,59,60,61,62,63,64,65,66,67,68,70,71,72,73,74,75,76,77,78,79,80,81,82,83,84,85,86,87,89,90,91,92,93,94,95,96,97,98,99,100,101,102,103,104,105,106,107,109,110,111,112,113,114,115,116,117,118,119,120,121,122,123,124,125,126,128,129,130,131,132,133,134,135,136,137,138,139,140,141,142,143,144,145,146,148,149,150,151,152,153,154,155,156,157,158,159,160,161,162,163,164,165,166,168,169,170,171,172,173,174,175,176,177,178,179,180,181,182,183,184,185,187,188,189,190,191,192,193,194,195,196,197,198,199,200,201,202,203,204,205,207,208,209,210,211,212,213,214,215,216,217,218,219,220,221,222,223,224,225,227,228,229,230,231,232,233,234,235,236,237,238,239,240,241,242,243,244,246,247,248,249,250,251,252,253,254,255],""b"":[0,0,0,0,0,0,0,0,0,0,0,0,0,0,0,0,0,0,0,0,0,0,0,0,0,0,0,0,0,0,0,0,0,0,0,0,0,0,0,0,0,0,0,0,0,0,0,0,0,0,0,0,0,0,0,0,0,0,0,0,0,0,0,0,0,0,0,0,0,0,0,0,0,0,0,0,0,0,0,0,0,0,0,0,0,0,0,0,0,2,3,5,6,8,9,11,12,14,15,17,18,20,21,23,24,26,27,29,31,32,34,35,37,38,40,41,43,44,46,47,49,50,52,53,55,56,58,60,61,63,64,66,67,69,70,72,73,75,76,78,79,81,82,84,86,87,89,90,92,93,95,96,98,99,101,102,104,105,107,108,110,111,113,115,116,118,119,121,122,124,125,127,128,130,131,133,134,136,137,139,140,142,144,145,147,148,150,151,153,154,156,157,159,160,162,163,165,166,168,169,171,173,174,176,177,179,180,182,183,185,186,188,189,191,192,194,195,197,199,200,202,203,205,206,208,209,211,212,214,215,217,218,220,221,223,224,226,228,229,231,232,234,235,237,238,240,241,243,244,246,247,249,250,252,253,255]}}},{""name"":""colorMatrixTransform"",""parameters"":{""operations"":[{""value"":0.95,""operation"":""brightness""}]}},{""name"":""contrast"",""parameters"":{""value"":1.25}},{""name"":""histogramMapping"",""parameters"":{""histMap"":{""r"":[4,5,6,7,8,9,10,11,12,13,14,15,16,17,18,19,20,21,22,23,24,25,26,27,28,29,30,31,32,33,34,35,35,36,37,38,39,40,41,42,43,44,45,46,47,48,49,50,51,52,53,54,55,56,57,58,59,60,61,62,63,64,65,66,67,68,69,70,71,72,73,74,75,76,77,78,79,80,81,82,83,84,85,86,87,88,89,90,91,92,93,94,95,96,97,98,98,99,100,101,102,103,104,105,106,107,108,109,110,111,112,113,114,115,116,117,118,119,120,121,122,123,124,125,126,127,128,129,130,131,132,133,134,135,136,137,138,139,140,141,142,143,144,145,146,147,148,149,150,151,152,153,154,155,156,157,158,159,160,161,161,162,163,164,165,166,167,168,169,170,171,172,173,174,175,176,177,178,179,180,181,182,183,184,185,186,187,188,189,190,191,192,193,194,195,196,197,198,199,200,201,202,203,204,205,206,207,208,209,210,211,212,213,214,215,216,217,218,219,220,221,222,223,224,224,225,226,227,228,229,230,231,232,233,234,235,236,237,238,239,240,241,242,243,244,245,246,247,248,249,250,251,252,253,254,255],""g"":[0,1,2,3,4,5,6,7,8,9,10,11,12,13,14,15,16,17,18,19,20,21,22,23,24,25,26,27,28,29,30,31,32,33,34,35,36,37,38,39,40,41,42,43,44,45,46,47,48,49,50,51,52,53,54,55,56,57,58,59,60,61,62,63,64,65,66,67,68,69,70,71,72,73,74,75,76,77,78,79,80,81,82,83,84,85,86,87,88,89,90,91,92,93,94,95,96,97,98,99,100,101,102,103,104,105,106,107,108,109,110,111,112,113,114,115,116,117,118,119,120,121,122,123,124,125,126,127,128,129,130,131,132,133,134,135,136,137,138,139,140,141,142,143,144,145,146,147,148,149,150,151,152,153,154,155,156,157,158,159,160,161,162,163,164,165,166,167,168,169,170,171,172,173,174,175,176,177,178,179,180,181,182,183,184,185,186,187,188,189,190,191,192,193,194,195,196,197,198,199,200,201,202,203,204,205,206,207,208,209,210,211,212,213,214,215,216,217,218,219,220,221,222,223,224,225,226,227,228,229,230,231,232,233,234,235,236,237,238,239,240,241,242,243,244,245,246,247,248,249,250,251,252,253,254,255],""b"":[14,15,16,17,18,19,20,21,22,23,23,24,25,26,27,28,29,30,31,32,33,34,35,36,37,38,39,40,40,41,42,43,44,45,46,47,48,49,50,51,52,53,54,55,56,57,57,58,59,60,61,62,63,64,65,66,67,68,69,70,71,72,73,74,74,75,76,77,78,79,80,81,82,83,84,85,86,87,88,89,90,91,91,92,93,94,95,96,97,98,99,100,101,102,103,104,105,106,107,108,109,109,110,111,112,113,114,115,116,117,118,119,120,121,122,123,124,125,126,126,127,128,129,130,131,132,133,134,135,136,137,138,139,140,141,142,143,143,144,145,146,147,148,149,150,151,152,153,154,155,156,157,158,159,160,160,161,162,163,164,165,166,167,168,169,170,171,172,173,174,175,176,177,178,178,179,180,181,182,183,184,185,186,187,188,189,190,191,192,193,194,195,195,196,197,198,199,200,201,202,203,204,205,206,207,208,209,210,211,212,212,213,214,215,216,217,218,219,220,221,222,223,224,225,226,227,228,229,229,230,231,232,233,234,235,236,237,238,239,240,241,242,243,244,245,246,246,247,248,249,250,251,252,253,254,255]}}},{""name"":""intensityMap"",""parameters"":{""histMap"":{""r"":[246,246,246,246,246,246,246,246,246,246,246,246,246,246,246,246,246,246,246,246,246,247,247,247,247,247,247,247,247,247,247,247,247,247,247,247,247,247,247,247,247,247,247,247,247,247,247,247,247,247,247,247,247,247,248,248,248,248,248,248,248,248,248,248,248,248,248,248,248,248,248,248,248,248,248,248,248,248,248,248,249,249,249,249,249,249,249,249,249,249,249,249,249,249,249,249,249,249,249,249,249,249,249,249,250,250,250,250,250,250,250,250,250,250,250,250,250,250,250,250,250,250,250,250,250,250,250,251,251,251,251,251,251,251,251,251,251,251,251,251,251,251,251,251,251,251,251,251,251,251,252,252,252,252,252,252,252,252,252,252,252,252,252,252,252,252,252,252,252,252,252,252,252,252,253,253,253,253,253,253,253,253,253,253,253,253,253,253,253,253,253,253,253,253,253,253,253,253,253,253,254,254,254,254,254,254,254,254,254,254,254,254,254,254,254,254,254,254,254,254,254,254,254,254,254,254,254,254,254,254,254,254,254,255,255,255,255,255,255,255,255,255,255,255,255,255,255,255,255,255,255,255,255,255,255,255],""g"":[249,249,249,249,249,249,249,249,249,249,249,249,249,249,249,249,249,249,249,249,249,249,249,249,249,249,249,249,249,249,249,249,249,250,250,250,250,250,250,250,250,250,250,250,250,250,250,250,250,250,250,250,250,250,250,250,250,250,250,250,250,250,250,250,250,250,250,250,250,250,250,250,250,250,250,251,251,251,251,251,251,251,251,251,251,251,251,251,251,251,251,251,251,251,251,251,251,251,251,251,251,251,251,251,251,251,251,251,251,251,251,252,252,252,252,252,252,252,252,252,252,252,252,252,252,252,252,252,252,252,252,252,252,252,252,252,252,252,252,252,252,252,252,252,252,253,253,253,253,253,253,253,253,253,253,253,253,253,253,253,253,253,253,253,253,253,253,253,253,253,253,253,253,253,253,253,253,253,253,253,253,254,254,254,254,254,254,254,254,254,254,254,254,254,254,254,254,254,254,254,254,254,254,254,254,254,254,254,254,254,254,254,254,254,254,254,254,254,254,254,254,254,254,254,255,255,255,255,255,255,255,255,255,255,255,255,255,255,255,255,255,255,255,255,255,255,255,255,255,255,255,255,255,255,255,255],""b"":[0,1,1,2,2,3,3,4,4,5,6,6,7,7,8,9,9,10,11,12,12,13,14,14,15,16,17,18,18,19,20,21,22,22,23,24,25,26,27,28,28,29,30,31,32,33,34,35,36,37,38,39,40,41,42,43,44,45,46,47,48,49,50,51,52,53,54,55,56,57,59,60,61,62,63,64,65,66,67,69,70,71,72,73,74,76,77,78,79,80,81,83,84,85,86,87,89,90,91,92,93,95,96,97,98,100,101,102,103,104,106,107,108,109,111,112,113,114,116,117,118,119,121,122,123,124,126,127,128,129,131,132,133,134,136,137,138,139,141,142,143,144,146,147,148,149,151,152,153,154,155,157,158,159,160,162,163,164,165,166,168,169,170,171,172,174,175,176,177,178,179,181,182,183,184,185,186,188,189,190,191,192,193,194,195,196,198,199,200,201,202,203,204,205,206,207,208,209,210,211,212,213,214,215,216,217,218,219,220,221,222,223,224,225,226,227,227,228,229,230,231,232,233,233,234,235,236,237,237,238,239,240,241,241,242,243,243,244,245,246,246,247,248,248,249,249,250,251,251,252,252,253,253,254,254,255]},""alpha"":1,""blendMode"":""multiply""}},{""name"":""vignette"",""parameters"":{""color"":{""r"":0,""b"":0,""g"":0,""a"":170},""shape"":{""scaling"":""stretch"",""shapeMode"":""sharp"",""vignetteScale"":0.8},""blendMode"":""overlay""}},{""name"":""vignette"",""parameters"":{""color"":{""r"":0,""b"":0,""g"":0,""a"":229},""shape"":{""scaling"":""stretch"",""vignetteScale"":0.7},""blendMode"":""overlay""}},{""name"":""flare"",""parameters"":{""fScale"":1.1,""color"":{""r"":255,""b"":255,""g"":255,""a"":68},""dy"":0,""dsx"":1,""blendMode"":""overlay"",""type"":""blob2"",""dx"":0,""dsy"":1}}],""identifier"":""default2""}"
52,9,1,7,4,17,,,,Boardwalk,default3,"{""displayName"":""Boardwalk"",""processors"":[{""name"":""colorMatrixTransform"",""parameters"":{""operations"":[{""value"":0.25,""operation"":""saturation""}]}},{""name"":""vignette"",""parameters"":{""color"":{""r"":0,""b"":0,""g"":0,""a"":255},""shape"":{""scaling"":""stretch"",""shapeMode"":""sharp"",""vignetteScale"":0.8},""blendMode"":""overlay""}},{""name"":""blendWithColor"",""parameters"":{""color"":{""r"":78,""b"":11,""g"":44,""a"":255},""alpha"":0.54,""blendMode"":""overlay""}},{""name"":""gamma"",""parameters"":{""value"":0.5600000000000001}},{""name"":""contrast"",""parameters"":{""value"":1.82}}],""identifier"":""default3""}"
53,9,1,6,4,17,,,,Keylime,default8,"{""displayName"":""Keylime"",""processors"":[{""name"":""histogramMapping"",""parameters"":{""histMap"":{""r"":[0,1,1,2,2,3,4,4,5,5,6,6,7,8,8,9,9,10,11,11,12,12,13,14,14,15,15,16,17,17,18,18,19,20,20,21,22,22,23,23,24,25,25,26,26,27,28,28,29,30,30,31,32,32,33,34,34,35,36,36,37,37,38,39,40,40,41,42,42,43,44,44,45,46,46,47,48,49,49,50,51,51,52,53,54,54,55,56,57,57,58,59,60,60,61,62,63,64,64,65,66,67,68,68,69,70,71,72,73,73,74,75,76,77,78,78,79,80,81,82,83,84,85,86,87,87,88,89,90,91,92,93,94,95,96,97,98,99,100,101,102,103,104,105,106,107,108,109,110,111,112,113,114,116,117,118,119,120,121,122,123,124,126,127,128,129,130,131,133,134,135,136,137,139,140,141,142,144,145,146,147,149,150,151,153,154,155,156,158,159,160,162,163,164,166,167,169,170,171,173,174,175,177,178,180,181,182,184,185,187,188,190,191,192,194,195,197,198,200,201,203,204,206,207,208,210,211,213,214,216,217,219,220,222,223,225,226,228,229,231,232,234,235,237,238,240,241,243,244,246,247,249,250,252,253,255],""g"":[0,1,1,2,2,3,3,4,4,5,5,6,6,7,7,8,9,9,10,10,11,11,12,12,13,14,14,15,15,16,17,17,18,18,19,20,20,21,22,22,23,24,24,25,26,26,27,28,29,29,30,31,32,33,33,34,35,36,37,37,38,39,40,41,42,43,44,45,46,47,48,49,50,51,52,53,54,55,56,57,58,59,60,62,63,64,65,66,68,69,70,72,73,74,75,77,78,80,81,82,84,85,87,88,89,91,92,94,95,97,98,100,101,103,104,106,107,109,111,112,114,115,117,118,120,122,123,125,126,128,129,131,133,134,136,137,139,140,142,144,145,147,148,150,151,153,155,156,158,159,161,162,164,165,167,168,170,171,173,174,175,177,178,180,181,183,184,185,187,188,189,191,192,193,194,196,197,198,199,201,202,203,204,205,206,207,208,209,210,211,212,213,214,215,216,217,218,219,220,221,222,223,223,224,225,226,227,227,228,229,230,230,231,232,232,233,234,234,235,236,236,237,238,238,239,239,240,241,241,242,242,243,243,244,244,245,246,246,247,247,248,248,249,249,250,250,251,251,252,252,253,253,254,254,255,255],""b"":[0,1,3,4,5,6,8,9,10,11,13,14,15,16,18,19,20,21,23,24,25,26,28,29,30,31,33,34,35,36,38,39,40,41,42,44,45,46,47,48,50,51,52,53,54,55,56,58,59,60,61,62,63,64,65,66,68,69,70,71,72,73,74,75,76,77,78,79,80,81,82,83,84,85,86,87,88,89,90,90,91,92,93,94,95,96,97,98,98,99,100,101,102,103,103,104,105,106,107,108,108,109,110,111,112,112,113,114,115,115,116,117,118,118,119,120,121,122,122,123,124,125,125,126,127,128,128,129,130,130,131,132,133,133,134,135,136,136,137,138,139,139,140,141,142,142,143,144,145,145,146,147,148,149,149,150,151,152,152,153,154,155,156,156,157,158,159,160,161,161,162,163,164,165,166,166,167,168,169,170,171,172,173,174,174,175,176,177,178,179,180,181,182,183,184,185,186,187,188,189,190,191,192,193,194,195,196,198,199,200,201,202,203,204,205,206,208,209,210,211,212,213,215,216,217,218,219,220,222,223,224,225,226,228,229,230,231,233,234,235,236,238,239,240,241,243,244,245,246,247,249,250,251,252,254,255]}}},{""name"":""blendWithColor"",""parameters"":{""color"":{""r"":255,""b"":255,""g"":255,""a"":255},""alpha"":0.42,""blendMode"":""overlay""}},{""name"":""blendWithColor"",""parameters"":{""color"":{""r"":228,""b"":145,""g"":255,""a"":255},""alpha"":0.36,""blendMode"":""overlay""}}],""identifier"":""default8""}"
54,9,1,3,4,17,,,,Arizona,default9,"{""displayName"":""Arizona"",""processors"":[{""name"":""histogramMapping"",""parameters"":{""histMap"":{""r"":[0,1,3,4,6,7,8,10,11,12,14,15,17,18,19,21,22,23,25,26,28,29,30,32,33,34,36,37,38,40,41,42,43,45,46,47,49,50,51,52,54,55,56,57,59,60,61,62,63,65,66,67,68,69,70,71,73,74,75,76,77,78,79,80,81,82,83,84,85,86,87,88,89,90,91,92,92,93,94,95,96,97,98,98,99,100,101,102,102,103,104,105,106,106,107,108,109,109,110,111,111,112,113,114,114,115,116,116,117,118,118,119,120,120,121,122,122,123,124,124,125,126,126,127,128,128,129,130,130,131,131,132,133,133,134,135,135,136,137,137,138,139,139,140,141,141,142,143,143,144,145,145,146,147,148,148,149,150,150,151,152,153,153,154,155,156,156,157,158,159,160,160,161,162,163,164,165,166,166,167,168,169,170,171,172,173,174,175,176,177,178,179,180,181,182,183,184,185,186,187,188,189,190,191,192,194,195,196,197,198,199,200,201,203,204,205,206,207,209,210,211,212,213,215,216,217,218,219,221,222,223,224,226,227,228,229,231,232,233,235,236,237,238,240,241,242,243,245,246,247,249,250,251,252,254,255],""g"":[18,19,20,21,21,22,23,24,25,26,27,27,28,29,30,31,32,33,34,34,35,36,37,38,39,40,40,41,42,43,44,45,46,46,47,48,49,50,51,52,53,53,54,55,56,57,58,59,59,60,61,62,63,64,65,65,66,67,68,69,70,71,71,72,73,74,75,76,77,78,78,79,80,81,82,83,84,84,85,86,87,88,89,90,90,91,92,93,94,95,96,97,97,98,99,100,101,102,103,103,104,105,106,107,108,109,109,110,111,112,113,114,115,115,116,117,118,119,120,121,122,122,123,124,125,126,127,128,128,129,130,131,132,133,134,134,135,136,137,138,139,140,141,141,142,143,144,145,146,147,147,148,149,150,151,152,153,153,154,155,156,157,158,159,159,160,161,162,163,164,165,166,166,167,168,169,170,171,172,172,173,174,175,176,177,178,178,179,180,181,182,183,184,185,185,186,187,188,189,190,191,191,192,193,194,195,196,197,197,198,199,200,201,202,203,203,204,205,206,207,208,209,210,210,211,212,213,214,215,216,216,217,218,219,220,221,222,222,223,224,225,226,227,228,229,229,230,231,232,233,234,235,235,236,237,238],""b"":[0,1,2,4,5,6,7,8,9,11,12,13,14,15,17,18,19,20,21,22,24,25,26,27,28,30,31,32,33,34,35,37,38,39,40,41,42,44,45,46,47,48,50,51,52,53,54,55,57,58,59,60,61,62,63,65,66,67,68,69,70,72,73,74,75,76,77,78,80,81,82,83,84,85,86,88,89,90,91,92,93,94,96,97,98,99,100,101,102,104,105,106,107,108,109,110,111,113,114,115,116,117,118,119,120,122,123,124,125,126,127,128,129,130,132,133,134,135,136,137,138,139,140,142,143,144,145,146,147,148,149,150,152,153,154,155,156,157,158,159,160,161,163,164,165,166,167,168,169,170,171,172,174,175,176,177,178,179,180,181,182,183,184,186,187,188,189,190,191,192,193,194,195,196,198,199,200,201,202,203,204,205,206,207,208,210,211,212,213,214,215,216,217,218,219,220,221,223,224,225,226,227,228,229,230,231,232,233,234,236,237,238,239,240,241,242,243,244,245,246,247,249,250,251,252,253,254,255,255,255,255,255,255,255,255,255,255,255,255,255,255,255,255,255,255,255,255,255,255,255,255,255,255,255,255,255]}}},{""name"":""flare"",""parameters"":{""fScale"":1.2,""color"":{""r"":255,""b"":255,""g"":255,""a"":255},""dy"":-0.25,""dsx"":1,""blendMode"":""overlay"",""type"":""gaussianThing3"",""dx"":0,""dsy"":1}},{""name"":""vignette"",""parameters"":{""color"":{""r"":0,""b"":0,""g"":0,""a"":229},""shape"":{""scaling"":""stretch"",""vignetteScale"":0.7},""blendMode"":""overlay""}},{""name"":""blendWithColor"",""parameters"":{""color"":{""r"":255,""b"":212,""g"":193,""a"":255},""alpha"":0.47,""blendMode"":""overlay""}},{""name"":""contrast"",""parameters"":{""value"":0.9}}],""identifier"":""default9""}"
55,9,1,1,4,17,,,,Avenue,default10,"{""displayName"":""Avenue"",""processors"":[{""name"":""colorMatrixTransform"",""parameters"":{""operations"":[{""value"":1.2,""operation"":""saturation""},{""value"":1.1,""operation"":""contrast""}]}},{""name"":""flare"",""parameters"":{""fScale"":1.2,""color"":{""r"":255,""b"":255,""g"":255,""a"":102},""dy"":0,""dsx"":1,""blendMode"":""overlay"",""type"":""blob2"",""dx"":0,""dsy"":1}},{""name"":""vignette"",""parameters"":{""color"":{""r"":0,""b"":0,""g"":0,""a"":127},""shape"":{""scaling"":""stretch"",""vignetteScale"":0.7},""blendMode"":""overlay""}},{""name"":""histogramMapping"",""parameters"":{""histMap"":{""r"":[0,0,1,1,1,2,2,2,3,3,3,4,4,4,5,5,5,6,6,6,7,7,8,8,8,9,9,9,10,10,11,11,11,12,12,13,13,14,14,15,15,16,16,17,17,18,18,19,19,20,20,21,21,22,23,23,24,24,25,26,26,27,28,28,29,30,31,31,32,33,34,34,35,36,37,38,39,39,40,41,42,43,44,45,46,47,48,49,50,51,52,53,54,56,57,58,59,60,61,63,64,65,66,67,69,70,71,73,74,75,77,78,79,81,82,84,85,86,88,89,91,92,94,95,97,98,100,101,103,104,106,108,109,111,112,114,116,117,119,121,122,124,126,127,129,131,132,134,136,138,139,141,143,145,146,148,150,152,154,155,157,159,161,163,165,166,168,170,172,174,176,178,179,181,183,185,187,189,191,193,195,197,198,200,202,204,206,208,210,212,214,216,218,220,222,224,226,228,229,231,233,235,237,239,241,243,245,247,249,251,253,255,255,255,255,255,255,255,255,255,255,255,255,255,255,255,255,255,255,255,255,255,255,255,255,255,255,255,255,255,255,255,255,255,255,255,255,255,255,255,255,255,255,255,255,255],""g"":[0,1,2,3,3,4,5,6,7,8,8,9,10,11,12,13,14,14,15,16,17,18,19,20,21,21,22,23,24,25,26,27,28,29,30,31,31,32,33,34,35,36,37,38,39,40,41,42,43,44,45,46,47,48,49,50,51,52,53,54,56,57,58,59,60,61,62,63,65,66,67,68,69,70,72,73,74,75,76,78,79,80,81,83,84,85,86,88,89,90,92,93,94,95,97,98,99,101,102,103,105,106,107,109,110,111,113,114,115,117,118,119,121,122,123,125,126,127,129,130,131,133,134,135,137,138,139,141,142,143,145,146,147,149,150,151,153,154,155,157,158,159,160,162,163,164,165,167,168,169,170,172,173,174,175,177,178,179,180,181,183,184,185,186,187,188,189,190,192,193,194,195,196,197,198,199,200,201,202,203,204,205,206,207,208,209,210,211,212,212,213,214,215,216,217,218,218,219,220,221,222,222,223,224,225,225,226,227,227,228,229,230,230,231,232,232,233,233,234,235,235,236,237,237,238,238,239,240,240,241,241,242,243,243,244,244,245,245,246,246,247,248,248,249,249,250,250,251,251,252,252,253,253,254,254,255],""b"":[28,29,30,30,31,32,33,33,34,35,36,36,37,38,39,39,40,41,42,43,43,44,45,46,46,47,48,49,49,50,51,52,52,53,54,55,56,56,57,58,59,59,60,61,62,62,63,64,65,65,66,67,68,69,69,70,71,72,72,73,74,75,75,76,77,78,78,79,80,81,82,82,83,84,85,85,86,87,88,88,89,90,91,91,92,93,94,95,95,96,97,98,98,99,100,101,101,102,103,104,104,105,106,107,108,108,109,110,111,111,112,113,114,114,115,116,117,117,118,119,120,121,121,122,123,124,124,125,126,127,127,128,129,130,130,131,132,133,134,134,135,136,137,137,138,139,140,140,141,142,143,143,144,145,146,147,147,148,149,150,150,151,152,153,153,154,155,156,156,157,158,159,160,160,161,162,163,163,164,165,166,166,167,168,169,169,170,171,172,173,173,174,175,176,176,177,178,179,179,180,181,182,182,183,184,185,186,186,187,188,189,189,190,191,192,192,193,194,195,195,196,197,198,199,199,200,201,202,202,203,204,205,205,206,207,208,208,209,210,211,212,212,213,214,215,215,216,217,218,218,219,220,221,221,222,223]}}},{""name"":""blendWithColor"",""parameters"":{""color"":{""r"":236,""b"":140,""g"":0,""a"":255},""alpha"":0.1,""blendMode"":""overlay""}},{""name"":""vignette"",""parameters"":{""color"":{""r"":0,""b"":0,""g"":0,""a"":51},""shape"":{""scaling"":""stretch"",""vignetteScale"":0.7},""blendMode"":""overlay""}}],""identifier"":""default10""}"
56,9,1,11,4,17,,,,Cruz,default12,"{""displayName"":""Cruz"",""processors"":[{""name"":""histogramMapping"",""parameters"":{""histMap"":{""r"":[0,1,1,2,3,3,4,5,6,6,7,8,8,9,10,10,11,12,13,13,14,15,15,16,17,18,18,19,20,21,21,22,23,23,24,25,26,27,27,28,29,30,30,31,32,33,34,34,35,36,37,38,39,39,40,41,42,43,44,45,46,46,47,48,49,50,51,52,53,54,55,56,57,58,59,60,61,62,63,64,65,66,67,68,69,70,71,72,73,75,76,77,78,79,80,81,83,84,85,86,87,89,90,91,92,94,95,96,97,99,100,101,102,104,105,106,107,109,110,111,113,114,115,116,118,119,120,122,123,124,126,127,128,130,131,132,134,135,136,137,139,140,141,143,144,145,147,148,149,151,152,153,154,156,157,158,160,161,162,163,165,166,167,168,170,171,172,173,175,176,177,178,180,181,182,183,184,185,187,188,189,190,191,192,193,195,196,197,198,199,200,201,202,203,204,205,206,207,208,209,210,211,212,213,214,215,216,217,218,218,219,220,221,222,223,224,225,225,226,227,228,229,230,230,231,232,233,234,235,235,236,237,238,238,239,240,241,242,242,243,244,245,245,246,247,248,248,249,250,251,251,252,253,254,254,255],""g"":[0,0,0,0,0,0,0,0,0,0,0,0,0,0,0,0,0,0,0,0,0,0,0,0,0,0,0,0,0,0,0,1,3,4,5,6,8,9,10,11,13,14,15,16,18,19,20,21,23,24,25,26,28,29,30,31,33,34,35,36,38,39,40,41,43,44,45,46,48,49,50,52,53,54,55,57,58,59,60,62,63,64,65,67,68,69,70,72,73,74,75,77,78,79,80,82,83,84,85,87,88,89,90,92,93,94,95,97,98,99,100,102,103,104,106,107,108,109,111,112,113,114,116,117,118,119,121,122,123,124,126,127,128,129,131,132,133,134,136,137,138,139,141,142,143,144,146,147,148,149,151,152,153,155,156,157,158,160,161,162,163,165,166,167,168,170,171,172,173,175,176,177,178,180,181,182,183,185,186,187,188,190,191,192,193,195,196,197,198,200,201,202,203,205,206,207,209,210,211,212,214,215,216,217,219,220,221,222,224,225,226,227,229,230,231,232,234,235,236,237,239,240,241,242,244,245,246,247,249,250,251,252,254,255,255,255,255,255,255,255,255,255,255,255,255,255,255,255,255,255,255,255,255,255,255,255],""b"":[0,1,2,3,3,4,5,6,7,8,8,9,10,11,12,13,13,14,15,16,17,18,18,19,20,21,22,23,23,24,25,26,27,28,28,29,30,31,32,33,33,34,35,36,37,38,38,39,40,41,42,42,43,44,45,46,47,47,48,49,50,51,51,52,53,54,55,56,56,57,58,59,60,60,61,62,63,64,64,65,66,67,67,68,69,70,71,71,72,73,74,75,75,76,77,78,78,79,80,81,81,82,83,84,85,85,86,87,88,88,89,90,91,91,92,93,94,94,95,96,97,97,98,99,100,100,101,102,103,103,104,105,106,107,107,108,109,110,111,111,112,113,114,115,115,116,117,118,119,120,120,121,122,123,124,125,126,126,127,128,129,130,131,132,133,134,135,136,137,137,138,139,140,141,142,143,144,145,147,148,149,150,151,152,153,154,155,156,157,159,160,161,162,163,164,166,167,168,169,171,172,173,174,176,177,178,180,181,182,184,185,187,188,189,191,192,194,195,197,198,200,201,203,204,206,207,209,210,212,213,215,216,218,219,221,223,224,226,227,229,231,232,234,235,237,239,240,242,244,245,247,248,250,252,253,255]}}},{""name"":""blendWithColor"",""parameters"":{""color"":{""r"":248,""b"":204,""g"":86,""a"":255},""alpha"":0.2,""blendMode"":""overlay""}},{""name"":""contrast"",""parameters"":{""value"":1.1954554506}},{""name"":""gamma"",""parameters"":{""value"":0.9503692}}],""identifier"":""default12""}"
57,9,1,5,4,17,,,,Dean,default1,"{""displayName"":""Dean"",""processors"":[{""name"":""vignette"",""parameters"":{""color"":{""r"":0,""b"":0,""g"":0,""a"":204},""shape"":{""scaling"":""stretch"",""vignetteScale"":1},""blendMode"":""overlay""}},{""name"":""flare"",""parameters"":{""fScale"":1.6,""color"":{""r"":0,""b"":220,""g"":130,""a"":80},""dy"":0,""dsx"":1,""blendMode"":""overlay"",""type"":""blob2"",""dx"":0,""dsy"":1}},{""name"":""flare"",""parameters"":{""fScale"":1.08,""color"":{""r"":0,""b"":220,""g"":130,""a"":127},""dy"":0,""dsx"":1,""blendMode"":""overlay"",""type"":""cornerFlares"",""dx"":0,""dsy"":1}},{""name"":""flare"",""parameters"":{""fScale"":1.08,""color"":{""r"":0,""b"":0,""g"":0,""a"":127},""dy"":0,""dsx"":1,""blendMode"":""normal"",""type"":""cornerFlares"",""dx"":0,""dsy"":1}},{""name"":""colorMatrixTransform"",""parameters"":{""operations"":[{""value"":1.12,""operation"":""brightness""},{""value"":1.05,""operation"":""contrast""}]}},{""name"":""histogramMapping"",""parameters"":{""histMap"":{""r"":[0,0,1,1,1,2,2,2,3,3,4,4,4,5,5,5,6,6,7,7,7,8,8,9,9,10,10,11,11,12,12,13,14,14,15,15,16,17,17,18,19,19,20,21,22,23,23,24,25,26,27,28,29,29,30,31,32,33,34,35,36,37,38,39,41,42,43,44,45,46,47,48,50,51,52,53,54,56,57,58,59,61,62,63,65,66,67,69,70,71,73,74,75,77,78,79,81,82,84,85,87,88,89,91,92,94,95,97,98,100,101,102,104,105,107,108,110,111,113,114,116,117,119,120,122,123,125,126,128,129,131,132,134,135,137,138,140,141,143,144,146,147,149,150,151,153,154,156,157,159,160,162,163,165,166,167,169,170,172,173,174,176,177,178,180,181,183,184,185,186,188,189,190,192,193,194,195,197,198,199,200,202,203,204,205,206,207,208,210,211,212,213,214,215,216,217,218,219,220,221,222,223,224,225,226,226,227,228,229,230,231,231,232,233,234,234,235,236,236,237,238,238,239,240,240,241,241,242,242,243,244,244,245,245,246,246,247,247,248,248,248,249,249,250,250,251,251,252,252,252,253,253,254,254,255,255],""g"":[0,1,1,2,2,3,3,4,5,5,6,6,7,8,8,9,9,10,11,11,12,12,13,14,14,15,16,16,17,17,18,19,19,20,21,21,22,23,24,24,25,26,26,27,28,29,29,30,31,32,33,33,34,35,36,37,38,39,39,40,41,42,43,44,45,46,47,48,49,50,51,52,53,54,55,56,57,58,60,61,62,63,64,65,67,68,69,70,71,73,74,75,76,78,79,80,82,83,84,86,87,88,90,91,92,94,95,97,98,99,101,102,104,105,106,108,109,111,112,113,115,116,118,119,121,122,124,125,126,128,129,131,132,134,135,137,138,139,141,142,144,145,147,148,149,151,152,154,155,157,158,159,161,162,163,165,166,168,169,170,172,173,174,176,177,178,180,181,182,183,185,186,187,189,190,191,192,193,195,196,197,198,199,200,201,203,204,205,206,207,208,209,210,211,212,213,214,215,216,217,218,219,219,220,221,222,223,224,225,225,226,227,228,228,229,230,231,231,232,233,234,234,235,236,236,237,238,238,239,240,240,241,242,242,243,243,244,245,245,246,246,247,248,248,249,249,250,250,251,252,252,253,253,254,254,255],""b"":[0,0,0,0,0,0,0,0,0,0,0,0,0,0,0,0,0,0,0,0,0,0,0,0,2,3,5,6,8,9,11,13,14,16,17,19,21,22,24,25,27,28,30,31,33,35,36,38,39,41,42,44,45,47,49,50,52,53,55,56,58,59,61,62,64,65,67,68,70,71,73,74,76,77,79,80,81,83,84,86,87,89,90,91,93,94,96,97,98,100,101,103,104,105,107,108,109,111,112,113,115,116,117,118,120,121,122,124,125,126,127,128,130,131,132,133,134,136,137,138,139,140,141,142,144,145,146,147,148,149,150,151,152,153,154,155,156,157,158,159,160,161,162,163,164,165,166,167,167,168,169,170,171,172,173,173,174,175,176,177,177,178,179,180,181,181,182,183,184,184,185,186,186,187,188,188,189,190,190,191,192,192,193,194,194,195,196,196,197,197,198,199,199,200,200,201,202,202,203,203,204,204,205,206,206,207,207,208,208,209,209,210,210,211,211,212,212,213,213,214,214,215,215,216,216,217,217,218,218,218,219,219,220,220,221,221,222,222,223,223,223,224,224,225,225,226,226,227,227,227,228,228,229,229,230,230]}}}],""identifier"":""default1""}"
58,9,1,0,4,17,,,,Clyde,default5,"{""displayName"":""Clyde"",""processors"":[{""name"":""blendWithColor"",""parameters"":{""color"":{""r"":251,""b"":213,""g"":243,""a"":255},""alpha"":1,""blendMode"":""multiply""}},{""name"":""blendWithColor"",""parameters"":{""color"":{""r"":222,""b"":17,""g"":128,""a"":255},""alpha"":0.07000000000000001,""blendMode"":""multiply""}},{""name"":""vignette"",""parameters"":{""color"":{""r"":0,""b"":0,""g"":0,""a"":17},""shape"":{""scaling"":""stretch"",""shapeMode"":""sharp"",""vignetteScale"":0.75},""blendMode"":""multiply""}},{""name"":""vignette"",""parameters"":{""color"":{""r"":0,""b"":0,""g"":0,""a"":255},""shape"":{""scaling"":""stretch"",""vignetteScale"":0.82},""blendMode"":""overlay""}},{""name"":""flare"",""parameters"":{""fScale"":1.6,""color"":{""r"":255,""b"":255,""g"":255,""a"":51},""dy"":0,""dsx"":1,""blendMode"":""normal"",""type"":""blob2"",""dx"":0,""dsy"":1}},{""name"":""gamma"",""parameters"":{""value"":1.2}},{""name"":""colorMatrixTransform"",""parameters"":{""operations"":[{""value"":0.83,""operation"":""saturation""},{""value"":1.25,""operation"":""brightness""}]}}],""identifier"":""default5""}"
59,9,1,10,4,17,,,,Metropolis,default6,"{""displayName"":""Metropolis"",""processors"":[{""name"":""vignette"",""parameters"":{""color"":{""r"":0,""b"":0,""g"":0,""a"":229},""shape"":{""scaling"":""stretch"",""vignetteScale"":0.7},""blendMode"":""overlay""}},{""name"":""colorMatrixTransform"",""parameters"":{""operations"":[{""value"":0,""operation"":""saturation""}]}},{""name"":""gamma"",""parameters"":{""value"":0.7}},{""name"":""contrast"",""parameters"":{""value"":1.4}}],""identifier"":""default6""}"
60,9,1,9,4,17,,,,Sage,default13,"{""displayName"":""Sage"",""processors"":[{""name"":""histogramMapping"",""parameters"":{""histMap"":{""r"":[0,1,3,4,6,7,8,10,11,12,14,15,17,18,19,21,22,23,25,26,28,29,30,32,33,34,36,37,38,40,41,42,43,45,46,47,49,50,51,52,54,55,56,57,59,60,61,62,63,65,66,67,68,69,70,71,73,74,75,76,77,78,79,80,81,82,83,84,85,86,87,88,89,90,91,92,92,93,94,95,96,97,98,98,99,100,101,102,102,103,104,105,106,106,107,108,109,109,110,111,111,112,113,114,114,115,116,116,117,118,118,119,120,120,121,122,122,123,124,124,125,126,126,127,128,128,129,130,130,131,131,132,133,133,134,135,135,136,137,137,138,139,139,140,141,141,142,143,143,144,145,145,146,147,148,148,149,150,150,151,152,153,153,154,155,156,156,157,158,159,160,160,161,162,163,164,165,166,166,167,168,169,170,171,172,173,174,175,176,177,178,179,180,181,182,183,184,185,186,187,188,189,190,191,192,194,195,196,197,198,199,200,201,203,204,205,206,207,209,210,211,212,213,215,216,217,218,219,221,222,223,224,226,227,228,229,231,232,233,235,236,237,238,240,241,242,243,245,246,247,249,250,251,252,254,255],""g"":[18,19,20,21,21,22,23,24,25,26,27,27,28,29,30,31,32,33,34,34,35,36,37,38,39,40,40,41,42,43,44,45,46,46,47,48,49,50,51,52,53,53,54,55,56,57,58,59,59,60,61,62,63,64,65,65,66,67,68,69,70,71,71,72,73,74,75,76,77,78,78,79,80,81,82,83,84,84,85,86,87,88,89,90,90,91,92,93,94,95,96,97,97,98,99,100,101,102,103,103,104,105,106,107,108,109,109,110,111,112,113,114,115,115,116,117,118,119,120,121,122,122,123,124,125,126,127,128,128,129,130,131,132,133,134,134,135,136,137,138,139,140,141,141,142,143,144,145,146,147,147,148,149,150,151,152,153,153,154,155,156,157,158,159,159,160,161,162,163,164,165,166,166,167,168,169,170,171,172,172,173,174,175,176,177,178,178,179,180,181,182,183,184,185,185,186,187,188,189,190,191,191,192,193,194,195,196,197,197,198,199,200,201,202,203,203,204,205,206,207,208,209,210,210,211,212,213,214,215,216,216,217,218,219,220,221,222,222,223,224,225,226,227,228,229,229,230,231,232,233,234,235,235,236,237,238],""b"":[0,1,2,4,5,6,7,8,9,11,12,13,14,15,17,18,19,20,21,22,24,25,26,27,28,30,31,32,33,34,35,37,38,39,40,41,42,44,45,46,47,48,50,51,52,53,54,55,57,58,59,60,61,62,63,65,66,67,68,69,70,72,73,74,75,76,77,78,80,81,82,83,84,85,86,88,89,90,91,92,93,94,96,97,98,99,100,101,102,104,105,106,107,108,109,110,111,113,114,115,116,117,118,119,120,122,123,124,125,126,127,128,129,130,132,133,134,135,136,137,138,139,140,142,143,144,145,146,147,148,149,150,152,153,154,155,156,157,158,159,160,161,163,164,165,166,167,168,169,170,171,172,174,175,176,177,178,179,180,181,182,183,184,186,187,188,189,190,191,192,193,194,195,196,198,199,200,201,202,203,204,205,206,207,208,210,211,212,213,214,215,216,217,218,219,220,221,223,224,225,226,227,228,229,230,231,232,233,234,236,237,238,239,240,241,242,243,244,245,246,247,249,250,251,252,253,254,255,255,255,255,255,255,255,255,255,255,255,255,255,255,255,255,255,255,255,255,255,255,255,255,255,255,255,255,255]}}},{""name"":""flare"",""parameters"":{""fScale"":1,""color"":{""r"":255,""b"":255,""g"":255,""a"":127},""dy"":-0.3,""dsx"":1,""blendMode"":""overlay"",""type"":""gaussianThing3"",""dx"":0,""dsy"":1}},{""name"":""vignette"",""parameters"":{""color"":{""r"":0,""b"":0,""g"":0,""a"":193},""shape"":{""scaling"":""stretch"",""vignetteScale"":1.1},""blendMode"":""overlay""}},{""name"":""blendWithColor"",""parameters"":{""color"":{""r"":255,""b"":212,""g"":193,""a"":255},""alpha"":0.235,""blendMode"":""overlay""}}],""identifier"":""default13""}"
