revision,entity_pid,deleted,class,revision_type
30,-8122195630487018724,0,4,0
31,5642709550892712209,0,4,0
32,-4736811359891805313,0,4,0
33,1750565703927254080,0,4,0
34,4918349563045069951,0,4,0
35,7948666232179375218,0,4,0
36,6216081431083759127,0,4,0
37,-1419567435202199246,0,4,0
38,-1780577862345022164,0,4,0
39,-6467104555872950568,0,4,0
40,-916970085983248275,0,7,0
41,-7186630511435468995,0,2,0
42,5135558587853162036,0,5,0
43,-3296362253064820073,0,5,0
44,-2140114929440959739,0,5,0
45,237707674424480104,0,5,0
46,-8050334969916582895,0,3,0
47,8160736743350596435,0,3,0
48,-5024278388930694182,0,3,0
49,5210513344701874666,0,3,0
50,-7186630511435468995,0,2,1
51,-916970085983248275,0,7,1
106,3695841361665033566,0,4,0
107,-2571983146617495528,0,4,0
108,7876561163864795464,0,4,0
109,6506519900224878065,0,4,0
110,6362929122394377273,0,4,0
111,2180922260183674962,0,4,0
112,4056662685148377065,0,4,0
114,-1347743247299181074,0,4,0
115,3116800520732145062,0,4,0
116,-5530316684734802827,0,4,0
117,-843418921252434827,0,4,0
118,3263579393426175261,0,7,0
119,-8770436218729684734,0,2,0
120,-6535529242110794023,0,5,0
121,-6755210056765059598,0,5,0
122,-3512410463103431535,0,5,0
123,1029662957674678354,0,5,0
124,-2431665440414388059,0,5,0
125,-1348801489680375775,0,5,0
126,8018380017743302337,0,5,0
127,-1491805582817490444,0,5,0
128,2901921492775976754,0,5,0
129,6938266498156108817,0,5,0
130,2470166747444432068,0,5,0
131,-8770436218729684734,0,2,1
132,3263579393426175261,0,7,1
161,1460198860694426468,0,4,0
186,2183762469749791862,0,4,0
187,-4520249675603474017,0,4,0
188,1675800935155293472,0,4,0
189,-1851256114677890351,0,4,0
190,-1854862544761276171,0,4,0
191,7658081891764310635,0,4,0
192,-1924820292095165215,0,4,0
193,3911552463995727584,0,4,0
194,5710880676784132862,0,4,0
195,-3296016581364399705,0,4,0
196,4417840619626707879,0,4,0
197,-7836177529034084946,0,4,0
198,-2933575887664135521,0,4,0
199,2542151150475797797,0,4,0
200,2543603297051529457,0,4,0
201,4630402575989876701,0,7,0
202,381469219904215510,0,2,0
203,8089479700516397825,0,3,0
205,381469219904215510,0,2,1
206,4630402575989876701,0,7,1
233,-2502508276359474986,0,4,0
234,-1203184995005853257,0,7,0
235,5782662620773110489,0,2,0
236,6723206215465898856,0,5,0
237,1677678834103899714,0,5,0
238,-3511096292111904352,0,5,0
239,-4445329240694774277,0,5,0
240,-2212171327765534491,0,5,0
241,-4881017788425770868,0,5,0
242,7802375481404687946,0,5,0
243,1028173780065415865,0,5,0
244,-4880376468931441201,0,5,0
245,2830771402429119825,0,5,0
246,1462542870573386351,0,5,0
247,2111966536109256348,0,3,0
395,-2934922011615056669,0,7,0
396,-5311663756696429970,0,2,0
414,-1203753521395192261,0,7,0
415,7657354201932466964,0,2,0
422,-1204099278524521384,0,7,0
423,4990677875999079286,0,2,0
426,8103097208985786449,0,0,0
427,4633653002298309127,0,4,0
428,8103097208985786449,0,0,1
430,-2068357526398769971,0,7,0
431,-3798550159000800818,0,2,0
434,4195528865379591282,0,0,0
435,1319350586710049921,0,4,0
758,9111574466154398660,0,0,0
763,7541055007190749009,1,0,0
765,6834521314832366794,0,0,0
766,6834521314832366795,0,0,0
767,6834521314832366796,0,0,0
768,6834521314832366797,0,0,0
769,6834521314832366798,0,0,0
770,6834521314832366799,0,0,0
771,6834521314832366800,0,0,0
772,6834521314832366801,0,0,0
773,6834521314832366802,0,0,0
774,6834521314832366803,0,0,0
775,6834521314832366804,0,0,0
776,6834521314832366805,0,0,0
777,6834521314832366806,0,0,0
778,6834521314832366807,0,0,0
779,6834521314832366808,0,0,0
780,6834521314832366809,0,0,0
781,6834521314832366810,0,0,0
782,6834521314832366811,0,0,0
783,6834521314832366812,0,0,0
784,6834521314832366813,0,0,0
785,6834521314832366814,0,0,0
786,6834521314832366815,0,0,0
787,6834521314832366816,0,0,0
788,6834521314832366817,0,0,0
789,6834521314832366818,0,0,0
790,6834521314832366819,0,0,0
791,6834521314832366820,0,0,0
792,6834521314832366821,0,0,0
793,6834521314832366822,0,0,0
794,6834521314832366823,0,0,0
795,6834521314832366824,0,0,0
796,6834521314832366825,0,0,0
797,6834521314832366826,0,0,0
799,6834521314832366828,0,0,0
800,6834521314832366829,0,0,0
803,3431630958729038012,0,0,0
1153,-1852260461303972273,0,7,0
1154,4056614246023062113,0,7,0
1155,6577190789827859814,0,7,0
1156,1532275605161507488,0,7,0
1157,-4230190234083603936,0,7,0
1158,5496803044489322034,0,7,0
1159,-3006636654333259820,0,7,0
1160,-6682414854125614576,0,7,0
1161,-7475086870212525961,0,7,0
1162,740594599022910649,0,7,0
1163,-5453976626919415258,0,7,0
1164,4918499635156609013,0,7,0
1165,-2645813319354191171,0,7,0
1166,5930322628038146924,0,7,0
1167,-918064615598628735,0,7,0
1168,6938940756111025774,0,7,0
1169,6650585864948060665,0,7,0
1170,7657999743573553953,0,7,0
1171,-51968094159520643,0,7,0
1172,-845360451349555499,0,7,0
1173,-4086601636319357070,0,7,0
1174,-3797512486274524160,0,7,0
1175,1678237594508950240,0,7,0
1176,8740387076789729682,0,7,0
1177,-3367727425228220089,0,7,0
1178,7874834393024845596,0,7,0
1179,-2789272208028245956,0,7,0
1180,4847386867827559460,0,7,0
1181,-5527360364188314431,0,7,0
1182,1891784062756436355,0,7,0
1183,-3078671822921119689,0,7,0
1184,2756713722067035888,0,7,0
1185,5569121256357013013,0,7,0
1186,5423989912973924816,0,7,0
1187,4777082838122859691,0,7,0
1188,-2935962991418597235,0,7,0
1189,3839222188236725483,0,7,0
1190,-1133429523376404452,0,7,0
1191,-2790371017976380488,0,7,0
1192,-7042932184097713607,0,7,0
1193,1390840859133449002,0,7,0
1194,307311092980372619,0,7,0
1195,4486175036088991798,0,7,0
1196,-8844752683176185954,0,7,0
1197,8017463146987692274,0,7,0
1198,-51581074898160043,0,7,0
1199,5422827528824752130,0,7,0
1200,2254589709196878452,0,7,0
1201,8740438302053182595,0,7,0
1202,5424320759404989970,0,7,0
1203,-8840865074269272400,0,7,0
1204,-5889952695185321702,0,7,0
1205,-124143304545748601,0,7,0
1206,-701300103472498916,0,7,0
1207,-3725530826037350616,0,7,0
1208,3622381254735005190,0,7,0
1209,-1132639252615808314,0,7,0
1210,-1635719693565585206,0,7,0
1211,2253770807048711426,0,7,0
1212,-4085500989884179234,0,7,0
1213,-1997699590940040715,0,7,0
1214,-9203764736849277708,0,7,0
1215,-987342983042166022,0,7,0
1216,3408514511500841132,0,7,0
1217,7224168053456089654,0,7,0
1218,4056879418357309445,0,7,0
1219,5498345057592635623,0,7,0
1220,8378530852178761397,0,7,0
1221,-8124482956107243148,0,7,0
1222,-1133358272478098610,0,7,0
1223,3695399016875984420,0,7,0
1224,1822602041266911724,0,7,0
1225,-4950701530143841047,0,7,0
1226,-8769889143432183282,0,7,0
1227,-7257623055771996677,0,7,0
1228,-2286790395614695585,0,7,0
1229,-7545400873080997889,0,7,0
1230,-7907624537481772517,0,7,0
1231,7297964771465337667,0,7,0
1232,2615943499875563201,0,7,0
1233,-6394807481694496478,0,7,0
1234,9028382689579269802,0,7,0
1235,-2862034186513313600,0,7,0
1236,2543824287287438700,0,7,0
1237,-6034204693431065851,0,7,0
1238,-1996483438584872130,0,7,0
1239,4991439771102199108,0,7,0
1240,-843302685324142334,0,7,0
1241,1967755118930526742,0,7,0
1242,2542798634269488161,0,7,0
1243,-8912655748822568475,0,7,0
1244,18720627753489676,0,7,0
1245,379085584780898853,0,7,0
1246,-2575904626223118146,0,7,0
1247,5498113812887919296,0,2,0
1248,6793961165150742226,0,2,0
1249,7874871231798113398,0,2,0
1250,8521405002200643083,0,2,0
1251,7656446282540616219,0,2,0
1252,-5527396071361341347,0,2,0
1253,-3078512884138837176,0,2,0
1254,6362056306105238877,0,2,0
1255,3048209325493916481,0,2,0
1256,6649943280756332819,0,2,0
1257,-3440537563798757459,0,2,0
1258,1535137274782721374,0,2,0
1259,-2932480812751549228,0,2,0
1260,-3942214056266055487,0,2,0
1261,-6249228590701222714,0,2,0
1262,6577403789595358758,0,2,0
1263,-6247288823855887357,0,2,0
1264,1027936452957177418,0,2,0
1265,7153037178987511034,0,2,0
1266,3260825957236591546,0,2,0
1267,5569692295981805726,0,2,0
1268,-626230155824911139,0,2,0
1269,-8194482586557789967,0,2,0
1270,-4951018114657858524,0,2,0
1271,-3220815832066871697,0,2,0
1272,3766065970867904672,0,2,0
1273,-8122207692811076257,0,2,0
1274,-1638428631202886603,0,2,0
1275,5281819502369083199,0,2,0
1276,-7691808369855467587,0,2,0
1277,-2503761684223360596,0,2,0
1278,-7834395660147510186,0,2,0
1279,6577909742483587658,0,2,0
1280,2542754665006356767,0,2,0
1281,8451374234440292737,0,2,0
1282,-7474324310117972096,0,2,0
1283,958672245739683423,0,2,0
1284,-6463507038775854977,0,2,0
1285,8737686907004165052,0,2,0
1286,-8915555500530880612,0,2,0
1287,1243954019272229451,0,2,0
1288,-4952331007150035642,0,2,0
1289,1750919235079846139,0,2,0
1290,-3148544830208502386,0,2,0
1291,-8698626260020093178,0,2,0
1292,-4809559458126180205,0,2,0
1293,-5456574838490593451,0,2,0
1294,8451799933367933234,0,2,0
1295,-5310829185369204248,0,2,0
1296,4054820118845943893,0,2,0
1297,7803698162868524193,0,2,0
1298,4125828301572920729,0,2,0
1299,1532002085524841687,0,2,0
1300,8377746997830503425,0,2,0
1301,-2211988359880043288,0,2,0
1302,597740005727627626,0,2,0
1303,4992406767707211266,0,2,0
1304,-2139262550811742936,0,2,0
1305,3550636864604579125,0,2,0
1306,1820999809132358006,0,2,0
1307,19521640169017066,0,2,0
1308,-6031653253235806004,0,2,0
1309,1243346240238451156,0,2,0
1310,4991573655022523261,0,2,0
1311,-8626313782604318604,0,2,0
1312,7440053483275592588,0,2,0
1313,-6895901243346599395,0,2,0
1314,3548921792283213149,0,2,0
1315,8451581751552816424,0,2,0
1316,-629546770821952432,0,2,0
1317,6218540896471444143,0,2,0
1318,-6682991292751313948,0,2,0
1319,-773161009448746233,0,2,0
1320,-6898938064655782495,0,2,0
1321,164112524110172586,0,2,0
1322,-485727149413535646,0,2,0
1323,-5602331284242500124,0,2,0
1324,3192398568526032025,0,2,0
1325,-3945130849721599388,0,2,0
1326,-700216785949014552,0,2,0
1327,4919407284403282585,0,2,0
1328,-7112419235696369869,0,2,0
1329,4778001899891955393,0,2,0
1330,-5310564315995264780,0,2,0
1331,-554427958353958146,0,2,0
1332,7299967692881495725,0,2,0
1333,-6753389942540449675,0,2,0
1334,-5382760933218563802,0,2,0
1335,-8626079660653545326,0,2,0
1336,-4950255469337111856,0,2,0
1337,-3292246759451321924,0,2,0
1338,-5311633851135429549,0,2,0
1339,90959571780392738,0,2,0
1340,6360423848601748071,0,2,0
1341,-7760424196711317182,0,2,0
1342,5639351557341440206,0,2,0
1343,1964324915113063086,0,2,0
1344,8883001043601265026,0,2,0
1345,20934063671946838,0,5,0
1346,-3728527959492194523,0,5,0
1347,6072337108185379698,0,5,0
1348,-699611720604447546,0,5,0
1349,-6824779772762731655,0,5,0
1350,1387752974301008260,0,5,0
1351,4701909932550292056,0,5,0
1352,3622650062152505299,0,5,0
1353,-846265946406003652,0,5,0
1354,-3656501042802465841,0,5,0
1355,8956748330253622067,0,5,0
1356,-5598259805032910013,0,5,0
1357,1461089566037569329,0,5,0
1358,309374378338132530,0,5,0
1359,885817318217957576,0,5,0
1360,-50770831684987164,0,5,0
1361,9098722577815718677,0,5,0
1362,4273172429642742289,0,5,0
1363,-484694523350583354,0,5,0
1364,5065098256301406884,0,5,0
1365,7731697377713538857,0,5,0
1366,-4448235350663415610,0,5,0
1367,2544041884633648053,0,5,0
1368,-1422503041942348425,0,5,0
1369,-2861140010022592667,0,5,0
1370,-9129973164828552995,0,5,0
1371,4488616012205954052,0,5,0
1372,5207341196926341086,0,5,0
1373,7730107089885120607,0,5,0
1374,1461922631682505949,0,5,0
1375,-6537381526754561159,0,5,0
1376,-2860846271494844462,0,5,0
1377,1318662004648032895,0,5,0
1378,7083649056874087023,0,5,0
1379,-1566113317740672244,0,5,0
1380,8811658738821165538,0,5,0
1381,5641530262657909586,0,5,0
1382,-6463683558456388734,0,5,0
1383,4485973069418606161,0,5,0
1384,6503664389045254411,0,5,0
1385,-5815148422672232975,0,5,0
1386,-8267678784469077083,0,5,0
1387,7516159122447798371,0,5,0
1388,-6539075640788833040,0,5,0
1389,-1638869321446079853,0,5,0
1390,1748697778267354967,0,5,0
1391,-5746541868038984881,0,5,0
1392,-3437241395722110226,0,5,0
1393,1822310631648724636,0,5,0
1394,-5240720412069598466,0,5,0
1395,-1636926298494305732,0,5,0
1396,-916131703176607623,0,5,0
1397,6579705222309285315,0,5,0
1398,5639965721706977103,0,5,0
1399,-266382237554456154,0,5,0
1400,5711516559433930689,0,5,0
1401,-4088390607145302477,0,5,0
1402,4702953401684166401,0,5,0
1403,-50674447778084780,0,5,0
1404,-7834288456601056626,0,5,0
1405,4486043318710035823,0,5,0
1406,450407153202121929,0,5,0
1407,-52688126541208130,0,5,0
1408,-6680128486960023700,0,5,0
1409,-8627252809988268597,0,5,0
1410,-3726425487385478796,0,5,0
1411,5496033892512613276,0,5,0
1412,8666111246287566863,0,5,0
1413,1101908937896059111,0,5,0
1414,-7400715086873785167,0,5,0
1415,7659408193068982632,0,5,0
1416,-8195024367406564317,0,5,0
1417,2327885125939563513,0,5,0
1418,4632628775809288661,0,5,0
1419,1102291258604280809,0,5,0
1420,-7472974130480022689,0,5,0
1421,2037173955552374696,0,5,0
1422,-1710160108149616056,0,5,0
1423,8377899314360239027,0,5,0
1424,4055447358864425681,0,5,0
1425,-2430226693178524922,0,5,0
1426,4557757273635557833,0,5,0
1427,1101167115735081738,0,5,0
1428,-6102377912038868988,0,5,0
1429,-2718867662332301661,0,5,0
1430,5207654056070242315,0,5,0
1431,-2287793138545089531,0,5,0
1432,-2359701954840762181,0,5,0
1433,6936778808590539122,0,5,0
1434,1966455904171611658,0,5,0
1435,3696344148460821947,0,5,0
1436,-4517815329023854081,0,5,0
1437,-8050658053820832942,0,5,0
1438,-414229407204752193,0,5,0
1439,-1996284635310756738,0,5,0
1440,1532676548806170325,0,5,0
1441,-1782102681753485022,0,5,0
1443,6866650834141154059,0,5,0
1444,-9060386095815124544,0,5,0
1445,6793387656683419856,0,5,0
1446,-269116213445079557,0,5,0
1447,3480865946588549776,0,5,0
1448,3551188069059246663,0,5,0
1449,2037120650296944117,0,5,0
1450,3910063507842243532,0,5,0
1451,-2719246062502823582,0,3,0
1452,-5167168335793280110,0,3,0
1453,450473211600865543,0,3,0
1454,-6682586349049903090,0,3,0
1455,7154480521592735382,0,3,0
1456,7370937804708437421,0,3,0
1457,-3437235471323396325,0,3,0
1458,4414490868835619762,0,3,0
1459,-8626317066652627889,0,3,0
1598,-5310829185369204248,0,2,1
1599,5422827528824752130,0,7,1
1600,-5453976626919415258,0,7,1
1601,1535137274782721374,0,2,1
1603,-8769889143432183282,0,7,1
1604,3192398568526032025,0,2,1
1606,-1133429523376404452,0,7,1
1607,8737686907004165052,0,2,1
1608,-9203764736849277708,0,7,1
1609,4991573655022523261,0,2,1
1610,-7545400873080997889,0,7,1
1611,4919407284403282585,0,2,1
1613,-7691808369855467587,0,2,1
1614,-5527360364188314431,0,7,1
1616,-5456574838490593451,0,2,1
1617,8017463146987692274,0,7,1
1620,3300013925658268595,0,0,1
1621,3300013925658268600,0,0,1
1622,3300013925658268606,0,0,1
1623,3300013925658268611,0,0,1
1624,-6895901243346599395,0,2,1
1625,-987342983042166022,0,7,1
1626,5423989912973924816,0,7,1
1627,8451374234440292737,0,2,1
1628,3300013925658268609,0,0,1
1629,-6031653253235806004,0,2,1
1630,-4085500989884179234,0,7,1
1631,-2211988359880043288,0,2,1
1632,-124143304545748601,0,7,1
1634,-5310564315995264780,0,2,1
1635,2615943499875563201,0,7,1
1637,-2503761684223360596,0,2,1
1638,1891784062756436355,0,7,1
1639,-2286790395614695585,0,7,1
1640,-700216785949014552,0,2,1
1641,-3220815832066871697,0,2,1
1642,8740387076789729682,0,7,1
1793,-3942214056266055487,0,2,1
1794,-2645813319354191171,0,7,1
1795,-3148544830208502386,0,2,1
1796,307311092980372619,0,7,1
1797,-51581074898160043,0,7,1
1798,8451799933367933234,0,2,1
1799,-3367727425228220089,0,7,1
1800,3766065970867904672,0,2,1
1801,4334992639745348075,0,0,1
1802,4334992639745348081,0,0,1
1803,-4951018114657858524,0,2,1
1804,1678237594508950240,0,7,1
1805,-2789272208028245956,0,7,1
1806,-1638428631202886603,0,2,1
1807,1359453492144287587,0,0,1
1809,-918064615598628735,0,7,1
1810,6577403789595358758,0,2,1
1811,3408514511500841132,0,7,1
1812,3548921792283213149,0,2,1
1813,4334992639745348080,0,0,1
1814,4334992639745348095,0,0,1
1815,-8124482956107243148,0,7,1
1816,-773161009448746233,0,2,1
1817,-5602331284242500124,0,2,1
1818,-4950701530143841047,0,7,1
1820,2111966536109256348,0,3,1
1822,4778001899891955393,0,2,1
1823,7297964771465337667,0,7,1
1826,1359453492144287596,0,0,1
1827,7224168053456089654,0,7,1
1828,8451581751552816424,0,2,1
1833,1243954019272229451,0,2,1
1834,164112524110172586,0,2,1
1835,3695399016875984420,0,7,1
1836,-8840865074269272400,0,7,1
1837,1532002085524841687,0,2,1
1840,1390840859133449002,0,7,1
1841,7440053483275592588,0,2,1
1842,7656446282540616219,0,2,1
1845,-1132639252615808314,0,7,1
1846,3550636864604579125,0,2,1
1847,7153037178987511034,0,2,1
1848,7657999743573553953,0,7,1
1851,1027936452957177418,0,2,1
1852,6650585864948060665,0,7,1
1853,-8626079660653545326,0,2,1
1854,-6034204693431065851,0,7,1
1857,19521640169017066,0,2,1
1858,2253770807048711426,0,7,1
1859,1359453492144287600,0,0,1
1865,-5382760933218563802,0,2,1
1866,2543824287287438700,0,7,1
1867,-843302685324142334,0,7,1
1868,6834521314832366794,0,0,1
1869,6834521314832366795,0,0,1
1870,6834521314832366796,0,0,1
1871,6834521314832366797,0,0,1
1872,6834521314832366798,0,0,1
1873,6834521314832366799,0,0,1
1874,6834521314832366800,0,0,1
1875,6834521314832366801,0,0,1
1876,6834521314832366802,0,0,1
1877,6834521314832366803,0,0,1
1878,6834521314832366804,0,0,1
1879,6834521314832366805,0,0,1
1880,6834521314832366806,0,0,1
1881,6834521314832366807,0,0,1
1882,6834521314832366808,0,0,1
1883,6834521314832366809,0,0,1
1884,6834521314832366810,0,0,1
1885,6834521314832366811,0,0,1
1886,6834521314832366812,0,0,1
1887,6834521314832366813,0,0,1
1888,6834521314832366814,0,0,1
1889,6834521314832366815,0,0,1
1890,6834521314832366816,0,0,1
1891,6834521314832366817,0,0,1
1892,6834521314832366818,0,0,1
1893,6834521314832366819,0,0,1
1894,6834521314832366820,0,0,1
1895,6834521314832366821,0,0,1
1896,6834521314832366822,0,0,1
1897,6834521314832366823,0,0,1
1898,6834521314832366824,0,0,1
1899,6834521314832366825,0,0,1
1900,6834521314832366826,0,0,1
1902,6834521314832366828,0,0,1
1903,6834521314832366829,0,0,1
1904,-6753389942540449675,0,2,1
1905,-2862034186513313600,0,7,1
1906,-1997699590940040715,0,7,1
1907,1243346240238451156,0,2,1
1910,-8844752683176185954,0,7,1
1911,-4809559458126180205,0,2,1
1916,3300013925658268599,0,0,1
1917,3300013925658268605,0,0,1
1918,3300013925658268615,0,0,1
1919,-2575904626223118146,0,7,1
1920,8883001043601265026,0,2,1
1923,-5889952695185321702,0,7,1
1924,8377746997830503425,0,2,1
1925,1750919235079846139,0,2,1
1926,4056614246023062113,0,7,1
1927,6793961165150742226,0,2,1
1929,-7042932184097713607,0,7,1
1930,-4952331007150035642,0,2,1
1932,-6682991292751313948,0,2,1
1933,8378530852178761397,0,7,1
1935,2542754665006356767,0,2,1
1936,5569121256357013013,0,7,1
1939,-51968094159520643,0,7,1
1940,3260825957236591546,0,2,1
1941,-8698626260020093178,0,2,1
1942,4486175036088991798,0,7,1
1943,7299967692881495725,0,2,1
1944,9028382689579269802,0,7,1
1950,-8915555500530880612,0,2,1
1951,-2790371017976380488,0,7,1
1952,4847386867827559460,0,7,1
1953,5281819502369083199,0,2,1
1955,-629546770821952432,0,2,1
1956,4056879418357309445,0,7,1
1958,-7257623055771996677,0,7,1
1959,-3945130849721599388,0,2,1
1961,-2935962991418597235,0,7,1
1962,958672245739683423,0,2,1
1963,-5311633851135429549,0,2,1
1966,-7475086870212525961,0,7,1
1967,6649943280756332819,0,2,1
1968,3300013925658268612,0,0,1
1969,5498345057592635623,0,7,1
1970,6218540896471444143,0,2,1
1971,-6898938064655782495,0,2,1
1972,-1133358272478098610,0,7,1
1973,3300013925658268616,0,0,1
1974,3300013925658268598,0,0,1
1975,3300013925658268602,0,0,1
1976,3300013925658268604,0,0,1
1977,4334992639745348076,0,0,1
1978,4334992639745348087,0,0,1
1979,-4950255469337111856,0,2,1
1980,-1996483438584872130,0,7,1
1981,-8626313782604318604,0,2,1
1982,4334992639745348074,0,0,1
1983,4334992639745348078,0,0,1
1984,4334992639745348082,0,0,1
1985,7803698162868524193,0,2,1
1986,8740438302053182595,0,7,1
1987,-3292246759451321924,0,2,1
1988,4991439771102199108,0,7,1
1989,1532275605161507488,0,7,1
1990,8521405002200643083,0,2,1
1991,-8912655748822568475,0,7,1
1992,-7760424196711317182,0,2,1
1993,1359453492144287601,0,0,1
1996,18720627753489676,0,7,1
1997,5639351557341440206,0,2,1
1998,379085584780898853,0,7,1
1999,1964324915113063086,0,2,1
2000,-5527396071361341347,0,2,1
2001,5496803044489322034,0,7,1
2002,2756713722067035888,0,7,1
2003,6577909742483587658,0,2,1
2004,-1635719693565585206,0,7,1
2005,1820999809132358006,0,2,1
2006,-6247288823855887357,0,2,1
2007,6938940756111025774,0,7,1
2008,-8194482586557789967,0,2,1
2009,-3797512486274524160,0,7,1
2010,-6249228590701222714,0,2,1
2011,5930322628038146924,0,7,1
2012,3300013925658268607,0,0,1
2013,3300013925658268614,0,0,1
2016,-2139262550811742936,0,2,1
2017,3622381254735005190,0,7,1
2018,-8122207692811076257,0,2,1
2019,7874834393024845596,0,7,1
2020,-701300103472498916,0,7,1
2021,597740005727627626,0,2,1
2022,2254589709196878452,0,7,1
2023,4054820118845943893,0,2,1
2024,-7907624537481772517,0,7,1
2025,-7112419235696369869,0,2,1
2027,-7834395660147510186,0,2,1
2028,-3078671822921119689,0,7,1
2030,-4086601636319357070,0,7,1
2031,-626230155824911139,0,2,1
2034,-845360451349555499,0,7,1
2035,5569692295981805726,0,2,1
2036,-3725530826037350616,0,7,1
2037,4992406767707211266,0,2,1
2038,-6682414854125614576,0,7,1
2039,3048209325493916481,0,2,1
2040,-6394807481694496478,0,7,1
2041,-554427958353958146,0,2,1
2044,-2932480812751549228,0,2,1
2045,4918499635156609013,0,7,1
2046,-3006636654333259820,0,7,1
2047,6362056306105238877,0,2,1
2050,2542798634269488161,0,7,1
2051,6360423848601748071,0,2,1
2052,4125828301572920729,0,2,1
2053,5424320759404989970,0,7,1
2054,3300013925658268601,0,0,1
2055,-6463507038775854977,0,2,1
2056,3839222188236725483,0,7,1
2062,3300013925658268597,0,0,1
2069,3300013925658268594,0,0,1
2078,1359453492144287589,0,0,1
2079,1359453492144287593,0,0,1
2080,1359453492144287581,0,0,1
2081,1359453492144287585,0,0,1
2082,1359453492144287592,0,0,1
2083,1359453492144287595,0,0,1
2085,1359453492144287583,0,0,1
2086,1359453492144287586,0,0,1
2088,1359453492144287605,0,0,1
2092,1359453492144287598,0,0,1
2093,3300013925658268610,0,0,1
2094,3300013925658268608,0,0,1
2101,4334992639745348089,0,0,1
2102,4334992639745348093,0,0,1
2104,4334992639745348088,0,0,1
2105,4334992639745348092,0,0,1
2106,4334992639745348097,0,0,1
2109,4334992639745348079,0,0,1
2110,4334992639745348084,0,0,1
2111,1359453492144287599,0,0,1
2112,1359453492144287603,0,0,1
2115,1359453492144287597,0,0,1
2116,1359453492144287591,0,0,1
2122,4334992639745348098,0,0,1
2126,4334992639745348083,0,0,1
2127,4334992639745348085,0,0,1
2128,4334992639745348090,0,0,1
2129,4334992639745348094,0,0,1
2130,1359453492144287584,0,0,1
2131,1359453492144287588,0,0,1
2132,1359453492144287590,0,0,1
2133,1359453492144287594,0,0,1
2140,4334992639745348077,0,0,1
2141,4334992639745348086,0,0,1
2142,4334992639745348091,0,0,1
2143,4334992639745348096,0,0,1
2144,3300013925658268603,0,0,1
2145,3300013925658268596,0,0,1
2146,3300013925658268613,0,0,1
2206,-1203184995005853257,0,7,1
2207,5782662620773110489,0,2,1
2455,-8264550377469268307,0,4,0
2501,-2285307219062294185,0,4,0
2528,2398106908599173306,0,4,0
2547,3552055037605238008,0,4,0
2583,-1059090486099995362,0,1,1
2584,5208870598020922045,0,1,1
2596,8877232900939930978,0,0,1
2620,-4377212580595496002,0,1,1
2830,1069914036122583998,1,0,0
2831,2038291582617965147,1,0,0
2832,4355286288530735584,1,0,0
2833,4838018981617013012,1,0,0
2834,7436134669317922953,1,0,0
2835,8276770322585949113,1,0,0
2894,160265811790124211,1,0,0
3020,-8553443053114764907,2,4,0
3021,-8266927789239406134,2,4,0
3022,-7979918552466669909,2,4,0
3023,-6895615265158903588,2,4,0
3024,-5310221045697462201,2,4,0
3025,-3221278044897591848,2,4,0
3026,-2430029248606618599,2,4,0
3027,-339247671413062174,2,4,0
3028,-194701530561407454,2,4,0
3029,308302222090870158,2,4,0
3030,2254934936330450435,2,4,0
3031,2758500410488068511,2,4,0
3032,2904624407795082666,2,4,0
3033,8162370239322234561,2,4,0
3034,9025807955410653989,2,4,0
3035,-4303688432321397228,2,7,0
3036,-4881261913995520809,2,2,0
3273,6487373572854071777,1,0,0
3277,1964257710245392778,0,7,0
3278,2039237529461601464,0,2,0
3281,2782872375250988681,0,0,0
3283,6577190789827859814,0,7,1
3284,7874871231798113398,0,2,1
3285,-7474324310117972096,0,2,1
3286,-1852260461303972273,0,7,1
3287,4777082838122859691,0,7,1
3288,5498113812887919296,0,2,1
3289,-485727149413535646,0,2,1
3290,1822602041266911724,0,7,1
3291,-3078512884138837176,0,2,1
3324,5095894701845146737,0,0,0
3356,6547747727934431728,0,0,0
3537,-7114365713724790685,0,7,0
3538,1174556154783447425,0,2,0
3539,-7690962248114225746,0,5,0
3574,8877232900939931015,0,0,0
3599,8877232900939930978,0,0,0
3758,7587119357056364892,0,5,0
3759,-7114365713724790685,0,7,1
3760,1174556154783447425,0,2,1
3761,90959571780392738,0,2,1
3762,1967755118930526742,0,7,1
3804,8877232900939931015,0,0,1
3913,2702350162809245778,1,0,0
3914,4341646428478918688,1,0,0
3915,4838531126524263236,1,0,0
3916,6748540953544972457,1,0,0
3917,8217443843343185351,1,0,0
3918,8984052748010334224,1,0,0
4150,428101466780230389,1,0,0
4151,2297931880597281748,1,0,0
4152,5051656808935424585,1,0,0
4153,2134401057110257627,1,0,0
4158,4077364913164973727,0,0,0
4175,-2503949780514268938,0,4,0
4232,9037246110081599949,0,0,0
4242,5754762387447453681,0,0,0
4252,-988430404822598818,0,4,0
4255,2769733731893192032,0,0,0
4262,8740175579766250420,1,0,0
4267,2835056156909507428,0,0,0
4276,5653295474666422846,0,0,0
4502,8019581199723849551,0,2,0
4503,-8697225365496064172,0,5,0
4504,-4160931394937765666,0,5,0
4505,1319124275791838472,0,5,0
4506,2468762892632302397,0,5,0
4507,6791850520242336188,0,5,0
4512,-3440537563798757459,0,2,1
4513,740594599022910649,0,7,1
4522,6834521314832366827,0,0,1
4523,6834521314832366827,0,0,0
4555,6290048071707679568,0,1,0
5310,1675494059300644005,0,1,1
5311,-9060331716132026793,0,4,0
5312,-9057418763699488233,0,4,0
5313,-8841921732739249480,0,4,0
5314,-8339019300479027927,0,4,0
5315,-8123475510356265662,0,4,0
5316,-7905897216244955310,0,4,0
5317,-7904572667301682577,0,4,0
5318,-7618049224813155103,0,4,0
5319,-7547059102605116524,0,4,0
5320,-7544214921200209512,0,4,0
5321,-7257306463938572833,0,4,0
5322,-6827413499642332331,0,4,0
5323,-6754157295869670438,0,4,0
5324,-6754150025742438034,0,4,0
5325,-6752545683311032583,0,4,0
5326,-6465972901709356968,0,4,0
5327,-6247430921325323415,0,4,0
5328,-6034643974505771060,0,4,0
5329,-6033776937511470728,0,4,0
5330,-6032699752306558015,0,4,0
5331,-5961240219523965861,0,4,0
5332,-5744952359274489274,0,4,0
5333,-5673499489838205037,0,4,0
5334,-5529659990536211171,0,4,0
5335,-5383597369402451714,0,4,0
5336,-5382387732180701630,0,4,0
5337,-5311501498595550223,0,4,0
5338,-5240606167723926760,0,4,0
5339,-5167061996635449597,0,4,0
5340,-4158095399933097691,0,4,0
5341,-4085407640876751661,0,4,0
5342,-3870806853589176257,0,4,0
5343,-3868911372303877761,0,4,0
5344,-3798273578451745872,0,4,0
5345,-3582972272388508041,0,4,0
5346,-3437897401010765705,0,4,0
5347,-3151880809542385744,0,4,0
5348,-3006020762268250843,0,4,0
5349,-3004057524888384793,0,4,0
5350,-2717313629011937137,0,4,0
5351,-2572759849181209859,0,4,0
5352,-2502524872454707288,0,4,0
5353,-2357365656031832061,0,4,0
5354,-2355685805145727199,0,4,0
5355,-2286128110247540619,0,4,0
5356,-1998589554392368441,0,4,0
5357,-1996996983953312366,0,4,0
5358,-1636594559241745864,0,4,0
5359,-1206380156689412648,0,4,0
5360,-1202634409132308245,0,4,0
5361,-917962851877069801,0,4,0
5362,-916557256706997981,0,4,0
5363,-774238351851397970,0,4,0
5364,-770933185172204640,0,4,0
5365,-486306197030665214,0,4,0
5366,-269567534705551738,0,4,0
5367,-125669727915126687,0,4,0
5368,-122681821935143667,0,4,0
5369,19642857465188996,0,4,0
5370,236082427479925773,0,4,0
5371,307651935199956275,0,4,0
5372,598054161317062270,0,4,0
5373,738952110919224630,0,4,0
5374,739632485694754196,0,4,0
5375,1171425149711111440,0,4,0
5376,1174125062189917867,0,4,0
5377,1244038931984667848,0,4,0
5378,1315923758290726175,0,4,0
5379,1535123977841975784,0,4,0
5380,2541372560540967713,0,4,0
5381,2615489117761201767,0,4,0
5382,2829533596440703506,0,4,0
5383,2832615959135194321,0,4,0
5384,2902125539407008128,0,4,0
5385,2973596834377205113,0,4,0
5386,2973905178805207814,0,4,0
5387,2976244748889807594,0,4,0
5388,3190528924371007772,0,4,0
5389,3263306053720699603,0,4,0
5390,3263525185872676417,0,4,0
5391,3332902211459834252,0,4,0
5392,3334887804892503233,0,4,0
5393,3335501600286086658,0,4,0
5394,3406025071780464652,0,4,0
5395,3551901619682714331,0,4,0
5396,3912805249630530763,0,4,0
5397,4056545034206206027,0,4,0
5398,4126373718846944321,0,4,0
5399,4343242007734395939,0,4,0
5400,4344165460194483181,0,4,0
5401,4633402721265631534,0,4,0
5402,4702569837061880944,0,4,0
5403,4777026124289647660,0,4,0
5404,4919290101276515723,0,4,0
5405,5137253909718231509,0,4,0
5406,5207130754740119454,0,4,0
5407,5208287201129746528,0,4,0
5408,5497387097897343271,0,4,0
5409,6146932739638079655,0,4,0
5410,6287521433464486590,0,4,0
5411,6359544026416363734,0,4,0
5412,6359559534447484712,0,4,0
5413,6578933693017767113,0,4,0
5414,6720084137592050603,0,4,0
5415,6723345138143217793,0,4,0
5416,6863780467311586136,0,4,0
5417,7152392061145881260,0,4,0
5418,7154043284034582425,0,4,0
5419,7441274768067917569,0,4,0
5420,7513529165276942931,0,4,0
5421,7515971877573274298,0,4,0
5422,7584250693463370775,0,4,0
5423,7803186221894110779,0,4,0
5424,7872722295233619943,0,4,0
5425,7947978887322197332,0,4,0
5426,8018980036860697106,0,4,0
5427,8160793789603963740,0,4,0
5428,8163587078582862266,0,4,0
5429,8450949114332131810,0,4,0
5430,8451984012501884409,0,4,0
5431,9026096069013131825,0,4,0
5432,9100139829282739223,0,4,0
5433,-7475885588532041807,2,4,0
5434,8162867528632773378,2,7,0
5435,-8552965298678385996,2,2,0
5436,7946153979689678119,2,5,0
5455,8877232900939930951,2,0,0
5456,8877232900939930957,2,0,0
5457,8877232900939930958,2,0,0
5458,8877232900939930960,2,0,0
5459,8877232900939930994,2,0,0
5460,8877232900939931032,2,0,0
5463,4334992639745348086,0,0,0
5464,8877232900939930973,0,0,0
5465,3300013925658268597,0,0,0
5466,4334992639745348077,0,0,0
5467,4334992639745348096,0,0,0
5468,4334992639745348097,0,0,0
5469,8877232900939930950,0,0,0
5470,1605611714792925282,0,0,0
5471,4334992639745348091,0,0,0
5472,4334992639745348092,0,0,0
5473,8877232900939930981,0,0,0
5474,8877232900939930988,0,0,0
5475,1359453492144287596,0,0,0
5476,8877232900939930996,0,0,0
5477,8877232900939930953,0,0,0
5478,4334992639745348088,0,0,0
5479,4334992639745348098,0,0,0
5480,8877232900939931061,0,0,0
5481,8877232900939930963,0,0,0
5482,3300013925658268601,0,0,0
5483,1605611714792925283,0,0,0
5484,8877232900939931063,0,0,0
5485,4334992639745348095,0,0,0
5486,3300013925658268616,0,0,0
5487,8877232900939930983,0,0,0
5488,1359453492144287598,0,0,0
5489,8877232900939931073,0,0,0
5490,8877232900939931050,0,0,0
5491,8877232900939930997,0,0,0
5492,4334992639745348085,0,0,0
5493,8877232900939931012,0,0,0
5494,1359453492144287587,0,0,0
5495,8877232900939931011,0,0,0
5496,8877232900939931018,0,0,0
5497,3300013925658268608,0,0,0
5498,8877232900939930949,0,0,0
5499,4334992639745348082,0,0,0
5500,8877232900939931010,0,0,0
5501,8877232900939931048,0,0,0
5502,8877232900939930964,0,0,0
5503,8877232900939931028,0,0,0
5504,4334992639745348078,0,0,0
5505,1359453492144287599,0,0,0
5506,8877232900939930945,0,0,0
5507,8877232900939930947,0,0,0
5508,8877232900939931065,0,0,0
5509,8877232900939931033,0,0,0
5510,8877232900939930984,0,0,0
5511,8877232900939931072,0,0,0
5512,8877232900939930969,0,0,0
5513,8877232900939930995,0,0,0
5514,8877232900939931071,0,0,0
5515,8877232900939931020,0,0,0
5516,8877232900939930968,0,0,0
5517,8877232900939930962,0,0,0
5518,3300013925658268600,0,0,0
5519,4334992639745348076,0,0,0
5520,4334992639745348087,0,0,0
5521,1359453492144287602,0,0,0
5522,4334992639745348094,0,0,0
5523,8877232900939931016,0,0,0
5524,8877232900939931055,0,0,0
5525,1359453492144287605,0,0,0
5526,1605611714792925284,0,0,0
5527,8877232900939930974,0,0,0
5528,1359453492144287583,0,0,0
5529,1359453492144287586,0,0,0
5530,8877232900939931004,0,0,0
5531,8877232900939930954,0,0,0
5532,1359453492144287603,0,0,0
5533,3300013925658268606,0,0,0
5534,3300013925658268604,0,0,0
5535,8877232900939930979,0,0,0
5536,3300013925658268611,0,0,0
5537,8877232900939931000,0,0,0
5538,3300013925658268598,0,0,0
5539,8877232900939931027,0,0,0
5540,8877232900939931030,0,0,0
5541,3300013925658268613,0,0,0
5542,1605611714792925285,0,0,0
5543,8877232900939931052,0,0,0
5544,3300013925658268602,0,0,0
5545,8877232900939931019,0,0,0
5546,8877232900939931021,0,0,0
5547,8877232900939930971,0,0,0
5548,8877232900939930955,0,0,0
5549,8877232900939931062,0,0,0
5550,8877232900939931046,0,0,0
5551,8877232900939931002,0,0,0
5552,4334992639745348080,0,0,0
5553,8877232900939931003,0,0,0
5554,8877232900939930965,0,0,0
5555,8877232900939930967,0,0,0
5556,8877232900939931054,0,0,0
5557,3300013925658268595,0,0,0
5558,8877232900939931001,0,0,0
5559,8877232900939931034,0,0,0
5560,8877232900939931037,0,0,0
5561,8877232900939931024,0,0,0
5562,3300013925658268607,0,0,0
5563,8877232900939930990,0,0,0
5564,3300013925658268614,0,0,0
5565,8877232900939931006,0,0,0
5566,1359453492144287591,0,0,0
5567,8877232900939930993,0,0,0
5568,8877232900939931009,0,0,0
5569,3300013925658268594,0,0,0
5570,8877232900939931042,0,0,0
5571,8877232900939930982,0,0,0
5572,8877232900939931013,0,0,0
5573,4334992639745348075,0,0,0
5574,1605611714792925286,0,0,0
5575,4334992639745348081,0,0,0
5576,1605611714792925287,0,0,0
5577,3300013925658268609,0,0,0
5578,8877232900939931068,0,0,0
5579,8877232900939931058,0,0,0
5580,8877232900939931031,0,0,0
5581,8877232900939931057,0,0,0
5582,8877232900939931076,0,0,0
5583,4334992639745348079,0,0,0
5584,4334992639745348084,0,0,0
5585,8877232900939930987,0,0,0
5586,8877232900939931070,0,0,0
5587,3300013925658268605,0,0,0
5588,1359453492144287581,0,0,0
5589,3300013925658268599,0,0,0
5590,8877232900939930976,0,0,0
5591,8877232900939931069,0,0,0
5592,8877232900939931056,0,0,0
5593,8877232900939931060,0,0,0
5594,1359453492144287597,0,0,0
5595,1359453492144287585,0,0,0
5596,1359453492144287592,0,0,0
5597,8877232900939930956,0,0,0
5598,1605611714792925288,0,0,0
5599,1359453492144287595,0,0,0
5600,8877232900939931053,0,0,0
5601,8877232900939931007,0,0,0
5602,4334992639745348093,0,0,0
5603,8877232900939931029,0,0,0
5604,8877232900939930966,0,0,0
5605,8877232900939931026,0,0,0
5606,4334992639745348089,0,0,0
5607,8877232900939931067,0,0,0
5608,8877232900939931064,0,0,0
5609,8877232900939930970,0,0,0
5610,3300013925658268612,0,0,0
5611,8877232900939930959,0,0,0
5612,3300013925658268615,0,0,0
5613,1359453492144287604,0,0,0
5614,1359453492144287601,0,0,0
5615,8877232900939931044,0,0,0
5616,8877232900939930946,0,0,0
5617,8877232900939931038,0,0,0
5618,8877232900939931047,0,0,0
5619,8877232900939931074,0,0,0
5620,8877232900939930972,0,0,0
5621,3300013925658268603,0,0,0
5622,8877232900939931059,0,0,0
5623,1605611714792925289,0,0,0
5624,4334992639745348090,0,0,0
5625,8877232900939930989,0,0,0
5626,8877232900939931035,0,0,0
5627,8877232900939931045,0,0,0
5628,8877232900939931036,0,0,0
5629,8877232900939930992,0,0,0
5630,4334992639745348074,0,0,0
5631,8877232900939931017,0,0,0
5632,8877232900939931043,0,0,0
5633,8877232900939931075,0,0,0
5634,8877232900939930986,0,0,0
5635,1359453492144287600,0,0,0
5636,1359453492144287588,0,0,0
5637,8877232900939930985,0,0,0
5638,1359453492144287584,0,0,0
5639,1359453492144287590,0,0,0
5640,1359453492144287594,0,0,0
5641,8877232900939931049,0,0,0
5642,8877232900939931014,0,0,0
5643,8877232900939931039,0,0,0
5644,8877232900939931077,0,0,0
5645,4334992639745348083,0,0,0
5646,8877232900939931051,0,0,0
5647,3300013925658268596,0,0,0
5648,8877232900939930991,0,0,0
5649,8668036783548290214,0,0,0
5650,3300013925658268610,0,0,0
5651,8877232900939930980,0,0,0
5652,8877232900939931023,0,0,0
5653,8877232900939931008,0,0,0
5654,8877232900939930975,0,0,0
5655,8877232900939930952,0,0,0
5656,8877232900939931066,0,0,0
5657,8877232900939931025,0,0,0
5658,1359453492144287593,0,0,0
5659,1359453492144287582,0,0,0
5660,1359453492144287589,0,0,0
5661,8877232900939931041,0,0,0
5662,1605611714792925290,0,0,0
5663,8877232900939931040,0,0,0
5664,8877232900939930998,0,0,0
5665,8877232900939930977,0,0,0
5666,8877232900939930999,0,0,0
5667,8877232900939931005,0,0,0
5668,8877232900939930948,0,0,0
5669,8877232900939930961,0,0,0
5670,8877232900939931022,0,0,0
5671,1675494059300644005,0,1,0
5672,-4377212580595496002,0,1,0
5673,5208870598020922045,0,1,0
5674,-1059090486099995362,0,1,0
5682,3843645699961074112,0,0,0
5683,4022885569669000922,0,0,0
5707,705311054679456724,0,0,0
5724,3216802966633642550,0,0,0
5741,3941750896657481070,0,0,0
5745,2782872375250988681,0,0,1
5746,3941750896657481070,0,0,1
5747,4077364913164973727,0,0,1
5750,1910159339511848621,0,0,0
5759,705311054679456724,0,0,1
5760,1910159339511848621,0,0,1
5761,2835056156909507428,0,0,1
5762,3216802966633642550,0,0,1
5763,3843645699961074112,0,0,1
5764,4022885569669000922,0,0,1
5765,5653295474666422846,0,0,1
5766,9037246110081599949,0,0,1
5769,5398120735335638788,0,0,0
5774,2769733731893192032,0,0,1
5775,3431630958729038012,0,0,1
5776,5398120735335638788,0,0,1
5777,6547747727934431728,0,0,1
5780,6160503796200266268,0,0,0
5781,7299439599727220840,0,4,0
5787,4195528865379591282,0,0,1
5788,5095894701845146737,0,0,1
5789,5754762387447453681,0,0,1
5791,9111574466154398660,0,0,1
5792,6160503796200266268,0,0,1
