item_pid,chapter_data
705311054679456724,
1359453492144287581,
1359453492144287582,
1359453492144287583,
1359453492144287584,
1359453492144287585,
1359453492144287586,
1359453492144287587,
1359453492144287588,
1359453492144287589,
1359453492144287590,
1359453492144287591,
1359453492144287592,
1359453492144287593,
1359453492144287594,
1359453492144287595,
1359453492144287596,
1359453492144287597,
1359453492144287598,
1359453492144287599,
1359453492144287600,
1359453492144287601,
1359453492144287602,
1359453492144287603,
1359453492144287604,
1359453492144287605,
1605611714792925282,
1605611714792925283,
1605611714792925284,
1605611714792925285,
1605611714792925286,
1605611714792925287,
1605611714792925288,
1605611714792925289,
1605611714792925290,
1910159339511848621,
2769733731893192032,
2782872375250988681,
2835056156909507428,
3216802966633642550,
3300013925658268594,
3300013925658268595,
3300013925658268596,
3300013925658268597,
3300013925658268598,
3300013925658268599,
3300013925658268600,
3300013925658268601,
3300013925658268602,
3300013925658268603,
3300013925658268604,
3300013925658268605,
3300013925658268606,
3300013925658268607,
3300013925658268608,
3300013925658268609,
3300013925658268610,
3300013925658268611,
3300013925658268612,
3300013925658268613,
3300013925658268614,
3300013925658268615,
3300013925658268616,
3431630958729038012,
3843645699961074112,
3941750896657481070,
4022885569669000922,
4077364913164973727,
4195528865379591282,
4334992639745348074,
4334992639745348075,
4334992639745348076,
4334992639745348077,
4334992639745348078,
4334992639745348079,
4334992639745348080,
4334992639745348081,
4334992639745348082,
4334992639745348083,
4334992639745348084,
4334992639745348085,
4334992639745348086,
4334992639745348087,
4334992639745348088,
4334992639745348089,
4334992639745348090,
4334992639745348091,
4334992639745348092,
4334992639745348093,
4334992639745348094,
4334992639745348095,
4334992639745348096,
4334992639745348097,
4334992639745348098,
5095894701845146737,
5398120735335638788,
5653295474666422846,
5754762387447453681,
6160503796200266268,
6547747727934431728,
6834521314832366794,
6834521314832366795,
6834521314832366796,
6834521314832366797,
6834521314832366798,
6834521314832366799,
6834521314832366800,
6834521314832366801,
6834521314832366802,
6834521314832366803,
6834521314832366804,
6834521314832366805,
6834521314832366806,
6834521314832366807,
6834521314832366808,
6834521314832366809,
6834521314832366810,
6834521314832366811,
6834521314832366812,
6834521314832366813,
6834521314832366814,
6834521314832366815,
6834521314832366816,
6834521314832366817,
6834521314832366818,
6834521314832366819,
6834521314832366820,
6834521314832366821,
6834521314832366822,
6834521314832366823,
6834521314832366824,
6834521314832366825,
6834521314832366826,
6834521314832366827,
6834521314832366828,
6834521314832366829,
8103097208985786449,
8668036783548290214,
8877232900939930945,
8877232900939930946,
8877232900939930947,
8877232900939930948,
8877232900939930949,
8877232900939930950,
8877232900939930952,
8877232900939930953,
8877232900939930954,
8877232900939930955,
8877232900939930956,
8877232900939930959,
8877232900939930961,
8877232900939930962,
8877232900939930963,
8877232900939930964,
8877232900939930965,
8877232900939930966,
8877232900939930967,
8877232900939930968,
8877232900939930969,
8877232900939930970,
8877232900939930971,
8877232900939930972,
8877232900939930973,
8877232900939930974,
8877232900939930975,
8877232900939930976,
8877232900939930977,
8877232900939930978,
8877232900939930979,
8877232900939930980,
8877232900939930981,
8877232900939930982,
8877232900939930983,
8877232900939930984,
8877232900939930985,
8877232900939930986,
8877232900939930987,
8877232900939930988,
8877232900939930989,
8877232900939930990,
8877232900939930991,
8877232900939930992,
8877232900939930993,
8877232900939930995,
8877232900939930996,
8877232900939930997,
8877232900939930998,
8877232900939930999,
8877232900939931000,
8877232900939931001,
8877232900939931002,
8877232900939931003,
8877232900939931004,
8877232900939931005,
8877232900939931006,
8877232900939931007,
8877232900939931008,
8877232900939931009,
8877232900939931010,
8877232900939931011,
8877232900939931012,
8877232900939931013,
8877232900939931014,
8877232900939931015,
8877232900939931016,
8877232900939931017,
8877232900939931018,
8877232900939931019,
8877232900939931020,
8877232900939931021,
8877232900939931022,
8877232900939931023,
8877232900939931024,
8877232900939931025,
8877232900939931026,
8877232900939931027,
8877232900939931028,
8877232900939931029,
8877232900939931030,
8877232900939931031,
8877232900939931033,
8877232900939931034,
8877232900939931035,
8877232900939931036,
8877232900939931037,
8877232900939931038,
8877232900939931039,
8877232900939931040,
8877232900939931041,
8877232900939931042,
8877232900939931043,
8877232900939931044,
8877232900939931045,
8877232900939931046,
8877232900939931047,
8877232900939931048,
8877232900939931049,
8877232900939931050,
8877232900939931051,
8877232900939931052,
8877232900939931053,
8877232900939931054,
8877232900939931055,
8877232900939931056,
8877232900939931057,
8877232900939931058,
8877232900939931059,
8877232900939931060,
8877232900939931061,
8877232900939931062,
8877232900939931063,
8877232900939931064,
8877232900939931065,
8877232900939931066,
8877232900939931067,
8877232900939931068,
8877232900939931069,
8877232900939931070,
8877232900939931071,
8877232900939931072,
8877232900939931073,
8877232900939931074,
8877232900939931075,
8877232900939931076,
8877232900939931077,
9037246110081599949,
9111574466154398660,
