item_pid,store_item_id,store_composer_id,store_genre_id,store_playlist_id,storefront_id,purchase_history_id,purchase_history_token,purchase_history_redownload_params,store_saga_id,match_redownload_params,cloud_status,sync_id,home_sharing_id,is_ota_purchased,store_kind,account_id,downloader_account_id,family_account_id,is_protected,key_versions,key_platform_id,key_id,key_id_2,date_purchased,date_released,external_guid,feed_url,artwork_url,store_xid,store_flavor,store_matched_status,store_redownloaded_status,store_link_id,extras_url,vpp_is_licensed,vpp_org_id,vpp_org_name,sync_redownload_params,needs_reporting,subscription_store_item_id,playback_endpoint_type,is_mastered_for_itunes,radio_station_id,advertisement_unique_id,advertisement_type,is_artist_uploaded_content,cloud_asset_available,is_subscription,sync_in_my_library,cloud_in_my_library,cloud_album_id,cloud_playback_endpoint_type,cloud_universal_library_id
705311054679456724,1000471538489,0,0,1222114325,0,0,0,,0,,0,0,0,1,0,17193901029,17193901029,0,0,0,0,0,0,0,608637244,f08b66a3-8974-407e-b457-01f2ef3f15fb,https://feeds.npr.org/510318/podcast.xml,,,,0,0,0,,0,0,,,0,0,0,0,,,0,0,0,0,0,0,,0,
1359453492144287581,0,876741,20,945581828,0,0,0,,0,,0,0,0,0,0,0,0,0,0,0,0,0,0,0,-292611600,,,,,,0,0,0,,0,0,,,0,945581840,3,1,,,0,0,1,1,0,0,,0,
1359453492144287582,0,876741,20,945578420,0,0,0,,0,,0,0,0,0,0,0,0,0,0,0,0,0,0,0,47890800,,,,,,0,0,0,,0,0,,,0,945578427,3,1,,,0,0,1,1,0,0,,0,
1359453492144287583,0,876741,20,945562992,0,0,0,,0,,0,0,0,0,0,0,0,0,0,0,0,0,0,0,165740400,,,,,,0,0,0,,0,0,,,0,945568998,3,1,,,0,0,1,1,0,0,,0,
1359453492144287584,0,876741,20,945575406,0,0,0,,0,,0,0,0,0,0,0,0,0,0,0,0,0,0,0,-50691600,,,,,,0,0,0,,0,0,,,0,945575409,3,1,,,0,0,1,1,0,0,,0,
1359453492144287585,0,876741,20,945581828,0,0,0,,0,,0,0,0,0,0,0,0,0,0,0,0,0,0,0,-294339600,,,,,,0,0,0,,0,0,,,0,945581838,3,1,,,0,0,1,1,0,0,,0,
1359453492144287586,0,876741,20,945562992,0,0,0,,0,,0,0,0,0,0,0,0,0,0,0,0,0,0,0,168850800,,,,,,0,0,0,,0,0,,,0,945568999,3,1,,,0,0,1,1,0,0,,0,
1359453492144287587,0,46726,20,1440872972,0,0,0,,0,,0,0,0,0,0,0,0,0,0,0,0,0,0,0,-370267200,,,,,,0,0,0,,0,0,,,0,1440873391,3,1,,,0,0,1,1,0,0,,0,
1359453492144287588,0,876741,20,945575406,0,0,0,,0,,0,0,0,0,0,0,0,0,0,0,0,0,0,0,-49482000,,,,,,0,0,0,,0,0,,,0,945575413,3,1,,,0,0,1,1,0,0,,0,
1359453492144287589,0,876741,20,945578420,0,0,0,,0,,0,0,0,0,0,0,0,0,0,0,0,0,0,0,45385200,,,,,,0,0,0,,0,0,,,0,945578421,3,1,,,0,0,1,1,0,0,,0,
1359453492144287590,0,876741,20,945575406,0,0,0,,0,,0,0,0,0,0,0,0,0,0,0,0,0,0,0,-49482000,,,,,,0,0,0,,0,0,,,0,945575411,3,1,,,0,0,1,1,0,0,,0,
1359453492144287591,0,30656497,20,1109250450,0,0,0,,0,,0,0,0,0,0,0,0,0,0,0,0,0,0,0,484124400,,,,,,0,0,0,,0,0,,,0,1109250843,3,1,,,0,0,1,1,0,0,,0,
1359453492144287592,0,876741,20,945581828,0,0,0,,0,,0,0,0,0,0,0,0,0,0,0,0,0,0,0,-292611600,,,,,,0,0,0,,0,0,,,0,945581832,3,1,,,0,0,1,1,0,0,,0,
1359453492144287593,0,876741,20,945578420,0,0,0,,0,,0,0,0,0,0,0,0,0,0,0,0,0,0,0,47890800,,,,,,0,0,0,,0,0,,,0,945578426,3,1,,,0,0,1,1,0,0,,0,
1359453492144287594,0,876741,20,945575406,0,0,0,,0,,0,0,0,0,0,0,0,0,0,0,0,0,0,0,-49482000,,,,,,0,0,0,,0,0,,,0,945575407,3,1,,,0,0,1,1,0,0,,0,
1359453492144287595,0,876741,20,945581828,0,0,0,,0,,0,0,0,0,0,0,0,0,0,0,0,0,0,0,-292611600,,,,,,0,0,0,,0,0,,,0,945581834,3,1,,,0,0,1,1,0,0,,0,
1359453492144287596,0,463953572,20,948454039,0,0,0,,0,,0,0,0,0,0,0,0,0,0,0,0,0,0,0,-167418000,,,,,,0,0,0,,0,0,,,0,948454041,3,0,,,0,0,1,1,0,0,,0,
1359453492144287597,0,876741,20,947701030,0,0,0,,0,,0,0,0,0,0,0,0,0,0,0,0,0,0,0,-315590400,,,,,,0,0,0,,0,0,,,0,947701037,3,1,,,0,0,1,1,0,0,,0,
1359453492144287598,0,30656497,20,450747622,0,0,0,,0,,0,0,0,0,0,0,0,0,0,0,0,0,0,0,332406000,,,,,,0,0,0,,0,0,,,0,450747629,3,1,,,0,0,1,1,0,0,,0,
1359453492144287599,0,193502357,20,1440863003,0,0,0,,0,,0,0,0,0,0,0,0,0,0,0,0,0,0,0,-418392000,,,,,,0,0,0,,0,0,,,0,1440863115,3,1,,,0,0,1,1,0,0,,0,
1359453492144287600,0,463953572,20,945571209,0,0,0,,0,,0,0,0,0,0,0,0,0,0,0,0,0,0,0,-167418000,,,,,,0,0,0,,0,0,,,0,945571327,3,1,,,0,0,1,1,0,0,,0,
1359453492144287601,0,5554142,21,1443088751,0,0,0,,0,,0,0,0,0,0,0,0,0,0,0,0,0,0,0,-517320000,,,,,,0,0,0,,0,0,,,0,1443088752,3,1,,,0,0,1,1,0,0,,0,
1359453492144287602,0,876741,20,945562992,0,0,0,,0,,0,0,0,0,0,0,0,0,0,0,0,0,0,0,168850800,,,,,,0,0,0,,0,0,,,0,945569013,3,1,,,0,0,1,1,0,0,,0,
1359453492144287603,0,463953572,20,1440863003,0,0,0,,0,,0,0,0,0,0,0,0,0,0,0,0,0,0,0,-418392000,,,,,,0,0,0,,0,0,,,0,1440863012,3,1,,,0,0,1,1,0,0,,0,
1359453492144287604,0,876745,20,1440872972,0,0,0,,0,,0,0,0,0,0,0,0,0,0,0,0,0,0,0,-359035200,,,,,,0,0,0,,0,0,,,0,1440873618,3,1,,,0,0,1,1,0,0,,0,
1359453492144287605,0,876741,20,945562992,0,0,0,,0,,0,0,0,0,0,0,0,0,0,0,0,0,0,0,168850800,,,,,,0,0,0,,0,0,,,0,945569002,3,1,,,0,0,1,1,0,0,,0,
1605611714792925282,0,0,14,821481195,0,0,0,,0,,0,0,0,0,0,0,0,0,0,0,0,0,0,0,-73155600,,,,,,0,0,0,,0,0,,,0,821481210,3,0,,,0,0,1,1,0,0,,0,
1605611714792925283,0,356837584,7,1005346251,0,0,0,,0,,0,0,0,0,0,0,0,0,0,0,0,0,0,0,446976000,,,,,,0,0,0,,0,0,,,0,1005346255,3,0,,,0,0,1,1,0,0,,0,
1605611714792925284,0,372157411,18,368016701,0,0,0,,0,,0,0,0,0,0,0,0,0,0,0,0,0,0,0,292834800,,,,,,0,0,0,,0,0,,,0,368016728,3,0,,,0,0,1,1,0,0,,0,
1605611714792925285,0,206536302,18,1436741729,0,0,0,,0,,0,0,0,0,0,0,0,0,0,0,0,0,0,0,184406400,,,,,,0,0,0,,0,0,,,0,1436742002,3,0,,,0,0,1,1,0,0,,0,
1605611714792925286,0,0,7,1107072527,0,0,0,,0,,0,0,0,0,0,0,0,0,0,0,0,0,0,0,226929600,,,,,,0,0,0,,0,0,,,0,1107072742,3,0,,,0,0,1,1,0,0,,0,
1605611714792925287,0,0,18,1451048026,0,0,0,,0,,0,0,0,0,0,0,0,0,0,0,0,0,0,0,-270216000,,,,,,0,0,0,,0,0,,,0,1451048283,3,0,,,0,0,1,1,0,0,,0,
1605611714792925288,0,335374497,18,1436734196,0,0,0,,0,,0,0,0,0,0,0,0,0,0,0,0,0,0,0,363855600,,,,,,0,0,0,,0,0,,,0,1436734711,3,0,,,0,0,1,1,0,0,,0,
1605611714792925289,0,876741,20,947680622,0,0,0,,0,,0,0,0,0,0,0,0,0,0,0,0,0,0,0,-292593600,,,,,,0,0,0,,0,0,,,0,947680763,3,1,,,0,0,1,1,0,0,,0,
1605611714792925290,0,29339385,14,943946661,0,0,0,,0,,0,0,0,0,0,0,0,0,0,0,0,0,0,0,437313600,,,,,,0,0,0,,0,0,,,0,943946671,3,1,,,0,0,1,1,0,0,,0,
1910159339511848621,1000471236943,0,0,1222114325,0,0,0,,0,,0,0,0,1,0,17193901029,17193901029,0,0,0,0,0,0,0,608389200,1402eee7-abee-4a6d-a79a-5958ec15766e,https://feeds.npr.org/510318/podcast.xml,,,,0,0,0,,0,0,,,0,0,0,0,,,0,0,0,0,0,0,,0,
2769733731893192032,0,0,0,503494956,0,0,0,,0,,0,0,0,1,0,17193901029,17193901029,0,0,0,0,0,0,0,608190227,6cac2ef8-ce06-4e7d-98a4-6a9d84224c03,http://thecultcast.libsyn.com/rss,,,,0,0,0,,0,0,,,0,0,0,0,,,0,0,0,0,0,0,,0,
2782872375250988681,0,0,0,1085119221,0,0,0,,0,,0,0,0,1,0,17193901029,17193901029,0,0,0,0,0,0,0,607320000,4b641ec0-27de-4712-bc1a-06b5fdc25353,https://digitalforensicsurvivalpodcast.libsyn.com/rss,,,,0,0,0,,0,0,,,0,0,0,0,,,0,0,0,0,0,0,,0,
2835056156909507428,0,0,0,1222114325,0,0,0,,0,,0,0,0,1,0,17193901029,17193901029,0,0,0,0,0,0,0,608205010,35d54ae8-71ba-40d5-a52f-97cef20637ee,https://feeds.npr.org/510318/podcast.xml,,,,0,0,0,,0,0,,,0,0,0,0,,,0,0,0,0,0,0,,0,
3216802966633642550,1000471311891,0,0,1222114325,0,0,0,,0,,0,0,0,1,0,17193901029,17193901029,0,0,0,0,0,0,0,608464463,8f17b49d-f3bd-48bd-9275-c8f186c33456,https://feeds.npr.org/510318/podcast.xml,,,,0,0,0,,0,0,,,0,0,0,0,,,0,0,0,0,0,0,,0,
3300013925658268594,0,0,7,1452619146,0,0,0,,0,,0,0,0,0,0,0,0,0,0,0,0,0,0,0,575294400,,,,,,0,0,0,,0,0,,,0,1452619160,3,0,,,0,0,1,1,0,0,,0,
3300013925658268595,0,0,7,318815067,0,0,0,,0,,0,0,0,0,0,0,0,0,0,0,0,0,0,0,191764800,,,,,,0,0,0,,0,0,,,0,318815214,3,0,,,0,0,1,1,0,0,,0,
3300013925658268596,0,0,7,1057630923,0,0,0,,0,,0,0,0,0,0,0,0,0,0,0,0,0,0,0,468936000,,,,,,0,0,0,,0,0,,,0,1057630925,3,0,,,0,0,1,1,0,0,,0,
3300013925658268597,0,0,7,1449272927,0,0,0,,0,,0,0,0,0,0,0,0,0,0,0,0,0,0,0,571147200,,,,,,0,0,0,,0,0,,,0,1449272928,3,0,,,0,0,1,1,0,0,,0,
3300013925658268598,0,0,7,608419986,0,0,0,,0,,0,0,0,0,0,0,0,0,0,0,0,0,0,0,389102400,,,,,,0,0,0,,0,0,,,0,608420493,3,0,,,0,0,1,1,0,0,,0,
3300013925658268599,0,0,7,1047331605,0,0,0,,0,,0,0,0,0,0,0,0,0,0,0,0,0,0,0,129542400,,,,,,0,0,0,,0,0,,,0,1047331616,3,0,,,0,0,1,1,0,0,,0,
3300013925658268600,0,0,7,318815067,0,0,0,,0,,0,0,0,0,0,0,0,0,0,0,0,0,0,0,267364800,,,,,,0,0,0,,0,0,,,0,318815143,3,0,,,0,0,1,1,0,0,,0,
3300013925658268601,0,0,7,1233736099,0,0,0,,0,,0,0,0,0,0,0,0,0,0,0,0,0,0,0,163425600,,,,,,0,0,0,,0,0,,,0,1233736105,3,0,,,0,0,1,1,0,0,,0,
3300013925658268602,0,0,7,608419986,0,0,0,,0,,0,0,0,0,0,0,0,0,0,0,0,0,0,0,389102400,,,,,,0,0,0,,0,0,,,0,608419987,3,0,,,0,0,1,1,0,0,,0,
3300013925658268603,0,319500551,20,471143816,0,0,0,,0,,0,0,0,0,0,0,0,0,0,0,0,0,0,0,255355200,,,,,,0,0,0,,0,0,,,0,471143828,3,0,,,0,0,1,1,0,0,,0,
3300013925658268604,0,0,7,608419986,0,0,0,,0,,0,0,0,0,0,0,0,0,0,0,0,0,0,0,384264000,,,,,,0,0,0,,0,0,,,0,608420491,3,0,,,0,0,1,1,0,0,,0,
3300013925658268605,0,0,7,1047331605,0,0,0,,0,,0,0,0,0,0,0,0,0,0,0,0,0,0,0,129542400,,,,,,0,0,0,,0,0,,,0,1047331621,3,0,,,0,0,1,1,0,0,,0,
3300013925658268606,0,0,7,318815067,0,0,0,,0,,0,0,0,0,0,0,0,0,0,0,0,0,0,0,267364800,,,,,,0,0,0,,0,0,,,0,318815173,3,0,,,0,0,1,1,0,0,,0,
3300013925658268607,0,0,20,794538912,0,0,0,,0,,0,0,0,0,0,0,0,0,0,0,0,0,0,0,412516800,,,,,,0,0,0,,0,0,,,0,794538915,3,0,,,0,0,1,1,0,0,,0,
3300013925658268608,0,0,20,426292535,0,0,0,,0,,0,0,0,0,0,0,0,0,0,0,0,0,0,0,323006400,,,,,,0,0,0,,0,0,,,0,426292538,3,0,,,0,0,1,1,0,0,,0,
3300013925658268609,0,0,20,436441336,0,0,0,,0,,0,0,0,0,0,0,0,0,0,0,0,0,0,0,327844800,,,,,,0,0,0,,0,0,,,0,436441380,3,0,,,0,0,1,1,0,0,,0,
3300013925658268610,0,0,20,448803601,0,0,0,,0,,0,0,0,0,0,0,0,0,0,0,0,0,0,0,323074800,,,,,,0,0,0,,0,0,,,0,448803602,3,0,,,0,0,1,1,0,0,,0,
3300013925658268611,0,0,7,318815067,0,0,0,,0,,0,0,0,0,0,0,0,0,0,0,0,0,0,0,267364800,,,,,,0,0,0,,0,0,,,0,318815180,3,0,,,0,0,1,1,0,0,,0,
3300013925658268612,0,0,7,335818588,0,0,0,,0,,0,0,0,0,0,0,0,0,0,0,0,0,0,0,279460800,,,,,,0,0,0,,0,0,,,0,335818601,3,0,,,0,0,1,1,0,0,,0,
3300013925658268613,0,0,7,1075852010,0,0,0,,0,,0,0,0,0,0,0,0,0,0,0,0,0,0,0,475156800,,,,,,0,0,0,,0,0,,,0,1075852015,3,0,,,0,0,1,1,0,0,,0,
3300013925658268614,0,0,20,794538912,0,0,0,,0,,0,0,0,0,0,0,0,0,0,0,0,0,0,0,389102400,,,,,,0,0,0,,0,0,,,0,794538913,3,0,,,0,0,1,1,0,0,,0,
3300013925658268615,0,0,7,1047331605,0,0,0,,0,,0,0,0,0,0,0,0,0,0,0,0,0,0,0,129542400,,,,,,0,0,0,,0,0,,,0,1047331613,3,0,,,0,0,1,1,0,0,,0,
3300013925658268616,0,101291874,20,471132508,0,0,0,,0,,0,0,0,0,0,0,0,0,0,0,0,0,0,0,257774400,,,,,,0,0,0,,0,0,,,0,471132733,3,0,,,0,0,1,1,0,0,,0,
3431630958729038012,0,0,0,503494956,0,0,0,,0,,0,0,0,1,0,17193901029,17193901029,0,0,0,0,0,0,0,606976553,080199a3-ea3e-489c-9e4c-0e84004a87f8,http://thecultcast.libsyn.com/rss,,,,0,0,0,,0,0,,,0,0,0,0,,,0,0,0,0,0,0,,0,
3843645699961074112,1000471426066,0,0,1222114325,0,0,0,,0,,0,0,0,1,0,17193901029,17193901029,0,0,0,0,0,0,0,608551289,5eb780bd-1816-49a6-953d-ce158f70bea1,https://feeds.npr.org/510318/podcast.xml,,,,0,0,0,,0,0,,,0,0,0,0,,,0,0,0,0,0,0,,0,
3941750896657481070,0,0,0,1085119221,0,0,0,,0,,0,0,0,1,0,17193901029,17193901029,0,0,0,0,0,0,0,608529600,c3db817f-698c-4954-9afd-7edde2f4c01d,https://digitalforensicsurvivalpodcast.libsyn.com/rss,,,,0,0,0,,0,0,,,0,0,0,0,,,0,0,0,0,0,0,,0,
4022885569669000922,1000471649515,0,0,1222114325,0,0,0,,0,,0,0,0,1,0,17193901029,17193901029,0,0,0,0,0,0,0,608723339,c668e2f6-0076-4042-a75c-74cc4a95e024,https://feeds.npr.org/510318/podcast.xml,,,,0,0,0,,0,0,,,0,0,0,0,,,0,0,0,0,0,0,,0,
4077364913164973727,0,0,0,1085119221,0,0,0,,0,,0,0,0,1,0,17193901029,17193901029,0,0,0,0,0,0,0,607966670,ce6c1bc6-bb64-45a5-a9a2-fe48f5a1de1e,https://digitalforensicsurvivalpodcast.libsyn.com/rss,,,,0,0,0,,0,0,,,0,0,0,0,,,0,0,0,0,0,0,,0,
4195528865379591282,1000468858585,0,0,994362496,0,0,0,,0,,0,0,0,1,0,17193901029,17193901029,0,0,0,0,0,0,0,606301218,https://iotpodcast.com/?p=2200,https://iotpodcast.com/feed/podcast/,,,,0,0,0,,0,0,,,0,0,0,0,,,0,0,0,0,0,0,,0,
4334992639745348074,0,193535783,20,362133451,0,0,0,,0,,0,0,0,0,0,0,0,0,0,0,0,0,0,0,-114195600,,,,,,0,0,0,,0,0,,,0,362133505,3,0,,,0,0,1,1,0,0,,0,
4334992639745348075,0,6906197,21,1249068417,0,0,0,,0,,0,0,0,0,0,0,0,0,0,0,0,0,0,0,527169600,,,,,,0,0,0,,0,0,,,0,1249068906,3,1,,,0,0,1,1,0,0,,0,
4334992639745348076,0,6906197,20,300855107,0,0,0,,0,,0,0,0,0,0,0,0,0,0,0,0,0,0,0,139129200,,,,,,0,0,0,,0,0,,,0,300855110,3,0,,,0,0,1,1,0,0,,0,
4334992639745348077,0,6906197,21,278229648,0,0,0,,0,,0,0,0,0,0,0,0,0,0,0,0,0,0,0,-40669200,,,,,,0,0,0,,0,0,,,0,278229654,3,0,,,0,0,1,1,0,0,,0,
4334992639745348078,0,193535783,20,362133451,0,0,0,,0,,0,0,0,0,0,0,0,0,0,0,0,0,0,0,-114195600,,,,,,0,0,0,,0,0,,,0,362133488,3,0,,,0,0,1,1,0,0,,0,
4334992639745348079,0,6906197,14,538257183,0,0,0,,0,,0,0,0,0,0,0,0,0,0,0,0,0,0,0,56980800,,,,,,0,0,0,,0,0,,,0,538257188,3,0,,,0,0,1,1,0,0,,0,
4334992639745348080,0,6906197,20,262743410,0,0,0,,0,,0,0,0,0,0,0,0,0,0,0,0,0,0,0,209372400,,,,,,0,0,0,,0,0,,,0,262743414,3,0,,,0,0,1,1,0,0,,0,
4334992639745348081,0,80421421,21,1249068417,0,0,0,,0,,0,0,0,0,0,0,0,0,0,0,0,0,0,0,518097600,,,,,,0,0,0,,0,0,,,0,1249068904,3,1,,,0,0,1,1,0,0,,0,
4334992639745348082,0,193535783,20,362133451,0,0,0,,0,,0,0,0,0,0,0,0,0,0,0,0,0,0,0,-116096400,,,,,,0,0,0,,0,0,,,0,362133453,3,0,,,0,0,1,1,0,0,,0,
4334992639745348083,0,526643,1144,258512042,0,0,0,,0,,0,0,0,0,0,0,0,0,0,0,0,0,0,0,-174762000,,,,,,0,0,0,,0,0,,,0,258512044,3,0,,,0,0,1,1,0,0,,0,
4334992639745348084,0,6906197,14,538257183,0,0,0,,0,,0,0,0,0,0,0,0,0,0,0,0,0,0,0,53092800,,,,,,0,0,0,,0,0,,,0,538257185,3,0,,,0,0,1,1,0,0,,0,
4334992639745348085,0,526643,1144,258512042,0,0,0,,0,,0,0,0,0,0,0,0,0,0,0,0,0,0,0,-173466000,,,,,,0,0,0,,0,0,,,0,258512160,3,0,,,0,0,1,1,0,0,,0,
4334992639745348086,0,6906197,21,278229648,0,0,0,,0,,0,0,0,0,0,0,0,0,0,0,0,0,0,0,-36777600,,,,,,0,0,0,,0,0,,,0,278229653,3,0,,,0,0,1,1,0,0,,0,
4334992639745348087,0,6906197,20,300855107,0,0,0,,0,,0,0,0,0,0,0,0,0,0,0,0,0,0,0,140425200,,,,,,0,0,0,,0,0,,,0,300855111,3,0,,,0,0,1,1,0,0,,0,
4334992639745348088,0,6906197,21,456563917,0,0,0,,0,,0,0,0,0,0,0,0,0,0,0,0,0,0,0,320659200,,,,,,0,0,0,,0,0,,,0,456564013,3,0,,,0,0,1,1,0,0,,0,
4334992639745348089,0,6906197,21,910701272,0,0,0,,0,,0,0,0,0,0,0,0,0,0,0,0,0,0,0,435135600,,,,,,0,0,0,,0,0,,,0,910701344,3,1,,,0,0,1,1,0,0,,0,
4334992639745348090,0,526643,1144,258512042,0,0,0,,0,,0,0,0,0,0,0,0,0,0,0,0,0,0,0,-173466000,,,,,,0,0,0,,0,0,,,0,258512097,3,0,,,0,0,1,1,0,0,,0,
4334992639745348091,0,6906197,21,278229648,0,0,0,,0,,0,0,0,0,0,0,0,0,0,0,0,0,0,0,-36777600,,,,,,0,0,0,,0,0,,,0,278229656,3,0,,,0,0,1,1,0,0,,0,
4334992639745348092,0,6906197,21,456563917,0,0,0,,0,,0,0,0,0,0,0,0,0,0,0,0,0,0,0,324284400,,,,,,0,0,0,,0,0,,,0,456564025,3,0,,,0,0,1,1,0,0,,0,
4334992639745348093,0,6906197,21,910701272,0,0,0,,0,,0,0,0,0,0,0,0,0,0,0,0,0,0,0,436431600,,,,,,0,0,0,,0,0,,,0,910701352,3,1,,,0,0,1,1,0,0,,0,
4334992639745348094,0,526643,1144,258512042,0,0,0,,0,,0,0,0,0,0,0,0,0,0,0,0,0,0,0,-173466000,,,,,,0,0,0,,0,0,,,0,258512325,3,0,,,0,0,1,1,0,0,,0,
4334992639745348095,0,6906197,20,262743410,0,0,0,,0,,0,0,0,0,0,0,0,0,0,0,0,0,0,0,212396400,,,,,,0,0,0,,0,0,,,0,262743437,3,0,,,0,0,1,1,0,0,,0,
4334992639745348096,0,6906197,21,278229648,0,0,0,,0,,0,0,0,0,0,0,0,0,0,0,0,0,0,0,-36777600,,,,,,0,0,0,,0,0,,,0,278229649,3,0,,,0,0,1,1,0,0,,0,
4334992639745348097,0,6906197,21,456563917,0,0,0,,0,,0,0,0,0,0,0,0,0,0,0,0,0,0,0,324284400,,,,,,0,0,0,,0,0,,,0,456564019,3,0,,,0,0,1,1,0,0,,0,
4334992639745348098,0,6906197,21,1059042560,0,0,0,,0,,0,0,0,0,0,0,0,0,0,0,0,0,0,0,469958400,,,,,,0,0,0,,0,0,,,0,1059042564,3,1,,,0,0,1,1,0,0,,0,
5095894701845146737,0,0,0,994362496,0,0,0,,0,,0,0,0,1,0,17193901029,17193901029,0,0,0,0,0,0,0,607510855,https://iotpodcast.com/?p=2215,https://iotpodcast.com/feed/podcast/,,,,0,0,0,,0,0,,,0,0,0,0,,,0,0,0,0,0,0,,0,
5398120735335638788,1000471636744,0,0,503494956,0,0,0,,0,,0,0,0,1,0,17193901029,17193901029,0,0,0,0,0,0,0,608708612,60af17c9-2835-4766-a69c-3be5885da535,http://thecultcast.libsyn.com/rss,,,,0,0,0,,0,0,,,0,0,0,0,,,0,0,0,0,0,0,,0,
5653295474666422846,0,0,0,1222114325,0,0,0,,0,,0,0,0,1,0,17193901029,17193901029,0,0,0,0,0,0,0,608295660,cc55a472-7159-401d-a2db-c57c079dcd82,https://feeds.npr.org/510318/podcast.xml,,,,0,0,0,,0,0,,,0,0,0,0,,,0,0,0,0,0,0,,0,
5754762387447453681,0,0,0,994362496,0,0,0,,0,,0,0,0,1,0,17193901029,17193901029,0,0,0,0,0,0,0,608115619,https://iotpodcast.com/?p=2223,https://iotpodcast.com/feed/podcast/,,,,0,0,0,,0,0,,,0,0,0,0,,,0,0,0,0,0,0,,0,
6160503796200266268,0,0,0,994362496,0,0,0,,0,,0,0,0,1,0,17193901029,17193901029,0,0,0,0,0,0,0,608720459,https://iotpodcast.com/?p=2231,https://iotpodcast.com/feed/podcast/,,,,0,0,0,,0,0,,,0,0,0,0,,,0,0,0,0,0,0,,0,
6547747727934431728,0,0,0,503494956,0,0,0,,0,,0,0,0,1,0,17193901029,17193901029,0,0,0,0,0,0,0,607586569,eea23e83-843b-4a88-adcd-5642cc09c62d,http://thecultcast.libsyn.com/rss,,,,0,0,0,,0,0,,,0,0,0,0,,,0,0,0,0,0,0,,0,
6834521314832366794,0,193501149,18,724303425,0,0,0,,182858002,sagaId=182858002,8,0,0,0,0,0,0,0,0,0,0,0,0,0,-274449600,,,,,,0,0,0,,0,0,,,1,724303700,3,0,,,0,0,1,1,0,1,l.nevnIg4,3,i.5PkLb0OUb8Y8Yak
6834521314832366795,0,5191906,18,724303425,0,0,0,,182857774,sagaId=182857774,8,0,0,0,0,0,0,0,0,0,0,0,0,0,-274449600,,,,,,0,0,0,,0,0,,,1,724303704,3,0,,,0,0,1,1,0,1,l.nevnIg4,3,i.8WdNbv2CMNGNG6g
6834521314832366796,0,21442640,18,724303425,0,0,0,,182857494,sagaId=182857494,8,0,0,0,0,0,0,0,0,0,0,0,0,0,-274449600,,,,,,0,0,0,,0,0,,,1,724303714,3,0,,,0,0,1,1,0,1,l.nevnIg4,3,i.KoJezZ6F3eMeMKq
6834521314832366797,0,193507763,18,724303425,0,0,0,,182857506,sagaId=182857506,8,0,0,0,0,0,0,0,0,0,0,0,0,0,-274449600,,,,,,0,0,0,,0,0,,,1,724303803,3,0,,,0,0,1,1,0,1,l.nevnIg4,3,i.KoJezZMS3eMeMKq
6834521314832366798,0,5191906,18,724303425,0,0,0,,182857522,sagaId=182857522,8,0,0,0,0,0,0,0,0,0,0,0,0,0,-274449600,,,,,,0,0,0,,0,0,,,1,724303806,3,0,,,0,0,1,1,0,1,l.nevnIg4,3,i.3VBNbvNtb1x1xpY
6834521314832366799,0,21442640,18,724303425,0,0,0,,182857510,sagaId=182857510,8,0,0,0,0,0,0,0,0,0,0,0,0,0,-274449600,,,,,,0,0,0,,0,0,,,1,724303934,3,0,,,0,0,1,1,0,1,l.nevnIg4,3,i.kGO57JpudvDvDzZ
6834521314832366800,0,27303383,18,724303425,0,0,0,,182857746,sagaId=182857746,8,0,0,0,0,0,0,0,0,0,0,0,0,0,-274449600,,,,,,0,0,0,,0,0,,,1,724303950,3,0,,,0,0,1,1,0,1,l.nevnIg4,3,i.5PkLb57fb8Y8Yak
6834521314832366801,0,305436329,18,724303425,0,0,0,,182857758,sagaId=182857758,8,0,0,0,0,0,0,0,0,0,0,0,0,0,-274449600,,,,,,0,0,0,,0,0,,,1,724304005,3,0,,,0,0,1,1,0,1,l.nevnIg4,3,i.oOdKEpDiEvAvAMe
6834521314832366802,0,305436335,18,724303425,0,0,0,,182857262,sagaId=182857262,8,0,0,0,0,0,0,0,0,0,0,0,0,0,-274449600,,,,,,0,0,0,,0,0,,,1,724304046,3,0,,,0,0,1,1,0,1,l.nevnIg4,3,i.zpZVNQRTBGVGV6b
6834521314832366803,0,21442640,18,724303425,0,0,0,,182857730,sagaId=182857730,8,0,0,0,0,0,0,0,0,0,0,0,0,0,-274449600,,,,,,0,0,0,,0,0,,,1,724304053,3,0,,,0,0,1,1,0,1,l.nevnIg4,3,i.8WdNb62UMNGNG6g
6834521314832366804,0,27303383,18,724303425,0,0,0,,182857514,sagaId=182857514,8,0,0,0,0,0,0,0,0,0,0,0,0,0,-274449600,,,,,,0,0,0,,0,0,,,1,724304062,3,0,,,0,0,1,1,0,1,l.nevnIg4,3,i.oOdKEl5FEvAvAMe
6834521314832366805,0,21442640,18,724303425,0,0,0,,182857742,sagaId=182857742,8,0,0,0,0,0,0,0,0,0,0,0,0,0,-274449600,,,,,,0,0,0,,0,0,,,1,724304076,3,0,,,0,0,1,1,0,1,l.nevnIg4,3,i.pmz04A0ue0B0BvE
6834521314832366806,0,5191906,18,724303425,0,0,0,,182857990,sagaId=182857990,8,0,0,0,0,0,0,0,0,0,0,0,0,0,-274449600,,,,,,0,0,0,,0,0,,,1,724304085,3,0,,,0,0,1,1,0,1,l.nevnIg4,3,i.5PkLb0mTb8Y8Yak
6834521314832366807,0,27303383,18,724303425,0,0,0,,182857770,sagaId=182857770,8,0,0,0,0,0,0,0,0,0,0,0,0,0,-274449600,,,,,,0,0,0,,0,0,,,1,724304094,3,0,,,0,0,1,1,0,1,l.nevnIg4,3,i.YJMz64gTeGmGmDZ
6834521314832366808,0,5191906,18,724303425,0,0,0,,182857474,sagaId=182857474,8,0,0,0,0,0,0,0,0,0,0,0,0,0,-274449600,,,,,,0,0,0,,0,0,,,1,724304106,3,0,,,0,0,1,1,0,1,l.nevnIg4,3,i.8WdNbgQSMNGNG6g
6834521314832366809,0,5191906,18,724303425,0,0,0,,182857994,sagaId=182857994,8,0,0,0,0,0,0,0,0,0,0,0,0,0,-274449600,,,,,,0,0,0,,0,0,,,1,724304144,3,0,,,0,0,1,1,0,1,l.nevnIg4,3,i.KoJezQvu3eMeMKq
6834521314832366810,0,5191906,18,724303425,0,0,0,,182857986,sagaId=182857986,8,0,0,0,0,0,0,0,0,0,0,0,0,0,-274449600,,,,,,0,0,0,,0,0,,,1,724304155,3,0,,,0,0,1,1,0,1,l.nevnIg4,3,i.pmz048Bte0B0BvE
6834521314832366811,0,21442640,18,724303425,0,0,0,,182857478,sagaId=182857478,8,0,0,0,0,0,0,0,0,0,0,0,0,0,-274449600,,,,,,0,0,0,,0,0,,,1,724304170,3,0,,,0,0,1,1,0,1,l.nevnIg4,3,i.MoxKX6KSv949415
6834521314832366812,0,5191906,18,724303425,0,0,0,,182857734,sagaId=182857734,8,0,0,0,0,0,0,0,0,0,0,0,0,0,-274449600,,,,,,0,0,0,,0,0,,,1,724304178,3,0,,,0,0,1,1,0,1,l.nevnIg4,3,i.MoxKXJlfv949415
6834521314832366813,0,5191906,18,724303425,0,0,0,,182857486,sagaId=182857486,8,0,0,0,0,0,0,0,0,0,0,0,0,0,-274449600,,,,,,0,0,0,,0,0,,,1,724304228,3,0,,,0,0,1,1,0,1,l.nevnIg4,3,i.pmz04ldhe0B0BvE
6834521314832366814,0,21442640,18,724303425,0,0,0,,182857754,sagaId=182857754,8,0,0,0,0,0,0,0,0,0,0,0,0,0,-274449600,,,,,,0,0,0,,0,0,,,1,724304271,3,0,,,0,0,1,1,0,1,l.nevnIg4,3,i.kGO57BmsdvDvDzZ
6834521314832366815,0,21442640,18,724303425,0,0,0,,182857526,sagaId=182857526,8,0,0,0,0,0,0,0,0,0,0,0,0,0,-274449600,,,,,,0,0,0,,0,0,,,1,724304314,3,0,,,0,0,1,1,0,1,l.nevnIg4,3,i.YJMz6WAFeGmGmDZ
6834521314832366816,0,305436426,18,724303425,0,0,0,,182857498,sagaId=182857498,8,0,0,0,0,0,0,0,0,0,0,0,0,0,-274449600,,,,,,0,0,0,,0,0,,,1,724304416,3,0,,,0,0,1,1,0,1,l.nevnIg4,3,i.kGO57JKsdvDvDzZ
6834521314832366817,0,5191906,18,724303425,0,0,0,,182857490,sagaId=182857490,8,0,0,0,0,0,0,0,0,0,0,0,0,0,-274449600,,,,,,0,0,0,,0,0,,,1,724304420,3,0,,,0,0,1,1,0,1,l.nevnIg4,3,i.5PkLbaYtb8Y8Yak
6834521314832366818,0,27303383,18,724303425,0,0,0,,182857518,sagaId=182857518,8,0,0,0,0,0,0,0,0,0,0,0,0,0,-274449600,,,,,,0,0,0,,0,0,,,1,724304440,3,0,,,0,0,1,1,0,1,l.nevnIg4,3,i.zpZVNGPSBGVGV6b
6834521314832366819,0,27303383,18,724303425,0,0,0,,182857266,sagaId=182857266,8,0,0,0,0,0,0,0,0,0,0,0,0,0,-274449600,,,,,,0,0,0,,0,0,,,1,724304552,3,0,,,0,0,1,1,0,1,l.nevnIg4,3,i.3VBNbYRfb1x1xpY
6834521314832366820,0,27303383,18,724303425,0,0,0,,182857482,sagaId=182857482,8,0,0,0,0,0,0,0,0,0,0,0,0,0,-274449600,,,,,,0,0,0,,0,0,,,1,724304555,3,0,,,0,0,1,1,0,1,l.nevnIg4,3,i.2P0NboXTVObObRP
6834521314832366821,0,5191906,18,724303425,0,0,0,,182857762,sagaId=182857762,8,0,0,0,0,0,0,0,0,0,0,0,0,0,-274449600,,,,,,0,0,0,,0,0,,,1,724304583,3,0,,,0,0,1,1,0,1,l.nevnIg4,3,i.zpZVNq9fBGVGV6b
6834521314832366822,0,27303383,18,724303425,0,0,0,,182857750,sagaId=182857750,8,0,0,0,0,0,0,0,0,0,0,0,0,0,-274449600,,,,,,0,0,0,,0,0,,,1,724304590,3,0,,,0,0,1,1,0,1,l.nevnIg4,3,i.KoJezObi3eMeMKq
6834521314832366823,0,21442640,18,724303425,0,0,0,,182857998,sagaId=182857998,8,0,0,0,0,0,0,0,0,0,0,0,0,0,-274449600,,,,,,0,0,0,,0,0,,,1,724304593,3,0,,,0,0,1,1,0,1,l.nevnIg4,3,i.kGO57QPHdvDvDzZ
6834521314832366824,0,21442640,18,724303425,0,0,0,,182857778,sagaId=182857778,8,0,0,0,0,0,0,0,0,0,0,0,0,0,-274449600,,,,,,0,0,0,,0,0,,,1,724304600,3,0,,,0,0,1,1,0,1,l.nevnIg4,3,i.MoxKXYliv949415
6834521314832366825,0,193507763,18,724303425,0,0,0,,182857738,sagaId=182857738,8,0,0,0,0,0,0,0,0,0,0,0,0,0,-274449600,,,,,,0,0,0,,0,0,,,1,724304691,3,0,,,0,0,1,1,0,1,l.nevnIg4,3,i.2P0NbW3UVObObRP
6834521314832366826,0,5191906,18,724303425,0,0,0,,182857766,sagaId=182857766,8,0,0,0,0,0,0,0,0,0,0,0,0,0,-274449600,,,,,,0,0,0,,0,0,,,1,724304704,3,0,,,0,0,1,1,0,1,l.nevnIg4,3,i.3VBNbkktb1x1xpY
6834521314832366827,0,193501149,18,724303425,0,0,0,,182857782,sagaId=182857782,8,0,0,0,0,0,0,0,0,0,0,0,0,0,-274449600,,,,,,0,0,0,,0,0,,,1,724304728,3,0,,,0,0,1,1,0,1,l.nevnIg4,3,i.2P0NbZ3tVObObRP
6834521314832366828,0,27303383,18,724303425,0,0,0,,182857502,sagaId=182857502,8,0,0,0,0,0,0,0,0,0,0,0,0,0,-274449600,,,,,,0,0,0,,0,0,,,1,724304736,3,0,,,0,0,1,1,0,1,l.nevnIg4,3,i.5PkLbaDFb8Y8Yak
6834521314832366829,0,21442640,18,724303425,0,0,0,,182857270,sagaId=182857270,8,0,0,0,0,0,0,0,0,0,0,0,0,0,-274449600,,,,,,0,0,0,,0,0,,,1,724304744,3,0,,,0,0,1,1,0,1,l.nevnIg4,3,i.YJMz6L5TeGmGmDZ
8103097208985786449,1000465839267,0,0,1179376133,0,0,0,,0,,0,0,0,1,0,17193901029,17193901029,0,0,0,0,0,0,0,603626400,5dcb9d09-a7a4-46a9-b07b-97ae8f704e5c,https://feeds.captivate.fm/cybersecurityinterviews/,,,,0,0,0,,0,0,,,0,0,0,0,,,0,0,0,0,0,0,,0,
8668036783548290214,0,155814,15,332667239,0,0,0,,0,,0,0,0,0,0,0,0,0,0,0,0,0,0,0,-673981200,,,,,,0,0,0,,0,0,,,0,332667398,3,0,,,0,0,1,1,0,0,,0,
8877232900939930945,0,477241,18,1440932327,0,0,0,,0,,0,0,0,0,0,0,0,0,0,0,0,0,0,0,274104000,,,,,,0,0,0,,0,0,,,0,1440932750,3,0,,,0,0,1,1,0,0,,0,
8877232900939930946,0,330099445,18,1440642493,0,0,0,,0,,0,0,0,0,0,0,0,0,0,0,0,0,0,0,334584000,,,,,,0,0,0,,0,0,,,0,1440642731,3,0,,,0,0,1,1,0,0,,0,
8877232900939930947,0,242786,7,1444207150,0,0,0,,0,,0,0,0,0,0,0,0,0,0,0,0,0,0,0,180014400,,,,,,0,0,0,,0,0,,,0,1444208248,3,0,,,0,0,1,1,0,0,,0,
8877232900939930948,0,0,17,27065466,0,0,0,,0,,0,0,0,0,0,0,0,0,0,0,0,0,0,0,116751600,,,,,,0,0,0,,0,0,,,0,27065445,3,0,,,0,0,1,1,0,0,,0,
8877232900939930949,0,152545180,14,1390802774,0,0,0,,0,,0,0,0,0,0,0,0,0,0,0,0,0,0,0,315576000,,,,,,0,0,0,,0,0,,,0,1390803123,3,1,,,0,0,1,1,0,0,,0,
8877232900939930950,0,491859234,17,491899215,0,0,0,,0,,0,0,0,0,0,0,0,0,0,0,0,0,0,0,347889600,,,,,,0,0,0,,0,0,,,0,491899224,3,0,,,0,0,1,1,0,0,,0,
8877232900939930952,0,2899878,1072,1288137504,0,0,0,,0,,0,0,0,0,0,0,0,0,0,0,0,0,0,0,-254318400,,,,,,0,0,0,,0,0,,,0,1288137508,3,0,,,0,0,1,1,0,0,,0,
8877232900939930953,0,13673968,18,1436069035,0,0,0,,0,,0,0,0,0,0,0,0,0,0,0,0,0,0,0,-32529600,,,,,,0,0,0,,0,0,,,0,1436069263,3,0,,,0,0,1,1,0,0,,0,
8877232900939930954,0,31464235,1044,1145548381,0,0,0,,0,,0,0,0,0,0,0,0,0,0,0,0,0,0,0,234014400,,,,,,0,0,0,,0,0,,,0,1145548422,3,0,,,0,0,1,1,0,0,,0,
8877232900939930955,0,31464235,1044,1145548381,0,0,0,,0,,0,0,0,0,0,0,0,0,0,0,0,0,0,0,234014400,,,,,,0,0,0,,0,0,,,0,1145548433,3,0,,,0,0,1,1,0,0,,0,
8877232900939930956,0,421287512,15,923691585,0,0,0,,0,,0,0,0,0,0,0,0,0,0,0,0,0,0,0,300715200,,,,,,0,0,0,,0,0,,,0,923691611,3,0,,,0,0,1,1,0,0,,0,
8877232900939930959,0,1249423,17,1326268556,0,0,0,,0,,0,0,0,0,0,0,0,0,0,0,0,0,0,0,167054400,,,,,,0,0,0,,0,0,,,0,1326269026,3,0,,,0,0,1,1,0,0,,0,
8877232900939930961,0,1458641728,14,2001913,0,0,0,,0,,0,0,0,0,0,0,0,0,0,0,0,0,0,0,36936000,,,,,,0,0,0,,0,0,,,0,2001895,3,0,,,0,0,1,1,0,0,,0,
8877232900939930962,0,169711,18,1440668749,0,0,0,,0,,0,0,0,0,0,0,0,0,0,0,0,0,0,0,147009600,,,,,,0,0,0,,0,0,,,0,1440669048,3,0,,,0,0,1,1,0,0,,0,
8877232900939930963,0,216335172,18,1440742903,0,0,0,,0,,0,0,0,0,0,0,0,0,0,0,0,0,0,0,312120000,,,,,,0,0,0,,0,0,,,0,1440742911,3,0,,,0,0,1,1,0,0,,0,
8877232900939930964,0,0,18,449692222,0,0,0,,0,,0,0,0,0,0,0,0,0,0,0,0,0,0,0,331905600,,,,,,0,0,0,,0,0,,,0,449692310,3,0,,,0,0,1,1,0,0,,0,
8877232900939930965,0,296059745,14,1443061797,0,0,0,,0,,0,0,0,0,0,0,0,0,0,0,0,0,0,0,343310400,,,,,,0,0,0,,0,0,,,0,1443061990,3,1,,,0,0,1,1,0,0,,0,
8877232900939930966,0,79798,18,1440775535,0,0,0,,0,,0,0,0,0,0,0,0,0,2,0,0,0,0,0,37540800,,,,,,0,0,0,,0,0,,,0,1440775815,3,0,,,0,0,1,1,0,0,,0,
8877232900939930967,0,514202461,18,261634389,0,0,0,,0,,0,0,0,0,0,0,0,0,0,0,0,0,0,0,209372400,,,,,,0,0,0,,0,0,,,0,261634431,3,0,,,0,0,1,1,0,0,,0,
8877232900939930968,0,0,7,723618400,0,0,0,,0,,0,0,0,0,0,0,0,0,0,0,0,0,0,0,31579200,,,,,,0,0,0,,0,0,,,0,723618748,3,0,,,0,0,1,1,0,0,,0,
8877232900939930969,0,0,7,724514728,0,0,0,,0,,0,0,0,0,0,0,0,0,0,0,0,0,0,0,128260800,,,,,,0,0,0,,0,0,,,0,724515236,3,0,,,0,0,1,1,0,0,,0,
8877232900939930970,0,0,17,721250234,0,0,0,,0,,0,0,0,0,0,0,0,0,0,0,0,0,0,0,85924800,,,,,,0,0,0,,0,0,,,0,721250705,3,0,,,0,0,1,1,0,0,,0,
8877232900939930971,0,277116992,20,285519147,0,0,0,,0,,0,0,0,0,0,0,0,0,0,0,0,0,0,0,229003200,,,,,,0,0,0,,0,0,,,0,285519312,3,0,,,0,0,1,1,0,0,,0,
8877232900939930972,0,631880,18,1471570992,0,0,0,,0,,0,0,0,0,0,0,0,0,0,0,0,0,0,0,165240000,,,,,,0,0,0,,0,0,,,0,1471570999,3,0,,,0,0,1,1,0,0,,0,
8877232900939930973,0,26516732,18,484275413,0,0,0,,0,,0,0,0,0,0,0,0,0,0,0,0,0,0,0,345729600,,,,,,0,0,0,,0,0,,,0,484275420,3,0,,,0,0,1,1,0,0,,0,
8877232900939930974,0,466357,7,1443172917,0,0,0,,0,,0,0,0,0,0,0,0,0,0,0,0,0,0,0,18273600,,,,,,0,0,0,,0,0,,,0,1443173052,3,0,,,0,0,1,1,0,0,,0,
8877232900939930975,0,13634543,7,1440899631,0,0,0,,0,,0,0,0,0,0,0,0,0,0,0,0,0,0,0,-105710400,,,,,,0,0,0,,0,0,,,0,1440899646,3,0,,,0,0,1,1,0,0,,0,
8877232900939930976,0,97217,7,1440899631,0,0,0,,0,,0,0,0,0,0,0,0,0,0,0,0,0,0,0,-109166400,,,,,,0,0,0,,0,0,,,0,1440899757,3,0,,,0,0,1,1,0,0,,0,
8877232900939930977,0,200986,18,268503472,0,0,0,,0,,0,0,0,0,0,0,0,0,0,0,0,0,0,0,-112986000,,,,,,0,0,0,,0,0,,,0,268503539,3,0,,,0,0,1,1,0,0,,0,
8877232900939930978,0,372157411,18,368016701,0,0,0,,0,,0,0,0,0,0,0,0,0,2,0,0,0,0,0,294044400,,,,,,0,0,0,,0,0,,,0,368016762,3,0,,,0,0,1,1,0,0,,0,
8877232900939930979,0,0,17,1021728914,0,0,0,,0,,0,0,0,0,0,0,0,0,0,0,0,0,0,0,353228400,,,,,,0,0,0,,0,0,,,0,1021729324,3,0,,,0,0,1,1,0,0,,0,
8877232900939930980,0,5296377,20,201257412,0,0,0,,0,,0,0,0,0,0,0,0,0,0,0,0,0,0,0,98438400,,,,,,0,0,0,,0,0,,,0,201257515,3,0,,,0,0,1,1,0,0,,0,
8877232900939930981,0,6120634,18,258594624,0,0,0,,0,,0,0,0,0,0,0,0,0,0,0,0,0,0,0,-247248000,,,,,,0,0,0,,0,0,,,0,258594662,3,0,,,0,0,1,1,0,0,,0,
8877232900939930982,0,291329,14,268549870,0,0,0,,0,,0,0,0,0,0,0,0,0,0,0,0,0,0,0,-74260800,,,,,,0,0,0,,0,0,,,0,268549907,3,0,,,0,0,1,1,0,0,,0,
8877232900939930983,0,288859689,17,491596645,0,0,0,,0,,0,0,0,0,0,0,0,0,0,0,0,0,0,0,346320000,,,,,,0,0,0,,0,0,,,0,491596647,3,0,,,0,0,1,1,0,0,,0,
8877232900939930984,0,200215,14,1440823188,0,0,0,,0,,0,0,0,0,0,0,0,0,0,0,0,0,0,0,404395200,,,,,,0,0,0,,0,0,,,0,1440823190,3,1,,,0,0,1,1,0,0,,0,
8877232900939930985,0,83837875,1152,1440759548,0,0,0,,0,,0,0,0,0,0,0,0,0,0,0,0,0,0,0,152452800,,,,,,0,0,0,,0,0,,,0,1440760397,3,0,,,0,0,1,1,0,0,,0,
8877232900939930986,0,41771235,1152,1377826053,0,0,0,,0,,0,0,0,0,0,0,0,0,0,0,0,0,0,0,-424458000,,,,,,0,0,0,,0,0,,,0,1377826748,3,1,,,0,0,1,1,0,0,,0,
8877232900939930987,0,1200612,1152,980840548,0,0,0,,0,,0,0,0,0,0,0,0,0,0,0,0,0,0,0,-722347200,,,,,,0,0,0,,0,0,,,0,980840768,3,1,,,0,0,1,1,0,0,,0,
8877232900939930988,0,1200612,1152,977496493,0,0,0,,0,,0,0,0,0,0,0,0,0,0,0,0,0,0,0,-687268800,,,,,,0,0,0,,0,0,,,0,977497164,3,0,,,0,0,1,1,0,0,,0,
8877232900939930989,0,1202147,1152,182254190,0,0,0,,0,,0,0,0,0,0,0,0,0,0,0,0,0,0,0,123494400,,,,,,0,0,0,,0,0,,,0,182254421,3,0,,,0,0,1,1,0,0,,0,
8877232900939930990,0,21443915,18,1440785433,0,0,0,,0,,0,0,0,0,0,0,0,0,0,0,0,0,0,0,90504000,,,,,,0,0,0,,0,0,,,0,1440785690,3,0,,,0,0,1,1,0,0,,0,
8877232900939930991,0,0,18,724899844,0,0,0,,0,,0,0,0,0,0,0,0,0,0,0,0,0,0,0,-208630800,,,,,,0,0,0,,0,0,,,0,724900581,3,0,,,0,0,1,1,0,0,,0,
8877232900939930992,0,119181344,18,856131729,0,0,0,,0,,0,0,0,0,0,0,0,0,0,0,0,0,0,0,-211568400,,,,,,0,0,0,,0,0,,,0,856131734,3,0,,,0,0,1,1,0,0,,0,
8877232900939930993,0,0,7,1309413641,0,0,0,,0,,0,0,0,0,0,0,0,0,0,0,0,0,0,0,396273600,,,,,,0,0,0,,0,0,,,0,1309413643,3,0,,,0,0,1,1,0,0,,0,
8877232900939930995,0,1274717056,18,95787592,0,0,0,,0,,0,0,0,0,0,0,0,0,0,0,0,0,0,0,150015600,,,,,,0,0,0,,0,0,,,0,95786277,3,0,,,0,0,1,1,0,0,,0,
8877232900939930996,0,0,7,592218450,0,0,0,,0,,0,0,0,0,0,0,0,0,0,0,0,0,0,0,379324800,,,,,,0,0,0,,0,0,,,0,592218463,3,0,,,0,0,1,1,0,0,,0,
8877232900939930997,0,0,7,259751732,0,0,0,,0,,0,0,0,0,0,0,0,0,0,0,0,0,0,0,203860800,,,,,,0,0,0,,0,0,,,0,259751738,3,0,,,0,0,1,1,0,0,,0,
8877232900939930998,0,3432068,20,214143263,0,0,0,,0,,0,0,0,0,0,0,0,0,0,0,0,0,0,0,16459200,,,,,,0,0,0,,0,0,,,0,214143283,3,0,,,0,0,1,1,0,0,,0,
8877232900939930999,0,315986,14,1440782221,0,0,0,,0,,0,0,0,0,0,0,0,0,0,0,0,0,0,0,-38491200,,,,,,0,0,0,,0,0,,,0,1440782870,3,0,,,0,0,1,1,0,0,,0,
8877232900939931000,0,93267045,18,209743563,0,0,0,,0,,0,0,0,0,0,0,0,0,0,0,0,0,0,0,-1684800,,,,,,0,0,0,,0,0,,,0,209743950,3,0,,,0,0,1,1,0,0,,0,
8877232900939931001,0,0,7,1309378782,0,0,0,,0,,0,0,0,0,0,0,0,0,0,0,0,0,0,0,390225600,,,,,,0,0,0,,0,0,,,0,1309378788,3,0,,,0,0,1,1,0,0,,0,
8877232900939931002,0,13075897,18,1451142304,0,0,0,,0,,0,0,0,0,0,0,0,0,0,0,0,0,0,0,207558000,,,,,,0,0,0,,0,0,,,0,1451142309,3,0,,,0,0,1,1,0,0,,0,
8877232900939931003,0,0,7,1309378782,0,0,0,,0,,0,0,0,0,0,0,0,0,0,0,0,0,0,0,390225600,,,,,,0,0,0,,0,0,,,0,1309378794,3,0,,,0,0,1,1,0,0,,0,
8877232900939931004,0,27392758,18,1440781908,0,0,0,,0,,0,0,0,0,0,0,0,0,0,0,0,0,0,0,289742400,,,,,,0,0,0,,0,0,,,0,1440782112,3,0,,,0,0,1,1,0,0,,0,
8877232900939931005,0,3637271,18,1440774246,0,0,0,,0,,0,0,0,0,0,0,0,0,0,0,0,0,0,0,264081600,,,,,,0,0,0,,0,0,,,0,1440774679,3,0,,,0,0,1,1,0,0,,0,
8877232900939931006,0,75129666,14,1440885156,0,0,0,,0,,0,0,0,0,0,0,0,0,0,0,0,0,0,0,279547200,,,,,,0,0,0,,0,0,,,0,1440885474,3,1,,,0,0,1,1,0,0,,0,
8877232900939931007,0,610838,1152,574043989,0,0,0,,0,,0,0,0,0,0,0,0,0,0,0,0,0,0,0,-676400400,,,,,,0,0,0,,0,0,,,0,574044008,3,1,,,0,0,1,1,0,0,,0,
8877232900939931008,0,397069,18,1443212742,0,0,0,,0,,0,0,0,0,0,0,0,0,0,0,0,0,0,0,-327153600,,,,,,0,0,0,,0,0,,,0,1443212765,3,1,,,0,0,1,1,0,0,,0,
8877232900939931009,0,193499834,18,1450651510,0,0,0,,0,,0,0,0,0,0,0,0,0,0,0,0,0,0,0,50328000,,,,,,0,0,0,,0,0,,,0,1450651515,3,0,,,0,0,1,1,0,0,,0,
8877232900939931010,0,81873252,18,1443143554,0,0,0,,0,,0,0,0,0,0,0,0,0,0,0,0,0,0,0,-207316800,,,,,,0,0,0,,0,0,,,0,1443144285,3,1,,,0,0,1,1,0,0,,0,
8877232900939931011,0,0,18,320626506,0,0,0,,0,,0,0,0,0,0,0,0,0,0,0,0,0,0,0,267364800,,,,,,0,0,0,,0,0,,,0,320626515,3,0,,,0,0,1,1,0,0,,0,
8877232900939931012,0,1493926,18,1440767775,0,0,0,,0,,0,0,0,0,0,0,0,0,0,0,0,0,0,0,-97848000,,,,,,0,0,0,,0,0,,,0,1440768426,3,0,,,0,0,1,1,0,0,,0,
8877232900939931013,0,41905947,14,1122778377,0,0,0,,0,,0,0,0,0,0,0,0,0,0,0,0,0,0,0,233391600,,,,,,0,0,0,,0,0,,,0,1122778616,3,1,,,0,0,1,1,0,0,,0,
8877232900939931014,0,0,17,570038793,0,0,0,,0,,0,0,0,0,0,0,0,0,0,0,0,0,0,0,371631600,,,,,,0,0,0,,0,0,,,0,570039354,3,0,,,0,0,1,1,0,0,,0,
8877232900939931015,0,98277385,14,938032038,0,0,0,,0,,0,0,0,0,0,0,0,0,2,0,0,0,0,0,437299200,,,,,,0,0,0,,0,0,,,0,938032045,3,1,,,0,0,1,1,0,0,,0,
8877232900939931016,0,994158070,1048,994157912,0,0,0,,0,,0,0,0,0,0,0,0,0,0,0,0,0,0,0,455457600,,,,,,0,0,0,,0,0,,,0,994158067,3,0,,,0,0,1,1,0,0,,0,
8877232900939931017,0,164174264,20,1440881121,0,0,0,,0,,0,0,0,0,0,0,0,0,0,0,0,0,0,0,456062400,,,,,,0,0,0,,0,0,,,0,1440881782,3,1,,,0,0,1,1,0,0,,0,
8877232900939931018,0,174905,18,265670545,0,0,0,,0,,0,0,0,0,0,0,0,0,0,0,0,0,0,0,-225475200,,,,,,0,0,0,,0,0,,,0,265670554,3,0,,,0,0,1,1,0,0,,0,
8877232900939931019,0,0,18,6562015,0,0,0,,0,,0,0,0,0,0,0,0,0,0,0,0,0,0,0,-87580800,,,,,,0,0,0,,0,0,,,0,6561973,3,0,,,0,0,1,1,0,0,,0,
8877232900939931020,0,341511423,14,1440808308,0,0,0,,0,,0,0,0,0,0,0,0,0,0,0,0,0,0,0,356270400,,,,,,0,0,0,,0,0,,,0,1440808312,3,1,,,0,0,1,1,0,0,,0,
8877232900939931021,0,477241,18,164288190,0,0,0,,0,,0,0,0,0,0,0,0,0,0,0,0,0,0,0,174294000,,,,,,0,0,0,,0,0,,,0,164288280,3,0,,,0,0,1,1,0,0,,0,
8877232900939931022,0,1889574,21,1422924587,0,0,0,,0,,0,0,0,0,0,0,0,0,0,0,0,0,0,0,57844800,,,,,,0,0,0,,0,0,,,0,1422924588,3,0,,,0,0,1,1,0,0,,0,
8877232900939931023,0,395584,7,1463775966,0,0,0,,0,,0,0,0,0,0,0,0,0,0,0,0,0,0,0,-77389200,,,,,,0,0,0,,0,0,,,0,1463775977,3,0,,,0,0,1,1,0,0,,0,
8877232900939931024,0,1500436248,20,1485016497,0,0,0,,0,,0,0,0,0,0,0,0,0,0,0,0,0,0,0,231145200,,,,,,0,0,0,,0,0,,,0,1485016695,3,0,,,0,0,1,1,0,0,,0,
8877232900939931025,0,214287,14,1443236832,0,0,0,,0,,0,0,0,0,0,0,0,0,0,0,0,0,0,0,-247924800,,,,,,0,0,0,,0,0,,,0,1443236834,3,1,,,0,0,1,1,0,0,,0,
8877232900939931026,0,27501376,20,290302885,0,0,0,,0,,0,0,0,0,0,0,0,0,0,0,0,0,0,0,243500400,,,,,,0,0,0,,0,0,,,0,290303018,3,0,,,0,0,1,1,0,0,,0,
8877232900939931027,0,0,17,307201642,0,0,0,,0,,0,0,0,0,0,0,0,0,0,0,0,0,0,0,240735600,,,,,,0,0,0,,0,0,,,0,307201664,3,0,,,0,0,1,1,0,0,,0,
8877232900939931028,0,0,17,395568922,0,0,0,,0,,0,0,0,0,0,0,0,0,0,0,0,0,0,0,300024000,,,,,,0,0,0,,0,0,,,0,395569100,3,0,,,0,0,1,1,0,0,,0,
8877232900939931029,0,806931,18,1440903530,0,0,0,,0,,0,0,0,0,0,0,0,0,0,0,0,0,0,0,44107200,,,,,,0,0,0,,0,0,,,0,1440903814,3,0,,,0,0,1,1,0,0,,0,
8877232900939931030,0,723540397,18,1451142304,0,0,0,,0,,0,0,0,0,0,0,0,0,0,0,0,0,0,0,211186800,,,,,,0,0,0,,0,0,,,0,1451142321,3,0,,,0,0,1,1,0,0,,0,
8877232900939931031,0,163387215,18,1451142304,0,0,0,,0,,0,0,0,0,0,0,0,0,0,0,0,0,0,0,211186800,,,,,,0,0,0,,0,0,,,0,1451142480,3,0,,,0,0,1,1,0,0,,0,
8877232900939931033,0,813281,18,254976948,0,0,0,,0,,0,0,0,0,0,0,0,0,0,0,0,0,0,0,-142102800,,,,,,0,0,0,,0,0,,,0,254977344,3,0,,,0,0,1,1,0,0,,0,
8877232900939931034,0,2902241,18,101387676,0,0,0,,0,,0,0,0,0,0,0,0,0,0,0,0,0,0,0,-220881600,,,,,,0,0,0,,0,0,,,0,101387003,3,0,,,0,0,1,1,0,0,,0,
8877232900939931035,0,21771929,18,1440799801,0,0,0,,0,,0,0,0,0,0,0,0,0,0,0,0,0,0,0,-82123200,,,,,,0,0,0,,0,0,,,0,1440800364,3,0,,,0,0,1,1,0,0,,0,
8877232900939931036,0,1581877,18,324099374,0,0,0,,0,,0,0,0,0,0,0,0,0,0,0,0,0,0,0,-7214400,,,,,,0,0,0,,0,0,,,0,324099806,3,0,,,0,0,1,1,0,0,,0,
8877232900939931037,0,30382538,18,216957211,0,0,0,,0,,0,0,0,0,0,0,0,0,0,0,0,0,0,0,194875200,,,,,,0,0,0,,0,0,,,0,216957471,3,0,,,0,0,1,1,0,0,,0,
8877232900939931038,0,0,7,993822573,0,0,0,,0,,0,0,0,0,0,0,0,0,0,0,0,0,0,0,455544000,,,,,,0,0,0,,0,0,,,0,993823300,3,1,,,0,0,1,1,0,0,,0,
8877232900939931039,0,290182624,18,613867183,0,0,0,,0,,0,0,0,0,0,0,0,0,0,0,0,0,0,0,336294000,,,,,,0,0,0,,0,0,,,0,613867349,3,0,,,0,0,1,1,0,0,,0,
8877232900939931040,0,79974143,18,1440737099,0,0,0,,0,,0,0,0,0,0,0,0,0,0,0,0,0,0,0,233582400,,,,,,0,0,0,,0,0,,,0,1440737328,3,0,,,0,0,1,1,0,0,,0,
8877232900939931041,0,56912208,18,1440737099,0,0,0,,0,,0,0,0,0,0,0,0,0,0,0,0,0,0,0,234705600,,,,,,0,0,0,,0,0,,,0,1440737333,3,0,,,0,0,1,1,0,0,,0,
8877232900939931042,0,108717,14,1440845400,0,0,0,,0,,0,0,0,0,0,0,0,0,0,0,0,0,0,0,-165326400,,,,,,0,0,0,,0,0,,,0,1440845552,3,1,,,0,0,1,1,0,0,,0,
8877232900939931043,0,463953572,20,945571209,0,0,0,,0,,0,0,0,0,0,0,0,0,0,0,0,0,0,0,-170355600,,,,,,0,0,0,,0,0,,,0,945571324,3,1,,,0,0,1,1,0,0,,0,
8877232900939931044,0,19578,18,1443402101,0,0,0,,0,,0,0,0,0,0,0,0,0,0,0,0,0,0,0,67867200,,,,,,0,0,0,,0,0,,,0,1443402108,3,0,,,0,0,1,1,0,0,,0,
8877232900939931045,0,468088,18,1443560047,0,0,0,,0,,0,0,0,0,0,0,0,0,0,0,0,0,0,0,144072000,,,,,,0,0,0,,0,0,,,0,1443560327,3,0,,,0,0,1,1,0,0,,0,
8877232900939931046,0,155517,18,1451142304,0,0,0,,0,,0,0,0,0,0,0,0,0,0,0,0,0,0,0,211186800,,,,,,0,0,0,,0,0,,,0,1451142308,3,0,,,0,0,1,1,0,0,,0,
8877232900939931047,0,1023021502,17,1050203612,0,0,0,,0,,0,0,0,0,0,0,0,0,0,0,0,0,0,0,456130800,,,,,,0,0,0,,0,0,,,0,1050203620,3,0,,,0,0,1,1,0,0,,0,
8877232900939931048,0,5468291,17,697194953,0,0,0,,0,,0,0,0,0,0,0,0,0,0,0,0,0,0,0,4867200,,,,,,0,0,0,,0,0,,,0,697195991,3,0,,,0,0,1,1,0,0,,0,
8877232900939931049,0,5468291,17,697194953,0,0,0,,0,,0,0,0,0,0,0,0,0,0,0,0,0,0,0,4867200,,,,,,0,0,0,,0,0,,,0,697195570,3,0,,,0,0,1,1,0,0,,0,
8877232900939931050,0,35315,18,1440816032,0,0,0,,0,,0,0,0,0,0,0,0,0,0,0,0,0,0,0,-393768000,,,,,,0,0,0,,0,0,,,0,1440816033,3,1,,,0,0,1,1,0,0,,0,
8877232900939931051,0,602102859,1152,1440766484,0,0,0,,0,,0,0,0,0,0,0,0,0,0,0,0,0,0,0,-238852800,,,,,,0,0,0,,0,0,,,0,1440766501,3,0,,,0,0,1,1,0,0,,0,
8877232900939931052,0,3846780,21,639594460,0,0,0,,0,,0,0,0,0,0,0,0,0,0,0,0,0,0,0,195998400,,,,,,0,0,0,,0,0,,,0,639594703,3,0,,,0,0,1,1,0,0,,0,
8877232900939931053,0,293940201,18,418674062,0,0,0,,0,,0,0,0,0,0,0,0,0,0,0,0,0,0,0,341305200,,,,,,0,0,0,,0,0,,,0,418674083,3,0,,,0,0,1,1,0,0,,0,
8877232900939931054,0,3200940,1152,721274536,0,0,0,,0,,0,0,0,0,0,0,0,0,0,0,0,0,0,0,-327153600,,,,,,0,0,0,,0,0,,,0,721275927,3,0,,,0,0,1,1,0,0,,0,
8877232900939931055,0,463583,15,1460856731,0,0,0,,0,,0,0,0,0,0,0,0,0,0,0,0,0,0,0,-1041422400,,,,,,0,0,0,,0,0,,,0,1460856742,3,0,,,0,0,1,1,0,0,,0,
8877232900939931056,0,106336,1152,1440855214,0,0,0,,0,,0,0,0,0,0,0,0,0,0,0,0,0,0,0,-215179200,,,,,,0,0,0,,0,0,,,0,1440855217,3,0,,,0,0,1,1,0,0,,0,
8877232900939931057,0,53333006,1152,6433668,0,0,0,,0,,0,0,0,0,0,0,0,0,0,0,0,0,0,0,79272000,,,,,,0,0,0,,0,0,,,0,6433618,3,0,,,0,0,1,1,0,0,,0,
8877232900939931058,0,0,16,1200015528,0,0,0,,0,,0,0,0,0,0,0,0,0,0,0,0,0,0,0,374068800,,,,,,0,0,0,,0,0,,,0,1200015531,3,0,,,0,0,1,1,0,0,,0,
8877232900939931059,0,1164280,20,1440747620,0,0,0,,0,,0,0,0,0,0,0,0,0,0,0,0,0,0,0,272808000,,,,,,0,0,0,,0,0,,,0,1440748133,3,0,,,0,0,1,1,0,0,,0,
8877232900939931060,0,2969135,7,1471582670,0,0,0,,0,,0,0,0,0,0,0,0,0,0,0,0,0,0,0,295099200,,,,,,0,0,0,,0,0,,,0,1471582951,3,0,,,0,0,1,1,0,0,,0,
8877232900939931061,0,0,7,724586119,0,0,0,,0,,0,0,0,0,0,0,0,0,0,0,0,0,0,0,-157809600,,,,,,0,0,0,,0,0,,,0,724586285,3,0,,,0,0,1,1,0,0,,0,
8877232900939931062,0,1095317672,1044,1095804618,0,0,0,,0,,0,0,0,0,0,0,0,0,0,0,0,0,0,0,485438400,,,,,,0,0,0,,0,0,,,0,1095804809,3,1,,,0,0,1,1,0,0,,0,
8877232900939931063,0,293826208,14,1161503945,0,0,0,,0,,0,0,0,0,0,0,0,0,0,0,0,0,0,0,497516400,,,,,,0,0,0,,0,0,,,0,1161504024,3,1,,,0,0,1,1,0,0,,0,
8877232900939931064,0,117118,1143,1440884781,0,0,0,,0,,0,0,0,0,0,0,0,0,0,0,0,0,0,0,518702400,,,,,,0,0,0,,0,0,,,0,1440885385,3,1,,,0,0,1,1,0,0,,0,
8877232900939931065,0,400287,20,1440881121,0,0,0,,0,,0,0,0,0,0,0,0,0,0,0,0,0,0,0,527428800,,,,,,0,0,0,,0,0,,,0,1440881551,3,1,,,0,0,1,1,0,0,,0,
8877232900939931066,0,628845,18,206201734,0,0,0,,0,,0,0,0,0,0,0,0,0,2,0,0,0,0,0,-303584400,,,,,,0,0,0,,0,0,,,0,206201769,3,0,,,0,0,1,1,0,0,,0,
8877232900939931067,0,381522179,1073,1181223162,0,0,0,,0,,0,0,0,0,0,0,0,0,0,0,0,0,0,0,502358400,,,,,,0,0,0,,0,0,,,0,1181223168,3,0,,,0,0,1,1,0,0,,0,
8877232900939931068,0,21454,18,906888433,0,0,0,,0,,0,0,0,0,0,0,0,0,0,0,0,0,0,0,-121104000,,,,,,0,0,0,,0,0,,,0,906888487,3,0,,,0,0,1,1,0,0,,0,
8877232900939931069,0,1185979,18,906888433,0,0,0,,0,,0,0,0,0,0,0,0,0,0,0,0,0,0,0,-119030400,,,,,,0,0,0,,0,0,,,0,906888513,3,0,,,0,0,1,1,0,0,,0,
8877232900939931070,0,322851593,18,906888433,0,0,0,,0,,0,0,0,0,0,0,0,0,0,0,0,0,0,0,-119030400,,,,,,0,0,0,,0,0,,,0,906888520,3,0,,,0,0,1,1,0,0,,0,
8877232900939931071,0,899409,1152,191450810,0,0,0,,0,,0,0,0,0,0,0,0,0,0,0,0,0,0,0,-257529600,,,,,,0,0,0,,0,0,,,0,191451133,3,1,,,0,0,1,1,0,0,,0,
8877232900939931072,0,899409,1152,171209446,0,0,0,,0,,0,0,0,0,0,0,0,0,0,0,0,0,0,0,91440000,,,,,,0,0,0,,0,0,,,0,171210423,3,0,,,0,0,1,1,0,0,,0,
8877232900939931073,0,216815,15,1456623332,0,0,0,,0,,0,0,0,0,0,0,0,0,0,0,0,0,0,0,-698068800,,,,,,0,0,0,,0,0,,,0,1456623340,3,1,,,0,0,1,1,0,0,,0,
8877232900939931074,0,201955086,14,1443061797,0,0,0,,0,,0,0,0,0,0,0,0,0,0,0,0,0,0,0,337435200,,,,,,0,0,0,,0,0,,,0,1443062143,3,1,,,0,0,1,1,0,0,,0,
8877232900939931075,0,41412176,18,1443733691,0,0,0,,0,,0,0,0,0,0,0,0,0,0,0,0,0,0,0,-301060800,,,,,,0,0,0,,0,0,,,0,1443733932,3,0,,,0,0,1,1,0,0,,0,
8877232900939931076,0,21471498,7,1382775288,0,0,0,,0,,0,0,0,0,0,0,0,0,0,0,0,0,0,0,109512000,,,,,,0,0,0,,0,0,,,0,1382776667,3,0,,,0,0,1,1,0,0,,0,
8877232900939931077,0,876741,16,377806608,0,0,0,,0,,0,0,0,0,0,0,0,0,0,0,0,0,0,0,-280238400,,,,,,0,0,0,,0,0,,,0,377806663,3,0,,,0,0,1,1,0,0,,0,
9037246110081599949,1000470969345,0,0,1222114325,0,0,0,,0,,0,0,0,1,0,17193901029,17193901029,0,0,0,0,0,0,0,608118425,ad400e03-9097-4050-829d-ab1ffd6f6a6a,https://feeds.npr.org/510318/podcast.xml,,,,0,0,0,,0,0,,,0,0,0,0,,,0,0,0,0,0,0,,0,
9111574466154398660,0,0,0,994362496,0,0,0,,0,,0,0,0,1,0,17193901029,17193901029,0,0,0,0,0,0,0,606906022,https://iotpodcast.com/?p=2210,https://iotpodcast.com/feed/podcast/,,,,0,0,0,,0,0,,,0,0,0,0,,,0,0,0,0,0,0,,0,
