container_item_pid,container_pid,item_pid,position
124034519188845077,6290048071707679568,8877232900939930954,23
575139746318511369,6290048071707679568,8877232900939931011,25
646468131402653854,6290048071707679568,8877232900939931012,9
1729929474435002489,6290048071707679568,8877232900939930979,4
1832617240412736293,6290048071707679568,8877232900939930947,18
2405845319436226437,6290048071707679568,8877232900939930973,24
2836394144421240220,6290048071707679568,8877232900939931007,10
2931192082732297312,1675494059300644005,8877232900939930945,0
2931192082732297313,1675494059300644005,8877232900939930946,1
2931192082732297314,1675494059300644005,8877232900939930947,2
2931192082732297315,1675494059300644005,8877232900939930948,3
2931192082732297316,1675494059300644005,8877232900939930949,4
2931192082732297317,1675494059300644005,8877232900939930950,5
2931192082732297319,1675494059300644005,8877232900939930952,7
2931192082732297320,1675494059300644005,8877232900939930953,8
2931192082732297321,1675494059300644005,8877232900939930954,9
2931192082732297322,1675494059300644005,8877232900939930955,10
2931192082732297323,1675494059300644005,8877232900939930956,11
2931192082732297326,1675494059300644005,8877232900939930959,14
2931192082732297328,1675494059300644005,8877232900939930961,16
2931192082732297329,1675494059300644005,8877232900939930962,17
2931192082732297330,1675494059300644005,8877232900939930963,18
2931192082732297331,1675494059300644005,8877232900939930964,19
2931192082732297332,1675494059300644005,8877232900939930965,20
2931192082732297333,1675494059300644005,8877232900939930966,21
2931192082732297334,1675494059300644005,8877232900939930967,22
2931192082732297335,1675494059300644005,8877232900939930968,23
2931192082732297336,1675494059300644005,8877232900939930969,24
2931192082732297337,1675494059300644005,8877232900939930970,25
2931192082732297338,1675494059300644005,8877232900939930971,26
2931192082732297339,1675494059300644005,8877232900939930972,27
2931192082732297340,1675494059300644005,8877232900939930973,28
2931192082732297341,1675494059300644005,8877232900939930974,29
2931192082732297342,1675494059300644005,8877232900939930975,30
2931192082732297343,1675494059300644005,8877232900939930976,31
2931192082732297344,1675494059300644005,8877232900939930977,32
2931192082732297346,1675494059300644005,8877232900939930979,34
2931192082732297347,1675494059300644005,8877232900939930980,35
2931192082732297348,1675494059300644005,8877232900939930981,36
2931192082732297349,1675494059300644005,8877232900939930982,38
2931192082732297350,1675494059300644005,8877232900939930983,39
2931192082732297351,1675494059300644005,8877232900939930984,40
2931192082732297352,1675494059300644005,8877232900939930985,41
2931192082732297353,1675494059300644005,8877232900939930986,42
2931192082732297354,1675494059300644005,1359453492144287604,43
2931192082732297355,1675494059300644005,8877232900939930987,44
2931192082732297356,1675494059300644005,8877232900939930988,45
2931192082732297357,1675494059300644005,1359453492144287582,46
2931192082732297358,1675494059300644005,8877232900939930989,47
2931192082732297359,1675494059300644005,8877232900939930990,48
2931192082732297360,1675494059300644005,8877232900939930991,49
2931192082732297361,1675494059300644005,8877232900939930992,50
2931192082732297362,1675494059300644005,8877232900939930993,51
2931192082732297364,1675494059300644005,8877232900939930995,53
2931192082732297365,1675494059300644005,8877232900939930996,54
2931192082732297366,1675494059300644005,8877232900939930997,55
2931192082732297367,1675494059300644005,8877232900939930998,56
2931192082732297368,1675494059300644005,8877232900939930999,57
2931192082732297369,1675494059300644005,8877232900939931000,58
2931192082732297370,1675494059300644005,8877232900939931001,59
2931192082732297371,1675494059300644005,8877232900939931002,60
2931192082732297372,1675494059300644005,8877232900939931003,61
2931192082732297373,1675494059300644005,8877232900939931004,62
2931192082732297374,1675494059300644005,8877232900939931005,63
2931192082732297375,1675494059300644005,8877232900939931006,64
2931192082732297376,1675494059300644005,8877232900939931007,65
2931192082732297377,1675494059300644005,8877232900939931008,66
2931192082732297378,1675494059300644005,8877232900939931009,67
2931192082732297379,1675494059300644005,8877232900939931010,68
2931192082732297380,1675494059300644005,8877232900939931011,69
2931192082732297381,1675494059300644005,8877232900939931012,70
2931192082732297382,1675494059300644005,8877232900939931013,71
2931192082732297383,1675494059300644005,8877232900939931014,72
2931192082732297385,1675494059300644005,8877232900939931016,74
2931192082732297386,1675494059300644005,8877232900939931017,75
2931192082732297387,1675494059300644005,8877232900939931018,76
2931192082732297388,1675494059300644005,8877232900939931019,77
2931192082732297389,1675494059300644005,8877232900939931020,78
2931192082732297390,1675494059300644005,8877232900939931021,79
2931192082732297391,1675494059300644005,8877232900939931022,80
2931192082732297392,1675494059300644005,8877232900939931023,81
2931192082732297393,1675494059300644005,8877232900939931024,82
2931192082732297394,1675494059300644005,8877232900939931025,83
2931192082732297395,1675494059300644005,8877232900939931026,84
2931192082732297396,1675494059300644005,8877232900939931027,85
2931192082732297397,1675494059300644005,8877232900939931028,86
2931192082732297398,1675494059300644005,8877232900939931029,87
2931192082732297399,1675494059300644005,8877232900939931030,88
2931192082732297400,1675494059300644005,8877232900939931031,89
2931192082732297402,1675494059300644005,8877232900939931033,91
2931192082732297403,1675494059300644005,8877232900939931034,92
2931192082732297404,1675494059300644005,8877232900939931035,93
2931192082732297405,1675494059300644005,8877232900939931036,94
2931192082732297406,1675494059300644005,8877232900939931037,95
2931192082732297407,1675494059300644005,8877232900939931038,96
2931192082732297408,1675494059300644005,8877232900939931039,97
2931192082732297409,1675494059300644005,8877232900939931040,98
2931192082732297410,1675494059300644005,8877232900939931041,99
2931192082732297411,1675494059300644005,8877232900939931042,100
2931192082732297412,1675494059300644005,8877232900939931043,101
2931192082732297413,1675494059300644005,8877232900939931044,102
2931192082732297414,1675494059300644005,8877232900939931045,103
2931192082732297415,1675494059300644005,8877232900939931046,104
2931192082732297416,1675494059300644005,8877232900939931047,105
2931192082732297417,1675494059300644005,8877232900939931048,106
2931192082732297418,1675494059300644005,8877232900939931049,107
2931192082732297419,1675494059300644005,8877232900939931050,108
2931192082732297420,1675494059300644005,1359453492144287602,109
2931192082732297421,1675494059300644005,8877232900939931051,110
2931192082732297422,1675494059300644005,8877232900939931052,111
2931192082732297423,1675494059300644005,8877232900939931053,112
2931192082732297424,1675494059300644005,8877232900939931054,113
2931192082732297425,1675494059300644005,8877232900939931055,114
2931192082732297426,1675494059300644005,8877232900939931056,115
2931192082732297427,1675494059300644005,8877232900939931057,116
2931192082732297428,1675494059300644005,8877232900939931058,117
2931192082732297429,1675494059300644005,8877232900939931059,118
2931192082732297430,1675494059300644005,8877232900939931060,119
2931192082732297431,1675494059300644005,8877232900939931061,120
2931192082732297432,1675494059300644005,8877232900939931062,121
2931192082732297433,1675494059300644005,8877232900939931063,122
2931192082732297434,1675494059300644005,8877232900939931064,123
2931192082732297435,1675494059300644005,8877232900939931065,124
2931192082732297436,1675494059300644005,8877232900939931066,125
2931192082732297437,1675494059300644005,8877232900939931067,126
2931192082732297438,1675494059300644005,8877232900939931068,127
2931192082732297439,1675494059300644005,8877232900939931069,128
2931192082732297440,1675494059300644005,8877232900939931070,129
2931192082732297441,1675494059300644005,8877232900939931071,130
2931192082732297442,1675494059300644005,8877232900939931072,131
2931192082732297443,1675494059300644005,8877232900939931073,132
2931192082732297444,1675494059300644005,8877232900939931074,133
2931192082732297445,1675494059300644005,8877232900939931075,134
2931192082732297446,1675494059300644005,8877232900939931076,135
2931192082732297447,1675494059300644005,8877232900939931077,136
3112892340981639195,6290048071707679568,8877232900939931028,11
3838113565951169419,6290048071707679568,8877232900939930955,21
4405710718178541038,6290048071707679568,8877232900939931060,20
4711167821048953599,-1059090486099995362,3300013925658268594,0
4711167821048953600,-1059090486099995362,3300013925658268595,1
4711167821048953601,-1059090486099995362,3300013925658268596,2
4711167821048953602,-1059090486099995362,3300013925658268597,3
4711167821048953603,-1059090486099995362,3300013925658268598,4
4711167821048953604,-1059090486099995362,3300013925658268599,5
4711167821048953605,-1059090486099995362,3300013925658268600,6
4711167821048953606,-1059090486099995362,3300013925658268601,7
4711167821048953607,-1059090486099995362,3300013925658268602,8
4711167821048953608,-1059090486099995362,3300013925658268603,9
4711167821048953609,-1059090486099995362,3300013925658268604,10
4711167821048953610,-1059090486099995362,3300013925658268605,11
4711167821048953611,-1059090486099995362,3300013925658268606,12
4711167821048953612,-1059090486099995362,3300013925658268607,13
4711167821048953613,-1059090486099995362,3300013925658268608,14
4711167821048953614,-1059090486099995362,3300013925658268609,15
4711167821048953615,-1059090486099995362,3300013925658268610,16
4711167821048953616,-1059090486099995362,3300013925658268611,17
4711167821048953617,-1059090486099995362,3300013925658268612,18
4711167821048953618,-1059090486099995362,3300013925658268613,19
4711167821048953619,-1059090486099995362,3300013925658268614,20
4711167821048953620,-1059090486099995362,3300013925658268615,21
4711167821048953621,-1059090486099995362,3300013925658268616,22
4915220555691693187,6290048071707679568,8877232900939930991,19
5085224516616770735,6290048071707679568,8877232900939931063,17
5128167204096885202,6290048071707679568,8877232900939930967,12
5574394980357333025,5208870598020922045,1359453492144287581,0
5574394980357333026,5208870598020922045,1359453492144287582,1
5574394980357333027,5208870598020922045,1359453492144287583,2
5574394980357333028,5208870598020922045,1359453492144287584,3
5574394980357333029,5208870598020922045,1359453492144287585,4
5574394980357333030,5208870598020922045,1359453492144287586,5
5574394980357333031,5208870598020922045,1359453492144287587,6
5574394980357333032,5208870598020922045,1359453492144287588,7
5574394980357333033,5208870598020922045,1359453492144287589,8
5574394980357333034,5208870598020922045,1359453492144287590,9
5574394980357333035,5208870598020922045,1359453492144287591,10
5574394980357333036,5208870598020922045,1359453492144287592,11
5574394980357333037,5208870598020922045,1359453492144287593,12
5574394980357333038,5208870598020922045,1359453492144287594,13
5574394980357333039,5208870598020922045,1359453492144287595,14
5574394980357333040,5208870598020922045,1359453492144287596,15
5574394980357333041,5208870598020922045,1359453492144287597,16
5574394980357333042,5208870598020922045,1359453492144287598,17
5574394980357333043,5208870598020922045,1359453492144287599,18
5574394980357333044,5208870598020922045,1359453492144287600,19
5574394980357333045,5208870598020922045,1359453492144287601,20
5574394980357333046,5208870598020922045,1359453492144287602,21
5574394980357333047,5208870598020922045,1359453492144287603,22
5574394980357333048,5208870598020922045,1359453492144287604,23
5574394980357333049,5208870598020922045,1359453492144287605,24
5659503768853793342,6290048071707679568,8877232900939931005,6
5749852918530494313,6290048071707679568,8877232900939930959,2
6009723769773901799,6290048071707679568,8668036783548290214,8
6312203759068055061,-4377212580595496002,4334992639745348074,0
6312203759068055062,-4377212580595496002,4334992639745348075,1
6312203759068055063,-4377212580595496002,4334992639745348076,2
6312203759068055064,-4377212580595496002,4334992639745348077,3
6312203759068055065,-4377212580595496002,4334992639745348078,4
6312203759068055066,-4377212580595496002,4334992639745348079,5
6312203759068055067,-4377212580595496002,4334992639745348080,6
6312203759068055068,-4377212580595496002,4334992639745348081,7
6312203759068055069,-4377212580595496002,4334992639745348082,8
6312203759068055070,-4377212580595496002,4334992639745348083,9
6312203759068055071,-4377212580595496002,4334992639745348084,10
6312203759068055072,-4377212580595496002,4334992639745348085,11
6312203759068055073,-4377212580595496002,4334992639745348086,12
6312203759068055074,-4377212580595496002,4334992639745348087,13
6312203759068055075,-4377212580595496002,4334992639745348088,14
6312203759068055076,-4377212580595496002,4334992639745348089,15
6312203759068055077,-4377212580595496002,4334992639745348090,16
6312203759068055078,-4377212580595496002,4334992639745348091,17
6312203759068055079,-4377212580595496002,4334992639745348092,18
6312203759068055080,-4377212580595496002,4334992639745348093,19
6312203759068055081,-4377212580595496002,4334992639745348094,20
6312203759068055082,-4377212580595496002,4334992639745348095,21
6312203759068055083,-4377212580595496002,4334992639745348096,22
6312203759068055084,-4377212580595496002,4334992639745348097,23
6312203759068055085,-4377212580595496002,4334992639745348098,24
6733195981018344481,6290048071707679568,8877232900939930978,0
6768422584511922082,6290048071707679568,8877232900939931069,14
6813658888433521000,1675494059300644005,8668036783548290214,137
6908455273750605157,6290048071707679568,8877232900939931015,13
6929362771158755825,6290048071707679568,8877232900939930970,22
7433709759468897443,6290048071707679568,1359453492144287604,1
7441032839778234437,6290048071707679568,1359453492144287602,16
7497403410793920689,6290048071707679568,8877232900939930965,15
8112175484404213770,6290048071707679568,8877232900939930990,5
8435203728805974756,6290048071707679568,8877232900939931062,3
8494743596498186543,1675494059300644005,1605611714792925287,6
8494743596498186544,1675494059300644005,1605611714792925285,12
8494743596498186545,1675494059300644005,1605611714792925288,13
8494743596498186546,1675494059300644005,1605611714792925282,15
8494743596498186547,1675494059300644005,1605611714792925284,33
8494743596498186548,1675494059300644005,1605611714792925286,37
8494743596498186549,1675494059300644005,1605611714792925289,52
8494743596498186550,1675494059300644005,1605611714792925290,73
8494743596498186551,1675494059300644005,1605611714792925283,90
8703696261860930318,6290048071707679568,8877232900939931008,7
