item_pid,media_type,title_order,title_order_section,item_artist_pid,item_artist_order,item_artist_order_section,series_name_order,series_name_order_section,album_pid,album_order,album_order_section,album_artist_pid,album_artist_order,album_artist_order_section,composer_pid,composer_order,composer_order_section,genre_id,genre_order,genre_order_section,disc_number,track_number,episode_sort_id,base_location_id,remote_location_id,exclude_from_shuffle,keep_local,keep_local_status,in_my_library,is_compilation,date_added,show_composer,is_music_show,date_downloaded,download_source_container_pid
705311054679456724,4,3813871851030960152,22,-5311663756696429970,4245202786,13,3391116676235010308,20,7299439599727220840,3391116676235010308,20,-2934922011615056669,4245202786,13,0,0,27,0,0,27,0,0,0,400,0,0,1,0,1,0,608637244,0,0,608731890.971084,0
1359453492144287581,8,3358931107148517952,20,-8770436218729684734,427969020896007752,17,0,27,3695841361665033566,3897198451,1,3263579393426175261,427969020896007752,17,-6535529242110794023,3868255596,0,-8050334969916582895,3865470566,0,1,11,11,0,50,0,0,0,0,0,0,0,0,0.0,0
1359453492144287582,8,3920901261,2,-8770436218729684734,427969020896007752,17,0,27,-2571983146617495528,3901382874,1,3263579393426175261,427969020896007752,17,-6755210056765059598,3867977092,0,-8050334969916582895,3865470566,0,1,7,7,0,50,0,-1,0,0,0,0,0,0,0.0,0
1359453492144287583,8,3962970834,3,-8770436218729684734,427969020896007752,17,0,27,7876561163864795464,772285959737726728,18,3263579393426175261,427969020896007752,17,-6755210056765059598,3867977092,0,-8050334969916582895,3865470566,0,1,1,1,0,50,0,0,0,0,0,0,0,0,0.0,0
1359453492144287584,8,678784550278342858,18,-8770436218729684734,427969020896007752,17,0,27,6506519900224878065,3918949422,2,3263579393426175261,427969020896007752,17,-6755210056765059598,3867977092,0,-8050334969916582895,3865470566,0,1,3,3,0,50,0,0,0,0,0,0,0,0,0.0,0
1359453492144287585,8,4053138729,6,-8770436218729684734,427969020896007752,17,0,27,3695841361665033566,3897198451,1,3263579393426175261,427969020896007752,17,-6755210056765059598,3867977092,0,-8050334969916582895,3865470566,0,1,9,9,0,50,0,0,0,0,0,0,0,0,0.0,0
1359453492144287586,8,710767534244148596,18,-8770436218729684734,427969020896007752,17,0,27,7876561163864795464,772285959737726728,18,3263579393426175261,427969020896007752,17,-6755210056765059598,3867977092,0,-8050334969916582895,3865470566,0,1,2,2,0,50,0,0,0,0,0,0,0,0,0.0,0
1359453492144287587,8,4076182307,7,-8770436218729684734,427969020896007752,17,0,27,6362929122394377273,4212273620,12,3263579393426175261,427969020896007752,17,-3512410463103431535,787291084519047378,18,-8050334969916582895,3865470566,0,1,2,2,0,50,0,0,0,0,0,0,0,0,0.0,0
1359453492144287588,8,3918949422,2,-8770436218729684734,427969020896007752,17,0,27,6506519900224878065,3918949422,2,3263579393426175261,427969020896007752,17,-6755210056765059598,3867977092,0,-8050334969916582895,3865470566,0,1,6,6,0,50,0,0,0,0,0,0,0,0,0.0,0
1359453492144287589,8,3901382874,1,-8770436218729684734,427969020896007752,17,0,27,-2571983146617495528,3901382874,1,3263579393426175261,427969020896007752,17,-6755210056765059598,3867977092,0,-8050334969916582895,3865470566,0,1,1,1,0,50,0,0,0,0,0,0,0,0,0.0,0
1359453492144287590,8,4270730250,14,-8770436218729684734,427969020896007752,17,0,27,6506519900224878065,3918949422,2,3263579393426175261,427969020896007752,17,-6755210056765059598,3867977092,0,-8050334969916582895,3865470566,0,1,4,4,0,50,0,0,0,0,0,0,0,0,0.0,0
1359453492144287591,8,3963122042,3,-8770436218729684734,427969020896007752,17,0,27,2180922260183674962,4048749156,6,3263579393426175261,427969020896007752,17,1029662957674678354,3867726439,0,-8050334969916582895,3865470566,0,1,2,2,0,50,0,0,0,0,0,0,0,0,0.0,0
1359453492144287592,8,3898795722,1,-8770436218729684734,427969020896007752,17,0,27,3695841361665033566,3897198451,1,3263579393426175261,427969020896007752,17,-6755210056765059598,3867977092,0,-8050334969916582895,3865470566,0,1,3,3,0,50,0,0,0,0,0,0,0,0,0.0,0
1359453492144287593,8,4321693980499121984,25,-8770436218729684734,427969020896007752,17,0,27,-2571983146617495528,3901382874,1,3263579393426175261,427969020896007752,17,-6755210056765059598,3867977092,0,-8050334969916582895,3865470566,0,1,6,6,0,50,0,0,0,0,0,0,0,0,0.0,0
1359453492144287594,8,3870762123,0,-8770436218729684734,427969020896007752,17,0,27,6506519900224878065,3918949422,2,3263579393426175261,427969020896007752,17,-6755210056765059598,3867977092,0,-8050334969916582895,3865470566,0,1,1,1,0,50,0,0,0,0,0,0,0,0,0.0,0
1359453492144287595,8,800795696822235980,18,-8770436218729684734,427969020896007752,17,0,27,3695841361665033566,3897198451,1,3263579393426175261,427969020896007752,17,-6755210056765059598,3867977092,0,-8050334969916582895,3865470566,0,1,5,5,0,50,0,0,0,0,0,0,0,0,0.0,0
1359453492144287596,8,3522094614,0,-8770436218729684734,427969020896007752,17,0,27,4056662685148377065,4268306545,14,3263579393426175261,427969020896007752,17,-2431665440414388059,3867952026,0,-8050334969916582895,3865470566,0,1,2,2,0,50,0,0,0,0,0,0,0,0,0.0,0
1359453492144287597,8,738941238001458394,18,-8770436218729684734,427969020896007752,17,0,27,1460198860694426468,4055443086,6,3263579393426175261,427969020896007752,17,-1348801489680375775,3868096606,0,-8050334969916582895,3865470566,0,1,5,5,0,50,0,0,0,0,1,0,0,0,0.0,0
1359453492144287598,8,3483240619,0,-8770436218729684734,427969020896007752,17,0,27,-1347743247299181074,4097847574,8,3263579393426175261,427969020896007752,17,8018380017743302337,3867989043,0,-8050334969916582895,3865470566,0,1,7,7,0,50,0,0,0,0,0,0,0,0,0.0,0
1359453492144287599,8,3891064993,1,-8770436218729684734,427969020896007752,17,0,27,3116800520732145062,3394692850577954028,20,3263579393426175261,427969020896007752,17,-1491805582817490444,3868506248,0,-8050334969916582895,3865470566,0,1,6,6,0,50,0,0,0,0,0,0,0,0,0.0,0
1359453492144287600,8,4214643390,12,-8770436218729684734,427969020896007752,17,0,27,-5530316684734802827,4268279614,14,3263579393426175261,427969020896007752,17,-2431665440414388059,3867952026,0,-8050334969916582895,3865470566,0,1,4,4,0,50,0,0,0,0,0,0,0,0,0.0,0
1359453492144287601,8,3190618992377885736,19,-8770436218729684734,427969020896007752,17,0,27,-843418921252434827,427969020896007752,17,3263579393426175261,427969020896007752,17,2901921492775976754,3868481182,0,8160736743350596435,465689902663892224,17,1,1,1,0,50,0,0,0,0,0,0,0,0,0.0,0
1359453492144287602,8,899244320512480636,19,-8770436218729684734,427969020896007752,17,0,27,7876561163864795464,772285959737726728,18,3263579393426175261,427969020896007752,17,-6755210056765059598,3867977092,0,-8050334969916582895,3865470566,0,1,16,16,0,50,0,-1,0,0,0,0,0,0,0.0,0
1359453492144287603,8,4209611286,12,-8770436218729684734,427969020896007752,17,0,27,3116800520732145062,3394692850577954028,20,3263579393426175261,427969020896007752,17,6938266498156108817,3868175407,0,-8050334969916582895,3865470566,0,1,3,3,0,50,0,0,0,0,0,0,0,0,0.0,0
1359453492144287604,8,4159466632,10,-8770436218729684734,427969020896007752,17,0,27,6362929122394377273,4212273620,12,3263579393426175261,427969020896007752,17,2470166747444432068,4210566701,12,-8050334969916582895,3865470566,0,1,6,6,0,50,0,-1,0,0,0,0,0,0,0.0,0
1359453492144287605,8,4078267522,7,-8770436218729684734,427969020896007752,17,0,27,7876561163864795464,772285959737726728,18,3263579393426175261,427969020896007752,17,-6755210056765059598,3867977092,0,-8050334969916582895,3865470566,0,1,5,5,0,50,0,0,0,0,0,0,0,0,0.0,0
1605611714792925282,8,4210682790,12,-3942214056266055487,463650896407101393,17,0,27,6720084137592050603,3991180649,4,-2645813319354191171,463650896407101393,17,0,0,27,-5024278388930694182,46568994131859416,15,1,2,2,0,50,0,-1,0,0,1,0,0,0,0.0,0
1605611714792925283,8,4185388448,11,-6895901243346599395,4207765548,12,0,27,-2357365656031832061,4292271667,15,-987342983042166022,4207765548,12,5496033892512613276,4154840773,10,8089479700516397825,3991967719,4,1,4,4,0,50,0,-1,0,0,0,0,0,0,0.0,0
1605611714792925284,8,3663853222,0,3766065970867904672,3887207446,1,0,27,738952110919224630,3887390171,1,-3367727425228220089,3887207446,1,-8697225365496064172,3774163218,0,2111966536109256348,4076390828,7,1,4,4,0,50,0,-1,0,0,0,0,0,0,0.0,0
1605611714792925285,8,4076373936,7,1535137274782721374,4240735434,13,0,27,7154043284034582425,4076373497,7,-5453976626919415258,4240735434,13,-3656501042802465841,4235543906,13,2111966536109256348,4076390828,7,1,5,5,0,50,0,-1,0,0,0,0,0,0,0.0,0
1605611714792925286,8,4214880367,12,-8626079660653545326,3898189199,1,0,27,4126373718846944321,4264460026,14,-6034204693431065851,3898189199,1,0,0,27,8089479700516397825,3991967719,4,1,5,5,0,50,0,-1,0,0,0,0,0,0,0.0,0
1605611714792925287,8,2512309117720953588,19,8019581199723849551,4293079532,15,0,27,4344165460194483181,4076353084,7,-4230190234083603936,3539807982528258892,21,0,0,27,2111966536109256348,4076390828,7,1,17,17,0,50,0,-1,0,0,1,0,0,0,0.0,0
1605611714792925288,8,3921991706,2,1535137274782721374,4240735434,13,0,27,7803186221894110779,4186598909,11,-5453976626919415258,4240735434,13,1319124275791838472,3866825745,0,2111966536109256348,4076390828,7,1,13,13,0,50,0,-1,0,0,0,0,0,0,0.0,0
1605611714792925289,8,4057324733,6,-8770436218729684734,427969020896007752,17,0,27,-3437897401010765705,790950834453211469,18,3263579393426175261,427969020896007752,17,-6755210056765059598,3867977092,0,-8050334969916582895,3865470566,0,1,14,14,0,50,0,-1,0,0,1,0,0,0,0.0,0
1605611714792925290,8,3396144001897457050,20,4125828301572920729,4208072027,12,0,27,-1202634409132308245,3398507927396927466,20,5424320759404989970,4208072027,12,6791850520242336188,4208084620,12,-5024278388930694182,46568994131859416,15,1,4,4,0,50,0,-1,0,0,0,0,0,0,0.0,0
1910159339511848621,4,3898031591,1,-5311663756696429970,4245202786,13,3391116676235010308,20,7299439599727220840,3391116676235010308,20,-2934922011615056669,4245202786,13,0,0,27,0,0,27,0,0,0,400,0,0,1,0,1,0,608389200,0,0,608731892.568028,0
2769733731893192032,4,7245037719165621052,26,7657354201932466964,3866639958,0,3932847150,2,4633653002298309127,937795433069535614,19,-1203753521395192261,3866639958,0,0,0,27,0,0,27,0,0,0,400,0,0,1,0,1,0,608190227,0,0,608192337.406404,0
2782872375250988681,4,3964295585,3,2039237529461601464,3964819059,3,3964819059,3,-2503949780514268938,3964819059,3,1964257710245392778,3964819059,3,0,0,27,0,0,27,0,0,0,400,0,0,1,0,1,0,607320000,0,0,607527697.29786,0
2835056156909507428,4,4027374389,5,-5311663756696429970,4245202786,13,3391116676235010308,20,7299439599727220840,3391116676235010308,20,-2934922011615056669,4245202786,13,0,0,27,0,0,27,0,0,0,400,0,0,1,0,1,0,608205010,0,0,608207207.746199,0
3216802966633642550,4,4211960319,12,-5311663756696429970,4245202786,13,3391116676235010308,20,7299439599727220840,3391116676235010308,20,-2934922011615056669,4245202786,13,0,0,27,0,0,27,0,0,0,400,0,0,1,0,1,0,608464463,0,0,608731891.130566,0
3300013925658268594,8,4265017213,14,381469219904215510,3895998287,1,0,27,2183762469749791862,445299840095984165,17,4630402575989876701,3895998287,1,0,0,27,8089479700516397825,3991967719,4,1,12,12,0,50,0,0,0,0,0,0,0,0,0.0,0
3300013925658268595,8,4190416154,11,381469219904215510,3895998287,1,0,27,-4520249675603474017,3866519239,0,4630402575989876701,3895998287,1,0,0,27,8089479700516397825,3991967719,4,1,7,7,0,50,0,0,0,0,0,0,0,0,0.0,0
3300013925658268596,8,4292543591,15,381469219904215510,3895998287,1,0,27,1675800935155293472,4292785961,15,4630402575989876701,3895998287,1,0,0,27,8089479700516397825,3991967719,4,1,1,1,0,50,0,0,0,0,0,0,0,0,0.0,0
3300013925658268597,8,3933148387,2,381469219904215510,3895998287,1,0,27,-1851256114677890351,3935859518,2,4630402575989876701,3895998287,1,0,0,27,8089479700516397825,3991967719,4,1,1,1,0,50,0,0,0,0,0,0,0,0,0.0,0
3300013925658268598,8,4148156599638803712,24,381469219904215510,3895998287,1,0,27,-1854862544761276171,689873389912866640,18,4630402575989876701,3895998287,1,0,0,27,8089479700516397825,3991967719,4,1,7,7,0,50,0,0,0,0,0,0,0,0,0.0,0
3300013925658268599,8,4110595709,8,381469219904215510,3895998287,1,0,27,7658081891764310635,4020841776,5,4630402575989876701,3895998287,1,0,0,27,8089479700516397825,3991967719,4,1,6,6,0,50,0,0,0,0,0,0,0,0,0.0,0
3300013925658268600,8,3866519239,0,381469219904215510,3895998287,1,0,27,-4520249675603474017,3866519239,0,4630402575989876701,3895998287,1,0,0,27,8089479700516397825,3991967719,4,1,1,1,0,50,0,0,0,0,0,0,0,0,0.0,0
3300013925658268601,8,3921980815,2,381469219904215510,3895998287,1,0,27,-1924820292095165215,4074108384,7,4630402575989876701,3895998287,1,0,0,27,8089479700516397825,3991967719,4,1,2,2,0,50,0,0,0,0,0,0,0,0,0.0,0
3300013925658268602,8,4021143012,5,381469219904215510,3895998287,1,0,27,-1854862544761276171,689873389912866640,18,4630402575989876701,3895998287,1,0,0,27,8089479700516397825,3991967719,4,1,1,1,0,50,0,0,0,0,0,0,0,0,0.0,0
3300013925658268603,8,4022478366,5,381469219904215510,3895998287,1,0,27,3911552463995727584,3555931886078293356,21,4630402575989876701,3895998287,1,2468762892632302397,786701604592190927,18,-8050334969916582895,3865470566,0,1,1,1,0,50,0,0,0,0,0,0,0,0,0.0,0
3300013925658268604,8,3131031158,0,381469219904215510,3895998287,1,0,27,-1854862544761276171,689873389912866640,18,4630402575989876701,3895998287,1,0,0,27,8089479700516397825,3991967719,4,1,5,5,0,50,0,0,0,0,0,0,0,0,0.0,0
3300013925658268605,8,3893588609,1,381469219904215510,3895998287,1,0,27,7658081891764310635,4020841776,5,4630402575989876701,3895998287,1,0,0,27,8089479700516397825,3991967719,4,1,10,10,0,50,0,0,0,0,0,0,0,0,0.0,0
3300013925658268606,8,3830681330,0,381469219904215510,3895998287,1,0,27,-4520249675603474017,3866519239,0,4630402575989876701,3895998287,1,0,0,27,8089479700516397825,3991967719,4,1,3,3,0,50,0,0,0,0,0,0,0,0,0.0,0
3300013925658268607,8,3968423220,3,381469219904215510,3895998287,1,0,27,5710880676784132862,4057309615,6,4630402575989876701,3895998287,1,0,0,27,-8050334969916582895,3865470566,0,1,3,3,0,50,0,0,0,0,0,0,0,0,0.0,0
3300013925658268608,8,3996441593,4,381469219904215510,3895998287,1,0,27,-3296016581364399705,4210708136,12,4630402575989876701,3895998287,1,0,0,27,-8050334969916582895,3865470566,0,1,1,1,0,50,0,0,0,0,0,0,0,0,0.0,0
3300013925658268609,8,3834160253,0,381469219904215510,3895998287,1,0,27,4417840619626707879,4154579539,10,4630402575989876701,3895998287,1,0,0,27,-8050334969916582895,3865470566,0,1,1,1,0,50,0,0,0,0,0,0,0,0,0.0,0
3300013925658268610,8,897366217230511776,19,381469219904215510,3895998287,1,0,27,-7836177529034084946,889399458143456172,19,4630402575989876701,3895998287,1,0,0,27,-8050334969916582895,3865470566,0,1,1,1,0,50,0,0,0,0,0,0,0,0,0.0,0
3300013925658268611,8,4021112888,5,381469219904215510,3895998287,1,0,27,-4520249675603474017,3866519239,0,4630402575989876701,3895998287,1,0,0,27,8089479700516397825,3991967719,4,1,4,4,0,50,0,0,0,0,0,0,0,0,0.0,0
3300013925658268612,8,3869630843,0,381469219904215510,3895998287,1,0,27,-2933575887664135521,3869630843,0,4630402575989876701,3895998287,1,0,0,27,8089479700516397825,3991967719,4,1,1,1,0,50,0,0,0,0,0,0,0,0,0.0,0
3300013925658268613,8,4018401757,5,381469219904215510,3895998287,1,0,27,2542151150475797797,4210835427,12,4630402575989876701,3895998287,1,0,0,27,8089479700516397825,3991967719,4,1,5,5,0,50,0,0,0,0,0,0,0,0,0.0,0
3300013925658268614,8,3970619236,3,381469219904215510,3895998287,1,0,27,5710880676784132862,4057309615,6,4630402575989876701,3895998287,1,0,0,27,-8050334969916582895,3865470566,0,1,1,1,0,50,0,0,0,0,0,0,0,0,0.0,0
3300013925658268615,8,122429878576157172,15,381469219904215510,3895998287,1,0,27,7658081891764310635,4020841776,5,4630402575989876701,3895998287,1,0,0,27,8089479700516397825,3991967719,4,1,3,3,0,50,0,0,0,0,0,0,0,0,0.0,0
3300013925658268616,8,4272911584,14,381469219904215510,3895998287,1,0,27,2543603297051529457,4274874784,14,4630402575989876701,3895998287,1,7587119357056364892,3930371452,2,-8050334969916582895,3865470566,0,1,1,1,0,50,0,0,0,0,0,0,0,0,0.0,0
3431630958729038012,4,7174579752506897632,26,7657354201932466964,3866639958,0,3932847150,2,4633653002298309127,937795433069535614,19,-1203753521395192261,3866639958,0,0,0,27,0,0,27,0,0,0,400,0,0,1,0,1,0,606976553,0,0,606979617.736077,0
3843645699961074112,4,3198848407975138605,19,-5311663756696429970,4245202786,13,3391116676235010308,20,7299439599727220840,3391116676235010308,20,-2934922011615056669,4245202786,13,0,0,27,0,0,27,0,0,0,400,0,0,1,0,1,0,608551289,0,0,608731888.524603,0
3941750896657481070,4,3964384114,3,2039237529461601464,3964819059,3,3964819059,3,-2503949780514268938,3964819059,3,1964257710245392778,3964819059,3,0,0,27,0,0,27,0,0,0,400,0,0,1,0,1,0,608529600,0,0,608731891.334116,0
4022885569669000922,4,2616823786500356895,19,-5311663756696429970,4245202786,13,3391116676235010308,20,7299439599727220840,3391116676235010308,20,-2934922011615056669,4245202786,13,0,0,27,0,0,27,0,0,0,400,0,0,1,0,1,0,608723339,0,0,608731888.595652,0
4077364913164973727,4,3964342179,3,2039237529461601464,3964819059,3,3964819059,3,-2503949780514268938,3964819059,3,1964257710245392778,3964819059,3,0,0,27,0,0,27,0,0,0,400,0,0,1,0,1,0,607966670,0,0,608063870.98687,0
4195528865379591282,4,3992675597,4,-3798550159000800818,753946362782779158,18,4105708617,8,-988430404822598818,4105708617,8,-2068357526398769971,753946362782779158,18,0,0,27,0,0,27,0,0,0,400,0,0,1,0,1,0,606301218,0,0,606856867.564344,0
4334992639745348074,8,3993730462,4,-7186630511435468995,4023854145,5,0,27,-8122195630487018724,3923069971,2,-916970085983248275,4023854145,5,5135558587853162036,3960259703,3,-8050334969916582895,3865470566,0,1,11,11,0,50,0,0,0,0,0,0,0,0,0.0,0
4334992639745348075,8,693635412377626240,18,-7186630511435468995,4023854145,5,0,27,5642709550892712209,3926788944,2,-916970085983248275,4023854145,5,-3296362253064820073,4023854145,5,8160736743350596435,465689902663892224,17,1,4,4,0,50,0,0,0,0,0,0,0,0,0.0,0
4334992639745348076,8,3893320868,1,-7186630511435468995,4023854145,5,0,27,-4736811359891805313,4105165607,8,-916970085983248275,4023854145,5,-3296362253064820073,4023854145,5,-8050334969916582895,3865470566,0,1,3,3,0,50,0,0,0,0,0,0,0,0,0.0,0
4334992639745348077,8,4185650285,11,-7186630511435468995,4023854145,5,0,27,1750565703927254080,2499533825118655232,19,-916970085983248275,4023854145,5,-3296362253064820073,4023854145,5,8160736743350596435,465689902663892224,17,1,3,3,0,50,0,0,0,0,0,0,0,0,0.0,0
4334992639745348078,8,4214906698,12,-7186630511435468995,4023854145,5,0,27,-8122195630487018724,3923069971,2,-916970085983248275,4023854145,5,5135558587853162036,3960259703,3,-8050334969916582895,3865470566,0,1,7,7,0,50,0,0,0,0,0,0,0,0,0.0,0
4334992639745348079,8,3171917646292260224,19,-7186630511435468995,4023854145,5,0,27,4918349563045069951,4268037245,14,-916970085983248275,4023854145,5,-3296362253064820073,4023854145,5,-5024278388930694182,46568994131859416,15,1,4,4,0,50,0,0,0,0,0,0,0,0,0.0,0
4334992639745348080,8,88481084985062664,15,-7186630511435468995,4023854145,5,0,27,7948666232179375218,3990383386,4,-916970085983248275,4023854145,5,-3296362253064820073,4023854145,5,-8050334969916582895,3865470566,0,1,1,1,0,50,0,0,0,0,0,0,0,0,0.0,0
4334992639745348081,8,488484453635265420,17,-7186630511435468995,4023854145,5,0,27,5642709550892712209,3926788944,2,-916970085983248275,4023854145,5,-2140114929440959739,4237836930,13,8160736743350596435,465689902663892224,17,1,2,2,0,50,0,0,0,0,0,0,0,0,0.0,0
4334992639745348082,8,4211981056,12,-7186630511435468995,4023854145,5,0,27,-8122195630487018724,3923069971,2,-916970085983248275,4023854145,5,5135558587853162036,3960259703,3,-8050334969916582895,3865470566,0,1,2,2,0,50,0,0,0,0,0,0,0,0,0.0,0
4334992639745348083,8,2566772207236015032,19,-7186630511435468995,4023854145,5,0,27,6216081431083759127,4023854145,5,-916970085983248275,4023854145,5,237707674424480104,3963272071,3,5210513344701874666,3478923509,0,1,1,1,0,50,0,0,0,0,0,0,0,0,0.0,0
4334992639745348084,8,3826815860,0,-7186630511435468995,4023854145,5,0,27,4918349563045069951,4268037245,14,-916970085983248275,4023854145,5,-3296362253064820073,4023854145,5,-5024278388930694182,46568994131859416,15,1,1,1,0,50,0,0,0,0,0,0,0,0,0.0,0
4334992639745348085,8,3896295778,1,-7186630511435468995,4023854145,5,0,27,6216081431083759127,4023854145,5,-916970085983248275,4023854145,5,237707674424480104,3963272071,3,5210513344701874666,3478923509,0,1,3,3,0,50,0,0,0,0,0,0,0,0,0.0,0
4334992639745348086,8,3898973197,1,-7186630511435468995,4023854145,5,0,27,1750565703927254080,2499533825118655232,19,-916970085983248275,4023854145,5,-3296362253064820073,4023854145,5,8160736743350596435,465689902663892224,17,1,2,2,0,50,0,0,0,0,0,0,0,0,0.0,0
4334992639745348087,8,3965983202,3,-7186630511435468995,4023854145,5,0,27,-4736811359891805313,4105165607,8,-916970085983248275,4023854145,5,-3296362253064820073,4023854145,5,-8050334969916582895,3865470566,0,1,4,4,0,50,0,0,0,0,0,0,0,0,0.0,0
4334992639745348088,8,467969357761029542,17,-7186630511435468995,4023854145,5,0,27,-1419567435202199246,3777063085348505472,22,-916970085983248275,4023854145,5,-3296362253064820073,4023854145,5,8160736743350596435,465689902663892224,17,1,2,2,0,50,0,0,0,0,0,0,0,0,0.0,0
4334992639745348089,8,716505591894956860,18,-7186630511435468995,4023854145,5,0,27,-1780577862345022164,737088753460554592,18,-916970085983248275,4023854145,5,-3296362253064820073,4023854145,5,8160736743350596435,465689902663892224,17,1,1,1,0,50,0,0,0,0,0,0,0,0,0.0,0
4334992639745348090,8,4097034460,8,-7186630511435468995,4023854145,5,0,27,6216081431083759127,4023854145,5,-916970085983248275,4023854145,5,237707674424480104,3963272071,3,5210513344701874666,3478923509,0,1,2,2,0,50,0,0,0,0,0,0,0,0,0.0,0
4334992639745348091,8,4048261426,6,-7186630511435468995,4023854145,5,0,27,1750565703927254080,2499533825118655232,19,-916970085983248275,4023854145,5,-3296362253064820073,4023854145,5,8160736743350596435,465689902663892224,17,1,5,5,0,50,0,0,0,0,0,0,0,0,0.0,0
4334992639745348092,8,3716548541442879040,22,-7186630511435468995,4023854145,5,0,27,-1419567435202199246,3777063085348505472,22,-916970085983248275,4023854145,5,-3296362253064820073,4023854145,5,8160736743350596435,465689902663892224,17,1,11,11,0,50,0,0,0,0,0,0,0,0,0.0,0
4334992639745348093,8,3930136019,2,-7186630511435468995,4023854145,5,0,27,-1780577862345022164,737088753460554592,18,-916970085983248275,4023854145,5,-3296362253064820073,4023854145,5,8160736743350596435,465689902663892224,17,1,3,3,0,50,0,0,0,0,0,0,0,0,0.0,0
4334992639745348094,8,4026294873,5,-7186630511435468995,4023854145,5,0,27,6216081431083759127,4023854145,5,-916970085983248275,4023854145,5,237707674424480104,3963272071,3,5210513344701874666,3478923509,0,1,9,9,0,50,0,0,0,0,0,0,0,0,0.0,0
4334992639745348095,8,4188283362,11,-7186630511435468995,4023854145,5,0,27,7948666232179375218,3990383386,4,-916970085983248275,4023854145,5,-3296362253064820073,4023854145,5,-8050334969916582895,3865470566,0,1,4,4,0,50,0,0,0,0,0,0,0,0,0.0,0
4334992639745348096,8,755613598869592624,18,-7186630511435468995,4023854145,5,0,27,1750565703927254080,2499533825118655232,19,-916970085983248275,4023854145,5,-3296362253064820073,4023854145,5,8160736743350596435,465689902663892224,17,1,1,1,0,50,0,0,0,0,0,0,0,0,0.0,0
4334992639745348097,8,2506257663330391206,19,-7186630511435468995,4023854145,5,0,27,-1419567435202199246,3777063085348505472,22,-916970085983248275,4023854145,5,-3296362253064820073,4023854145,5,8160736743350596435,465689902663892224,17,1,6,6,0,50,0,0,0,0,0,0,0,0,0.0,0
4334992639745348098,8,673120316503388780,18,-7186630511435468995,4023854145,5,0,27,-6467104555872950568,675171826090812526,18,-916970085983248275,4023854145,5,-3296362253064820073,4023854145,5,8160736743350596435,465689902663892224,17,1,1,1,0,50,0,0,0,0,0,0,0,0,0.0,0
5095894701845146737,4,3992783938,4,-3798550159000800818,753946362782779158,18,4105708617,8,-988430404822598818,1268320232061161344,19,-2068357526398769971,753946362782779158,18,0,0,27,0,0,27,0,0,0,400,0,0,1,0,1,0,607510855,0,0,607527706.566173,0
5398120735335638788,4,7270577758903073216,26,7657354201932466964,3866639958,0,3932847150,2,4633653002298309127,937795433069535614,19,-1203753521395192261,3866639958,0,0,0,27,0,0,27,0,0,0,400,0,0,1,0,1,0,608708612,0,0,608731895.721076,0
5653295474666422846,4,675828980620524287,18,-5311663756696429970,4245202786,13,3391116676235010308,20,7299439599727220840,3391116676235010308,20,-2934922011615056669,4245202786,13,0,0,27,0,0,27,0,0,0,400,0,0,1,0,1,0,608295660,0,0,608296488.695774,0
5754762387447453681,4,3992786507,4,-3798550159000800818,753946362782779158,18,4105708617,8,-988430404822598818,1268320232061161344,19,-2068357526398769971,753946362782779158,18,0,0,27,0,0,27,0,0,0,400,0,0,1,0,1,0,608115619,0,0,608121668.088166,0
6160503796200266268,4,3992788819,4,-3798550159000800818,753946362782779158,18,4105708617,8,-988430404822598818,1268320232061161344,19,-2068357526398769971,753946362782779158,18,0,0,27,0,0,27,0,0,0,400,0,0,1,0,1,0,608720459,0,0,608731910.962995,0
6547747727934431728,4,7213506805909507248,26,7657354201932466964,3866639958,0,3932847150,2,4633653002298309127,937795433069535614,19,-1203753521395192261,3866639958,0,0,0,27,0,0,27,0,0,0,400,0,0,1,0,1,0,607586569,0,0,607589698.738877,0
6834521314832366794,8,4133336132,9,5782662620773110489,3889034705,1,0,27,-2502508276359474986,3921872859,2,-1203184995005853257,3889034705,1,6723206215465898856,3444134273,0,2111966536109256348,4076390828,7,1,1,1,0,200,0,0,0,1,0,606856596,0,0,0.0,0
6834521314832366795,8,4028491528,5,5782662620773110489,3889034705,1,0,27,-2502508276359474986,3921872859,2,-1203184995005853257,3889034705,1,1677678834103899714,3412823961,0,2111966536109256348,4076390828,7,1,2,2,0,200,0,0,0,1,0,606856596,0,0,0.0,0
6834521314832366796,8,4290776710,15,5782662620773110489,3889034705,1,0,27,-2502508276359474986,3921872859,2,-1203184995005853257,3889034705,1,-3511096292111904352,3384644680,0,2111966536109256348,4076390828,7,1,3,3,0,200,0,0,0,1,0,606856596,0,0,0.0,0
6834521314832366797,8,4055212650,6,5782662620773110489,3889034705,1,0,27,-2502508276359474986,3921872859,2,-1203184995005853257,3889034705,1,-4445329240694774277,3415954992,0,2111966536109256348,4076390828,7,1,4,4,0,200,0,0,0,1,0,606856596,0,0,0.0,0
6834521314832366798,8,4186704312,11,5782662620773110489,3889034705,1,0,27,-2502508276359474986,3921872859,2,-1203184995005853257,3889034705,1,1677678834103899714,3412823961,0,2111966536109256348,4076390828,7,1,5,5,0,200,0,0,0,1,0,606856596,0,0,0.0,0
6834521314832366799,8,4021084094,5,5782662620773110489,3889034705,1,0,27,-2502508276359474986,3921872859,2,-1203184995005853257,3889034705,1,-2212171327765534491,3447613196,0,2111966536109256348,4076390828,7,1,6,6,0,200,0,0,0,1,0,606856596,0,0,0.0,0
6834521314832366800,8,715806670163660458,18,5782662620773110489,3889034705,1,0,27,-2502508276359474986,3921872859,2,-1203184995005853257,3889034705,1,-4881017788425770868,3359283327,0,2111966536109256348,4076390828,7,1,7,7,0,200,0,0,0,1,0,606856596,0,0,0.0,0
6834521314832366801,8,3896386045,1,5782662620773110489,3889034705,1,0,27,-2502508276359474986,3921872859,2,-1203184995005853257,3889034705,1,7802375481404687946,899056510184283750,19,2111966536109256348,4076390828,7,1,8,8,0,200,0,0,0,1,0,606856596,0,0,0.0,0
6834521314832366802,8,3111403102386633848,19,5782662620773110489,3889034705,1,0,27,-2502508276359474986,3921872859,2,-1203184995005853257,3889034705,1,1028173780065415865,809656072954357926,18,2111966536109256348,4076390828,7,1,9,9,0,200,0,0,0,1,0,606856596,0,0,0.0,0
6834521314832366803,8,718563908051516626,18,5782662620773110489,3889034705,1,0,27,-2502508276359474986,3921872859,2,-1203184995005853257,3889034705,1,-4880376468931441201,3444482165,0,2111966536109256348,4076390828,7,1,10,10,0,200,0,0,0,1,0,606856596,0,0,0.0,0
6834521314832366804,8,3897358178,1,5782662620773110489,3889034705,1,0,27,-2502508276359474986,3921872859,2,-1203184995005853257,3889034705,1,-4881017788425770868,3359283327,0,2111966536109256348,4076390828,7,1,11,11,0,200,0,0,0,1,0,606856596,0,0,0.0,0
6834521314832366805,8,773786472215858793,18,5782662620773110489,3889034705,1,0,27,-2502508276359474986,3921872859,2,-1203184995005853257,3889034705,1,-3511096292111904352,3384644680,0,2111966536109256348,4076390828,7,1,12,12,0,200,0,0,0,1,0,606856596,0,0,0.0,0
6834521314832366806,8,50760203217179741,15,5782662620773110489,3889034705,1,0,27,-2502508276359474986,3921872859,2,-1203184995005853257,3889034705,1,1677678834103899714,3412823961,0,2111966536109256348,4076390828,7,1,13,13,0,200,0,0,0,1,0,606856596,0,0,0.0,0
6834521314832366807,8,4207691772,12,5782662620773110489,3889034705,1,0,27,-2502508276359474986,3921872859,2,-1203184995005853257,3889034705,1,-4881017788425770868,3359283327,0,2111966536109256348,4076390828,7,1,14,14,0,200,0,0,0,1,0,606856596,0,0,0.0,0
6834521314832366808,8,4058989491,6,5782662620773110489,3889034705,1,0,27,-2502508276359474986,3921872859,2,-1203184995005853257,3889034705,1,1677678834103899714,3412823961,0,2111966536109256348,4076390828,7,1,15,15,0,200,0,0,0,1,0,606856596,0,0,0.0,0
6834521314832366809,8,4186862216,11,5782662620773110489,3889034705,1,0,27,-2502508276359474986,3921872859,2,-1203184995005853257,3889034705,1,1677678834103899714,3412823961,0,2111966536109256348,4076390828,7,1,16,16,0,200,0,0,0,1,0,606856596,0,0,0.0,0
6834521314832366810,8,4208056479,12,5782662620773110489,3889034705,1,0,27,-2502508276359474986,3921872859,2,-1203184995005853257,3889034705,1,2830771402429119825,4207883723,12,2111966536109256348,4076390828,7,1,17,17,0,200,0,0,0,1,0,606856596,0,0,0.0,0
6834521314832366811,8,91875964344172103,15,5782662620773110489,3889034705,1,0,27,-2502508276359474986,3921872859,2,-1203184995005853257,3889034705,1,-3511096292111904352,3384644680,0,2111966536109256348,4076390828,7,1,18,18,0,200,0,0,0,1,0,606856596,0,0,0.0,0
6834521314832366812,8,4104433803,8,5782662620773110489,3889034705,1,0,27,-2502508276359474986,3921872859,2,-1203184995005853257,3889034705,1,1677678834103899714,3412823961,0,2111966536109256348,4076390828,7,1,19,19,0,200,0,0,0,1,0,606856596,0,0,0.0,0
6834521314832366813,8,4240554958,13,5782662620773110489,3889034705,1,0,27,-2502508276359474986,3921872859,2,-1203184995005853257,3889034705,1,1677678834103899714,3412823961,0,2111966536109256348,4076390828,7,1,20,20,0,200,0,0,0,1,0,606856596,0,0,0.0,0
6834521314832366814,8,3969731974,3,5782662620773110489,3889034705,1,0,27,-2502508276359474986,3921872859,2,-1203184995005853257,3889034705,1,-3511096292111904352,3384644680,0,2111966536109256348,4076390828,7,2,1,1,0,200,0,0,0,1,0,606856596,0,0,0.0,0
6834521314832366815,8,4290953398,15,5782662620773110489,3889034705,1,0,27,-2502508276359474986,3921872859,2,-1203184995005853257,3889034705,1,-3511096292111904352,3384644680,0,2111966536109256348,4076390828,7,2,2,2,0,200,0,0,0,1,0,606856596,0,0,0.0,0
6834521314832366816,8,3969084994,3,5782662620773110489,3889034705,1,0,27,-2502508276359474986,3921872859,2,-1203184995005853257,3889034705,1,1462542870573386351,3444447375,0,2111966536109256348,4076390828,7,2,3,3,0,200,0,0,0,1,0,606856596,0,0,0.0,0
6834521314832366817,8,4243001183,13,5782662620773110489,3889034705,1,0,27,-2502508276359474986,3921872859,2,-1203184995005853257,3889034705,1,1677678834103899714,3412823961,0,2111966536109256348,4076390828,7,2,4,4,0,200,0,0,0,1,0,606856596,0,0,0.0,0
6834521314832366818,8,693259210131150262,18,5782662620773110489,3889034705,1,0,27,-2502508276359474986,3921872859,2,-1203184995005853257,3889034705,1,-4881017788425770868,3359283327,0,2111966536109256348,4076390828,7,2,5,5,0,200,0,0,0,1,0,606856596,0,0,0.0,0
6834521314832366819,8,715876562336790098,18,5782662620773110489,3889034705,1,0,27,-2502508276359474986,3921872859,2,-1203184995005853257,3889034705,1,-4881017788425770868,3359283327,0,2111966536109256348,4076390828,7,2,6,6,0,200,0,0,0,1,0,606856596,0,0,0.0,0
6834521314832366820,8,715302756571709207,18,5782662620773110489,3889034705,1,0,27,-2502508276359474986,3921872859,2,-1203184995005853257,3889034705,1,-4881017788425770868,3359283327,0,2111966536109256348,4076390828,7,2,7,7,0,200,0,0,0,1,0,606856596,0,0,0.0,0
6834521314832366821,8,4058821503,6,5782662620773110489,3889034705,1,0,27,-2502508276359474986,3921872859,2,-1203184995005853257,3889034705,1,1677678834103899714,3412823961,0,2111966536109256348,4076390828,7,2,8,8,0,200,0,0,0,1,0,606856596,0,0,0.0,0
6834521314832366822,8,714849234338953088,18,5782662620773110489,3889034705,1,0,27,-2502508276359474986,3921872859,2,-1203184995005853257,3889034705,1,-4881017788425770868,3359283327,0,2111966536109256348,4076390828,7,2,9,9,0,200,0,0,0,1,0,606856596,0,0,0.0,0
6834521314832366823,8,773636420968045584,18,5782662620773110489,3889034705,1,0,27,-2502508276359474986,3921872859,2,-1203184995005853257,3889034705,1,-3511096292111904352,3384644680,0,2111966536109256348,4076390828,7,2,10,10,0,200,0,0,0,1,0,606856596,0,0,0.0,0
6834521314832366824,8,4021059862,5,5782662620773110489,3889034705,1,0,27,-2502508276359474986,3921872859,2,-1203184995005853257,3889034705,1,-2212171327765534491,3447613196,0,2111966536109256348,4076390828,7,2,11,11,0,200,0,0,0,1,0,606856596,0,0,0.0,0
6834521314832366825,8,4055005257,6,5782662620773110489,3889034705,1,0,27,-2502508276359474986,3921872859,2,-1203184995005853257,3889034705,1,-4445329240694774277,3415954992,0,2111966536109256348,4076390828,7,2,12,12,0,200,0,0,0,1,0,606856596,0,0,0.0,0
6834521314832366826,8,4077328897,7,5782662620773110489,3889034705,1,0,27,-2502508276359474986,3921872859,2,-1203184995005853257,3889034705,1,1677678834103899714,3412823961,0,2111966536109256348,4076390828,7,2,13,13,0,200,0,0,0,1,0,606856596,0,0,0.0,0
6834521314832366827,8,4131062089,9,5782662620773110489,3889034705,1,0,27,-2502508276359474986,3921872859,2,-1203184995005853257,3889034705,1,6723206215465898856,3444134273,0,2111966536109256348,4076390828,7,2,14,14,0,200,0,0,0,1,0,606856596,0,0,0.0,0
6834521314832366828,8,3898078878,1,5782662620773110489,3889034705,1,0,27,-2502508276359474986,3921872859,2,-1203184995005853257,3889034705,1,-4881017788425770868,3359283327,0,2111966536109256348,4076390828,7,2,15,15,0,200,0,0,0,1,0,606856596,0,0,0.0,0
6834521314832366829,8,3969018816,3,5782662620773110489,3889034705,1,0,27,-2502508276359474986,3921872859,2,-1203184995005853257,3889034705,1,-4880376468931441201,3444482165,0,2111966536109256348,4076390828,7,2,16,16,0,200,0,0,0,1,0,606856596,0,0,0.0,0
8103097208985786449,4,6224743674668079904,26,4990677875999079286,3968179218,3,3938299536,2,1319350586710049921,3938299536,2,-1204099278524521384,3968179218,3,0,0,27,0,0,27,0,0,0,400,0,0,1,0,1,0,603626400,0,0,606856850.891363,0
8668036783548290214,8,4095345435,8,1174556154783447425,89838492718492653,15,0,27,7947978887322197332,89838492718492653,15,-7114365713724790685,89838492718492653,15,-7690962248114225746,89838492718492653,15,-6682586349049903090,369916583855233364,17,1,1,1,0,50,0,-1,0,0,0,0,0,0,0.0,0
8877232900939930945,8,3992151579,4,5498113812887919296,4129015450,9,0,27,-917962851877069801,3897430247,1,-1852260461303972273,4129015450,9,20934063671946838,3796343735,0,2111966536109256348,4076390828,7,1,5,5,0,50,0,-1,0,0,0,0,0,0,0.0,0
8877232900939930946,8,4075135684,7,6793961165150742226,3968959256,3,0,27,8160793789603963740,896569541321806214,19,4056614246023062113,3968959256,3,-3728527959492194523,3153856374,0,2111966536109256348,4076390828,7,1,3,3,0,50,0,-1,0,0,0,0,0,0,0.0,0
8877232900939930947,8,4165510337724835412,24,7874871231798113398,3964994864,3,0,27,3912805249630530763,397415106664020372,17,6577190789827859814,3964994864,3,6072337108185379698,3922089730,2,8089479700516397825,3991967719,4,1,13,13,0,50,0,-1,0,0,0,0,0,0,0.0,0
8877232900939930948,8,3919320270,2,8521405002200643083,3993098330,4,0,27,7152392061145881260,3919144605,2,1532275605161507488,3993098330,4,0,0,27,-2719246062502823582,3962699720,3,1,2,2,0,50,0,-1,0,0,0,0,0,0,0.0,0
8877232900939930949,8,4289186517,15,7656446282540616219,4187799707,11,0,27,-3582972272388508041,3184382452693154440,19,-4230190234083603936,3539807982528258892,21,-699611720604447546,785940623288728487,18,-5024278388930694182,46568994131859416,15,2,12,12,0,50,0,-1,0,0,1,0,0,0,0.0,0
8877232900939930950,8,4186955965,11,-5527396071361341347,787156038396015488,18,0,27,2829533596440703506,3847570853063661908,22,5496803044489322034,787156038396015488,18,-6824779772762731655,787169543008318676,18,-2719246062502823582,3962699720,3,1,6,6,0,50,0,-1,0,0,0,0,0,0,0.0,0
8877232900939930952,8,4076369975,7,6362056306105238877,4240799580,13,0,27,-6754150025742438034,6015617334649507648,26,-3006636654333259820,4240799580,13,1387752974301008260,4241019740,13,-5167168335793280110,4074211113,7,1,2,2,0,50,0,-1,0,0,0,0,0,0,0.0,0
8877232900939930953,8,3824114440347630818,22,3048209325493916481,3965611105,3,0,27,2832615959135194321,3867617790,0,-6682414854125614576,3965611105,3,4701909932550292056,3988406970,4,2111966536109256348,4076390828,7,1,10,10,0,50,0,-1,0,0,0,0,0,0,0.0,0
8877232900939930954,8,4105654315,8,6649943280756332819,4656903278656503,15,0,27,3332902211459834252,4075240346,7,-7475086870212525961,4656903278656503,15,3622650062152505299,4656903278656503,15,450473211600865543,3898659521,1,1,6,6,0,50,0,-1,0,0,0,0,0,0,0.0,0
8877232900939930955,8,465917848173605955,17,6649943280756332819,4656903278656503,15,0,27,3332902211459834252,4075240346,7,-7475086870212525961,4656903278656503,15,3622650062152505299,4656903278656503,15,450473211600865543,3898659521,1,1,12,12,0,50,0,-1,0,0,0,0,0,0,0.0,0
8877232900939930956,8,3964977283,3,-3440537563798757459,3409204363772984296,20,0,27,6287521433464486590,391981571669153816,17,740594599022910649,3409204363772984296,20,-846265946406003652,4208211959,12,-6682586349049903090,369916583855233364,17,1,16,16,0,50,0,-1,0,0,0,0,0,0,0.0,0
8877232900939930959,8,4016205740,5,-2932480812751549228,4263035770,14,0,27,2615489117761201767,4016425341,5,4918499635156609013,4263035770,14,-5598259805032910013,4101539703,8,-2719246062502823582,3962699720,3,1,3,3,0,50,0,-1,0,0,0,0,0,0,0.0,0
8877232900939930961,8,4212510596,12,-6249228590701222714,4137372378,9,0,27,8451984012501884409,3958063686,3,5930322628038146924,4137372378,9,309374378338132530,4135460472,9,-5024278388930694182,46568994131859416,15,1,3,3,0,50,0,-1,0,0,0,0,0,0,0.0,0
8877232900939930962,8,3185006106661627568,19,6577403789595358758,4157482143,10,0,27,-1206380156689412648,4183031919,11,-918064615598628735,4157482143,10,885817318217957576,4157680591,10,2111966536109256348,4076390828,7,1,3,3,0,50,0,-1,0,0,0,0,0,0,0.0,0
8877232900939930963,8,3827889426,0,6577403789595358758,4157482143,10,0,27,1171425149711111440,4214430110,12,-918064615598628735,4157482143,10,-50770831684987164,4157660746,10,2111966536109256348,4076390828,7,1,5,5,0,50,0,-1,0,0,0,0,0,0,0.0,0
8877232900939930964,8,433096982175114991,17,-6247288823855887357,3994001575,4,0,27,6359544026416363734,3190057703806259913,19,6938940756111025774,3994001575,4,0,0,27,2111966536109256348,4076390828,7,1,13,13,0,50,0,-1,0,0,0,0,0,0,0.0,0
8877232900939930965,8,3826460081619233922,22,1027936452957177418,447134945727095886,17,0,27,3406025071780464652,897535246525888973,19,6650585864948060665,447134945727095886,17,9098722577815718677,3993263802,4,-5024278388930694182,46568994131859416,15,1,2,2,0,50,0,-1,0,0,0,0,0,0,0.0,0
8877232900939930966,8,4048700382,6,7153037178987511034,897518343596351252,19,0,27,-2286128110247540619,255471659829805156,16,7657999743573553953,897518343596351252,19,4273172429642742289,897520033889305024,19,2111966536109256348,4076390828,7,1,3,3,100,50,0,-1,0,0,0,0,0,0,608660184.774485,0
8877232900939930967,8,4077422759,7,7153037178987511034,897518343596351252,19,0,27,5137253909718231509,3986628196,4,7657999743573553953,897518343596351252,19,-484694523350583354,3960503704,3,2111966536109256348,4076390828,7,1,3,3,0,50,0,-1,0,0,0,0,0,0,0.0,0
8877232900939930968,8,775001887323145761,18,3260825957236591546,3921944641,2,0,27,307651935199956275,775001887323145761,18,-51968094159520643,3921944641,2,0,0,27,8089479700516397825,3991967719,4,1,2,2,0,50,0,-1,0,0,0,0,0,0,0.0,0
8877232900939930969,8,3898136942,1,3260825957236591546,3921944641,2,0,27,6723345138143217793,135734056701521852,15,-51968094159520643,3921944641,2,0,0,27,8089479700516397825,3991967719,4,1,2,2,0,50,0,-1,0,0,0,0,0,0,0.0,0
8877232900939930970,8,3897117210,1,3260825957236591546,3921944641,2,0,27,1315923758290726175,3899214164,1,-51968094159520643,3921944641,2,0,0,27,-2719246062502823582,3962699720,3,1,3,3,0,50,0,-1,0,0,0,0,0,0,0.0,0
8877232900939930971,8,4097766262,8,5569692295981805726,3897044093,1,0,27,-5240606167723926760,4287755343,15,-845360451349555499,3897044093,1,5065098256301406884,3897044093,1,-8050334969916582895,3865470566,0,1,11,11,0,50,0,-1,0,0,0,0,0,0,0.0,0
8877232900939930972,8,3921775699,2,-626230155824911139,4052013779,6,0,27,-4158095399933097691,4021276547,5,-4086601636319357070,4052013779,6,7731697377713538857,3964045205,3,2111966536109256348,4076390828,7,1,4,4,0,50,0,-1,0,0,0,0,0,0,0.0,0
8877232900939930973,8,3897365384,1,-8194482586557789967,3924959079,2,0,27,-9060331716132026793,3968988702,3,-3797512486274524160,3924959079,2,-4448235350663415610,3985027299,4,2111966536109256348,4076390828,7,1,3,3,0,50,0,-1,0,0,0,0,0,0,0.0,0
8877232900939930974,8,4240573005,13,-4951018114657858524,3931512830,2,0,27,2973905178805207814,3207450203854948958,19,1678237594508950240,3931512830,2,2544041884633648053,4158229901,10,8089479700516397825,3991967719,4,1,5,5,0,50,0,-1,0,0,0,0,0,0,0.0,0
8877232900939930975,8,3190198600787930704,19,-4951018114657858524,3931512830,2,0,27,19642857465188996,3547826075797688012,21,1678237594508950240,3931512830,2,-1422503041942348425,4158174969,10,8089479700516397825,3991967719,4,1,1,1,0,50,0,-1,0,0,0,0,0,0,0.0,0
8877232900939930976,8,3900166003,1,-4951018114657858524,3931512830,2,0,27,19642857465188996,3547826075797688012,21,1678237594508950240,3931512830,2,-2861140010022592667,3993066605,4,8089479700516397825,3991967719,4,1,2,2,0,50,0,-1,0,0,0,0,0,0,0.0,0
8877232900939930977,8,434317267967201906,17,-3220815832066871697,3877629427721175988,22,0,27,2973596834377205113,3904682144912938664,22,8740387076789729682,3877629427721175988,22,-9129973164828552995,3877629427721175988,22,2111966536109256348,4076390828,7,1,2,2,0,50,0,-1,0,0,0,0,0,0,0.0,0
8877232900939930978,8,3679604179,0,3766065970867904672,3887207446,1,0,27,738952110919224630,3887390171,1,-3367727425228220089,3887207446,1,4488616012205954052,3784669779,0,2111966536109256348,4076390828,7,1,12,12,300,50,0,0,0,0,0,0,0,0,607027603.529785,1675494059300644005
8877232900939930979,8,4057460803,6,-8122207692811076257,805204025709390946,18,0,27,4633402721265631534,3362149664057167163,20,7874834393024845596,805204025709390946,18,0,0,27,-2719246062502823582,3962699720,3,1,1,1,0,50,0,-1,0,0,0,0,0,0,0.0,0
8877232900939930980,8,4022615943,5,-1638428631202886603,4211866493,12,0,27,-122681821935143667,4054388768,6,-2789272208028245956,4211866493,12,5207341196926341086,4109822273,8,-8050334969916582895,3865470566,0,1,3,3,0,50,0,-1,0,0,0,0,0,0,0.0,0
8877232900939930981,8,3968476823,3,5281819502369083199,506948039922077544,17,0,27,4056545034206206027,3968476823,3,4847386867827559460,506948039922077544,17,7730107089885120607,4134402087,9,2111966536109256348,4076390828,7,1,1,1,0,50,0,-1,0,0,0,0,0,0,0.0,0
8877232900939930982,8,3823120239990621233,22,-7691808369855467587,4030281384922731016,23,0,27,-3151880809542385744,6087445273687459840,26,-5527360364188314431,4030281384922731016,23,1461922631682505949,3865575433,0,-5024278388930694182,46568994131859416,15,1,4,4,0,50,0,-1,0,0,1,0,0,0,0.0,0
8877232900939930983,8,3888755631,1,-2503761684223360596,693472108267986355,18,0,27,1244038931984667848,3888724623,1,1891784062756436355,693472108267986355,18,-6537381526754561159,693488438678950343,18,-2719246062502823582,3962699720,3,1,2,2,0,50,0,-1,0,0,0,0,0,0,0.0,0
8877232900939930984,8,4207822753,12,-7834395660147510186,3846116747,0,0,27,7441274768067917569,4186609449,11,-3078671822921119689,3846116747,0,-2860846271494844462,3983586492,4,-5024278388930694182,46568994131859416,15,1,1,1,0,50,0,-1,0,0,0,0,0,0,0.0,0
8877232900939930985,8,4134295491,9,6577909742483587658,3845459775919219086,22,0,27,-1996996983953312366,3845670883633663366,22,2756713722067035888,3845459775919219086,22,1318662004648032895,3867638432,0,7154480521592735382,4074200840,7,1,6,6,0,50,0,-1,0,0,0,0,0,0,0.0,0
8877232900939930986,8,4286467287,15,2542754665006356767,4060501380,6,0,27,-6752545683311032583,3869518383,0,5569121256357013013,4060501380,6,7083649056874087023,3872406655,0,7154480521592735382,4074200840,7,1,6,6,0,50,0,-1,0,0,0,0,0,0,0.0,0
8877232900939930987,8,523565267580208602,17,8451374234440292737,3526747620652730760,21,0,27,7584250693463370775,3922971946,2,5423989912973924816,3526747620652730760,21,-1566113317740672244,3785837174,0,7154480521592735382,4074200840,7,1,1,1,0,50,0,-1,0,0,1,0,0,0,0.0,0
8877232900939930988,8,3962726831,3,8451374234440292737,3526747620652730760,21,0,27,8018980036860697106,3893095280,1,5423989912973924816,3526747620652730760,21,-1566113317740672244,3785837174,0,7154480521592735382,4074200840,7,2,14,14,0,50,0,-1,0,0,1,0,0,0,0.0,0
8877232900939930989,8,42377785046538991,15,-7474324310117972096,4129220113,9,0,27,6359559534447484712,3922981748,2,4777082838122859691,4129220113,9,8811658738821165538,4186778182,11,7154480521592735382,4074200840,7,1,6,6,0,50,0,-1,0,0,0,0,0,0,0.0,0
8877232900939930990,8,6260504278811265188,26,5498113812887919296,4129015450,9,0,27,-6033776937511470728,3896978288,1,-1852260461303972273,4129015450,9,5641530262657909586,687959592373719920,18,2111966536109256348,4076390828,7,1,9,9,0,50,0,-1,0,0,0,0,0,0,0.0,0
8877232900939930991,8,801236529710951474,18,5782662620773110489,3889034705,1,0,27,236082427479925773,4104010560,8,-1203184995005853257,3889034705,1,0,0,27,2111966536109256348,4076390828,7,1,1,1,0,50,0,-1,0,0,0,0,0,0,0.0,0
8877232900939930992,8,3850576710529413314,22,1535137274782721374,4240735434,13,0,27,-6754157295869670438,4104052884,8,-5453976626919415258,4240735434,13,-6463683558456388734,4240741848,13,2111966536109256348,4076390828,7,1,4,4,0,50,0,-1,0,0,0,0,0,0,0.0,0
8877232900939930993,8,3836431986,0,958672245739683423,3922587165,2,0,27,-7618049224813155103,3835355902,0,-2935962991418597235,3922587165,2,0,0,27,8089479700516397825,3991967719,4,1,2,2,0,50,0,-1,0,0,0,0,0,0,0.0,0
8877232900939930995,8,433744704062110626,17,-6463507038775854977,4026403706,5,0,27,-2355685805145727199,448786540795096436,17,3839222188236725483,4026403706,5,4485973069418606161,4210669557,12,2111966536109256348,4076390828,7,1,2,2,0,50,0,-1,0,0,0,0,0,0,0.0,0
8877232900939930996,8,467764206802287180,17,8737686907004165052,3921688255,2,0,27,-3870806853589176257,467784721898161416,17,-1133429523376404452,3921688255,2,0,0,27,8089479700516397825,3991967719,4,1,1,1,0,50,0,-1,0,0,0,0,0,0,0.0,0
8877232900939930997,8,4048305321,6,-8915555500530880612,4139093094,9,0,27,-2502524872454707288,4139093094,9,-2790371017976380488,4139093094,9,0,0,27,8089479700516397825,3991967719,4,1,1,1,0,50,0,-1,0,0,0,0,0,0,0.0,0
8877232900939930998,8,3992809635,4,1243954019272229451,470020867348453125,17,0,27,-6032699752306558015,4263935108,14,-4230190234083603936,3539807982528258892,21,6503664389045254411,470020867348453125,17,-8050334969916582895,3865470566,0,1,2,2,0,50,0,-1,0,0,1,0,0,0,0.0,0
8877232900939930999,8,788641545749366233,18,-4952331007150035642,3968911012,3,0,27,-2572759849181209859,7379458980941685440,26,-7042932184097713607,3968911012,3,-5815148422672232975,3867637454,0,-5024278388930694182,46568994131859416,15,1,4,4,0,50,0,-1,0,0,0,0,0,0,0.0,0
8877232900939931000,8,4010376650884592760,23,-7691808369855467587,4030281384922731016,23,0,27,9026096069013131825,434176425517618620,17,-5527360364188314431,4030281384922731016,23,-8267678784469077083,3865564946,0,2111966536109256348,4076390828,7,1,5,5,0,50,0,-1,0,0,0,0,0,0,0.0,0
8877232900939931001,8,3835236337,0,958672245739683423,3922587165,2,0,27,-269567534705551738,4074117629,7,-2935962991418597235,3922587165,2,0,0,27,8089479700516397825,3991967719,4,1,2,2,0,50,0,-1,0,0,0,0,0,0,0.0,0
8877232900939931002,8,789856960856653190,18,6577403789595358758,4157482143,10,0,27,7513529165276942931,4054943608,6,-918064615598628735,4157482143,10,7516159122447798371,4157730028,10,2111966536109256348,4076390828,7,1,3,3,0,50,0,-1,0,0,0,0,0,0,0.0,0
8877232900939931003,8,789735419345924493,18,958672245739683423,3922587165,2,0,27,-269567534705551738,4074117629,7,-2935962991418597235,3922587165,2,0,0,27,8089479700516397825,3991967719,4,1,8,8,0,50,0,-1,0,0,0,0,0,0,0.0,0
8877232900939931004,8,4276034034,14,6793961165150742226,3968959256,3,0,27,-5383597369402451714,909089182881506196,19,4056614246023062113,3968959256,3,-6539075640788833040,3151573852,0,2111966536109256348,4076390828,7,1,4,4,0,50,0,-1,0,0,0,0,0,0,0.0,0
8877232900939931005,8,4026361109,5,1750919235079846139,3968962200,3,0,27,-6247430921325323415,433672336114640874,17,1390840859133449002,3992133193,4,-1638869321446079853,4154869799,10,2111966536109256348,4076390828,7,2,1,1,0,50,0,-1,0,0,0,0,0,0,0.0,0
8877232900939931006,8,4074192518,7,1027936452957177418,447134945727095886,17,0,27,7872722295233619943,389775072887761760,17,6650585864948060665,447134945727095886,17,1748697778267354967,900228806749383188,19,-5024278388930694182,46568994131859416,15,1,3,3,0,50,0,-1,0,0,0,0,0,0,0.0,0
8877232900939931007,8,4076201073,7,-3148544830208502386,3340794901,0,0,27,-7905897216244955310,4076201073,7,307311092980372619,3340794901,0,-5746541868038984881,3174399069,0,7154480521592735382,4074200840,7,1,1,1,0,50,0,-1,0,0,0,0,0,0,0.0,0
8877232900939931008,8,4207809136,12,-8698626260020093178,4187565333,11,0,27,-2717313629011937137,4207809136,12,4486175036088991798,4187565333,11,-3437241395722110226,4127173475,9,2111966536109256348,4076390828,7,1,8,8,0,50,0,-1,0,0,0,0,0,0,0.0,0
8877232900939931009,8,4060350191,6,-4809559458126180205,679702054487880564,18,0,27,-5744952359274489274,4021396728,5,-8844752683176185954,679702054487880564,18,1822310631648724636,4157695345,10,2111966536109256348,4076390828,7,1,4,4,0,50,0,-1,0,0,0,0,0,0,0.0,0
8877232900939931010,8,2561325898284508708,19,-5456574838490593451,3768394163149404688,22,0,27,-1998589554392368441,433321609324534950,17,8017463146987692274,3768394163149404688,22,-5240720412069598466,3768394163149404688,22,2111966536109256348,4076390828,7,1,8,8,0,50,0,-1,0,0,0,0,0,0,0.0,0
8877232900939931011,8,3189552544091796657,19,8451799933367933234,3964979041,3,0,27,8163587078582862266,3189603060063242982,19,-51581074898160043,3964979041,3,0,0,27,2111966536109256348,4076390828,7,1,1,1,0,50,0,-1,0,0,0,0,0,0,0.0,0
8877232900939931012,8,4244982625,13,-5310829185369204248,5846224999234453824,26,0,27,6578933693017767113,358472091452690548,17,5422827528824752130,5846224999234453824,26,-1636926298494305732,3200778764720173252,19,2111966536109256348,4076390828,7,1,8,8,0,50,0,-1,0,0,0,0,0,0,0.0,0
8877232900939931013,8,3571993551614751778,21,4054820118845943893,3922933467,2,0,27,3190528924371007772,3586449050597564478,21,2254589709196878452,3922933467,2,-916131703176607623,3922139473,2,-5024278388930694182,46568994131859416,15,1,7,7,0,50,0,-1,0,0,0,0,0,0,0.0,0
8877232900939931014,8,805649230433887641,18,7803698162868524193,3919478369,2,0,27,5497387097897343271,5998678101108002176,26,8740438302053182595,3919478369,2,0,0,27,-2719246062502823582,3962699720,3,1,10,10,0,50,0,-1,0,0,0,0,0,0,0.0,0
8877232900939931015,8,3396144001897457050,20,4125828301572920729,4208072027,12,0,27,3552055037605238008,3397450038085009767,20,5424320759404989970,4208072027,12,6579705222309285315,4208086020,12,-5024278388930694182,46568994131859416,15,1,1,1,300,50,0,0,0,0,0,0,0,0,607027633.213151,1675494059300644005
8877232900939931016,8,688150972127634589,18,1532002085524841687,4265319216,14,0,27,739632485694754196,688323213906157793,18,-8840865074269272400,4265319216,14,5639965721706977103,4265591018,14,7370937804708437421,4077507235,7,1,1,1,0,50,0,-1,0,0,0,0,0,0,0.0,0
8877232900939931017,8,3968991713,3,8377746997830503425,3889608759,1,0,27,-4085407640876751661,3923061148,2,-5889952695185321702,3889608759,1,-266382237554456154,3889754382,1,-8050334969916582895,3865470566,0,1,11,11,0,50,0,-1,0,0,0,0,0,0,0.0,0
8877232900939931018,8,3872120351,0,-2211988359880043288,3190184511089763624,19,0,27,-5167061996635449597,4210579880,12,-124143304545748601,3190184511089763624,19,5711516559433930689,4134199555,9,2111966536109256348,4076390828,7,1,3,3,0,50,0,-1,0,0,0,0,0,0,0.0,0
8877232900939931019,8,4181128702002263836,24,597740005727627626,4076088110,7,0,27,-3798273578451745872,5861470309421808642,26,-701300103472498916,4076088110,7,0,0,27,2111966536109256348,4076390828,7,1,2,2,0,50,0,-1,0,0,0,0,0,0,0.0,0
8877232900939931020,8,4291112417,15,4992406767707211266,4208098613,12,0,27,-5382387732180701630,4277077359,14,-3725530826037350616,4208098613,12,-4088390607145302477,3450744227,0,-5024278388930694182,46568994131859416,15,1,2,2,0,50,0,-1,0,0,0,0,0,0,0.0,0
8877232900939931021,8,3971915961,3,-2139262550811742936,442753981205787851,17,0,27,-7544214921200209512,3897342205,1,3622381254735005190,442753981205787851,17,4702953401684166401,3921863142,2,2111966536109256348,4076390828,7,1,2,2,0,50,0,-1,0,0,0,0,0,0,0.0,0
8877232900939931022,8,801177676179064549,18,3550636864604579125,675533098509565557,18,0,27,-3004057524888384793,3888591177,1,-1132639252615808314,675533098509565557,18,-50674447778084780,3922079927,2,8160736743350596435,465689902663892224,17,1,1,1,0,50,0,-1,0,0,0,0,0,0,0.0,0
8877232900939931023,8,4213753496,12,1820999809132358006,776095760919704032,18,0,27,2902125539407008128,4213678317,12,-1635719693565585206,776095760919704032,18,-7834288456601056626,3892168843,1,8089479700516397825,3991967719,4,1,2,2,0,50,0,-1,0,0,0,0,0,0,0.0,0
8877232900939931024,8,3853281982248589579,22,19521640169017066,4212297317,12,0,27,-6827413499642332331,3993683795,4,2253770807048711426,4212297317,12,4486043318710035823,4205964210,12,-8050334969916582895,3865470566,0,1,15,15,0,50,0,-1,0,0,0,0,0,0,0.0,0
8877232900939931025,8,3870648994,0,-6031653253235806004,4185745147,11,0,27,6146932739638079655,3870660306,0,-4085500989884179234,4185745147,11,450407153202121929,4185830523,11,-5024278388930694182,46568994131859416,15,1,1,1,0,50,0,-1,0,0,0,0,0,0,0.0,0
8877232900939931026,8,3408028931204186785,20,1243346240238451156,4158779353,10,0,27,-486306197030665214,4268548915,14,-1997699590940040715,4158779353,10,-52688126541208130,3917192767,2,-8050334969916582895,3865470566,0,1,4,4,0,50,0,-1,0,0,0,0,0,0,0.0,0
8877232900939931027,8,3867654694,0,4991573655022523261,4157814566,10,0,27,-8123475510356265662,4054981993,6,-9203764736849277708,4157774522,10,0,0,27,-2719246062502823582,3962699720,3,1,1,1,0,50,0,-1,0,0,1,0,0,0,0.0,0
8877232900939931028,8,4244784480,13,-8626313782604318604,4133909109,9,0,27,3334887804892503233,3964761534,3,-4230190234083603936,3539807982528258892,21,0,0,27,-2719246062502823582,3962699720,3,1,22,22,0,50,0,-1,0,0,1,0,0,0,0.0,0
8877232900939931029,8,3067287999879430744,19,7440053483275592588,3992133193,4,0,27,3551901619682714331,3992135031,4,1390840859133449002,3992133193,4,-6680128486960023700,4208109947,12,2111966536109256348,4076390828,7,1,18,18,0,50,0,-1,0,0,0,0,0,0,0.0,0
8877232900939931030,8,4054263764,6,6577403789595358758,4157482143,10,0,27,7513529165276942931,4054943608,6,-918064615598628735,4157482143,10,-8627252809988268597,4157678606,10,2111966536109256348,4076390828,7,1,5,5,0,50,0,-1,0,0,0,0,0,0,0.0,0
8877232900939931031,8,4022370202,5,6577403789595358758,4157482143,10,0,27,7513529165276942931,4054943608,6,-918064615598628735,4157482143,10,-3726425487385478796,4157589644,10,2111966536109256348,4076390828,7,1,9,9,0,50,0,-1,0,0,0,0,0,0,0.0,0
8877232900939931033,8,5693771897360885824,26,-2211988359880043288,3190184511089763624,19,0,27,9100139829282739223,3889092110,1,-124143304545748601,3190184511089763624,19,8666111246287566863,4157220908,10,2111966536109256348,4076390828,7,1,7,7,0,50,0,-1,0,0,0,0,0,0,0.0,0
8877232900939931034,8,4022381018,5,3548921792283213149,3931375148,2,0,27,-6034643974505771060,94931355767370602,15,3408514511500841132,3931375148,2,1101908937896059111,3931375148,2,2111966536109256348,4076390828,7,1,5,5,0,50,0,-1,0,0,0,0,0,0,0.0,0
8877232900939931035,8,3963967891,3,8451581751552816424,3897051404,1,0,27,2976244748889807594,4212219801,12,7224168053456089654,3897051404,1,-7400715086873785167,897519864860009646,19,2111966536109256348,4076390828,7,1,3,3,0,50,0,-1,0,0,0,0,0,0,0.0,0
8877232900939931036,8,3867719264,0,-629546770821952432,4206136966,12,0,27,-5673499489838205037,3769261055369314755,22,4056879418357309445,4206136966,12,7659408193068982632,4125515698,9,2111966536109256348,4076390828,7,1,20,20,0,50,0,-1,0,0,0,0,0,0,0.0,0
8877232900939931037,8,4054444251,6,6218540896471444143,3930259931,2,0,27,-7257306463938572833,3967405021,3,5498345057592635623,3930259931,2,-8195024367406564317,4157653635,10,2111966536109256348,4076390828,7,1,4,4,0,50,0,-1,0,0,0,0,0,0,0.0,0
8877232900939931038,8,3893388348,1,-6682991292751313948,4053694301,6,0,27,-8841921732739249480,4294121278,15,8378530852178761397,4053694301,6,0,0,27,8089479700516397825,3991967719,4,1,2,2,0,50,0,-1,0,0,0,0,0,0,0.0,0
8877232900939931039,8,4054206817,6,-773161009448746233,4022602185,5,0,27,1535123977841975784,3829237182095410547,22,-8124482956107243148,4022602185,5,2327885125939563513,3870547178,0,2111966536109256348,4076390828,7,1,4,4,0,50,0,-1,0,0,0,0,0,0,0.0,0
8877232900939931040,8,4054494186,6,-6898938064655782495,4186755919,11,0,27,1174125062189917867,908203145268293886,19,-1133358272478098610,4186755919,11,4632628775809288661,3960040101,3,2111966536109256348,4076390828,7,1,4,4,0,50,0,-1,0,0,0,0,0,0,0.0,0
8877232900939931041,8,3924770168,2,-6898938064655782495,4186755919,11,0,27,1174125062189917867,908203145268293886,19,-1133358272478098610,4186755919,11,1102291258604280809,3960062061,3,2111966536109256348,4076390828,7,1,5,5,0,50,0,-1,0,0,0,0,0,0,0.0,0
8877232900939931042,8,801118683873048307,18,164112524110172586,4244606150,13,0,27,-5311501498595550223,3189097900348779738,19,3695399016875984420,4244606150,13,-7472974130480022689,3183135972053065000,19,-5024278388930694182,46568994131859416,15,1,9,9,0,50,0,-1,0,0,0,0,0,0,0.0,0
8877232900939931043,8,3763209600978752096,22,-8770436218729684734,427969020896007752,17,0,27,-5530316684734802827,4268279614,14,3263579393426175261,427969020896007752,17,-2431665440414388059,3867952026,0,-8050334969916582895,3865470566,0,1,1,1,0,50,0,-1,0,0,0,0,0,0,0.0,0
8877232900939931044,8,3823219660026322191,22,-485727149413535646,4027285255,5,0,27,-7547059102605116524,4293842295,15,1822602041266911724,4027285255,5,2037173955552374696,4185907361,11,2111966536109256348,4076390828,7,1,2,2,0,50,0,-1,0,0,0,0,0,0,0.0,0
8877232900939931045,8,4054155565,6,-5602331284242500124,4130128535,9,0,27,-3868911372303877761,4185976515,11,-4950701530143841047,4130128535,9,-1710160108149616056,4128831252,9,2111966536109256348,4076390828,7,1,20,20,0,50,0,-1,0,0,0,0,0,0,0.0,0
8877232900939931046,8,3921784443,2,6577403789595358758,4157482143,10,0,27,7513529165276942931,4054943608,6,-918064615598628735,4157482143,10,8377899314360239027,3721214647396466337,22,2111966536109256348,4076390828,7,1,2,2,0,50,0,-1,0,0,0,0,0,0,0.0,0
8877232900939931047,8,468651507075249663,17,8737686907004165052,3921688255,2,0,27,8450949114332131810,3898117823,1,-1133429523376404452,3921688255,2,4055447358864425681,3867640058,0,-2719246062502823582,3962699720,3,1,1,1,0,50,0,-1,0,0,0,0,0,0,0.0,0
8877232900939931048,8,3599458999682095910,21,3192398568526032025,3962480118,3,0,27,3263525185872676417,3964834881,3,-8769889143432183282,3962480118,3,-2430226693178524922,4061862080,6,-2719246062502823582,3962699720,3,1,10,10,0,50,0,-1,0,0,0,0,0,0,0.0,0
8877232900939931049,8,3518209214,0,3192398568526032025,3962480118,3,0,27,3263525185872676417,3964834881,3,-8769889143432183282,3962480118,3,-2430226693178524922,4061862080,6,-2719246062502823582,3962699720,3,1,2,2,0,50,0,-1,0,0,0,0,0,0,0.0,0
8877232900939931050,8,789626031986268665,18,-3945130849721599388,4235834280,13,0,27,-774238351851397970,789626031986268665,18,-7257623055771996677,4235834280,13,4557757273635557833,4261252471,14,2111966536109256348,4076390828,7,1,1,1,0,50,0,-1,0,0,0,0,0,0,0.0,0
8877232900939931051,8,4138921022,9,-700216785949014552,4075401420,7,0,27,-125669727915126687,3361827808366302240,20,-2286790395614695585,4075325122,7,1101167115735081738,4185846145,11,7154480521592735382,4074200840,7,1,10,10,0,50,0,-1,0,0,1,0,0,0,0.0,0
8877232900939931052,8,462164460845900872,17,4919407284403282585,3967593593,3,0,27,5207130754740119454,3890933931,1,-7545400873080997889,3967528524,3,-6102377912038868988,4130968733,9,8160736743350596435,465689902663892224,17,1,48,48,0,50,0,-1,0,0,1,0,0,0,0.0,0
8877232900939931053,8,688478231506828677,18,-7112419235696369869,4191970959,11,0,27,598054161317062270,4180675390,11,-7907624537481772517,4191970959,11,-2718867662332301661,3962985954,3,2111966536109256348,4076390828,7,1,6,6,0,50,0,-1,0,0,0,0,0,0,0.0,0
8877232900939931054,8,4130212554,9,4778001899891955393,265771702992093652,16,0,27,-9057418763699488233,3992149924,4,7297964771465337667,265771702992093652,16,5207654056070242315,3922080907,2,7154480521592735382,4074200840,7,1,3,3,0,50,0,-1,0,0,0,0,0,0,0.0,0
8877232900939931055,8,3222598294184305802,19,-5310564315995264780,3990569968,4,0,27,-1636594559241745864,6036139800046299488,26,2615943499875563201,3990569968,4,-2287793138545089531,3990709743,4,-6682586349049903090,369916583855233364,17,1,1,1,0,50,0,-1,0,0,0,0,0,0,0.0,0
8877232900939931056,8,4185969599,11,-554427958353958146,740441750479590468,18,0,27,-916557256706997981,801183561532253241,18,-6394807481694496478,740441750479590468,18,-2359701954840762181,3922071104,2,7154480521592735382,4074200840,7,1,1,1,0,50,0,-1,0,0,0,0,0,0,0.0,0
8877232900939931057,8,4095157766,8,7299967692881495725,3963137044,3,0,27,6863780467311586136,4292528872,15,9028382689579269802,3963137044,3,6936778808590539122,3962677759,3,7154480521592735382,4074200840,7,1,4,4,0,50,0,-1,0,0,0,0,0,0,0.0,0
8877232900939931058,8,4026491860,5,-6753389942540449675,805604709961437966,18,0,27,5208287201129746528,4026571199,5,-2862034186513313600,805604709961437966,18,0,0,27,-3437235471323396325,741792211709909333,18,1,1,1,0,50,0,-1,0,0,0,0,0,0,0.0,0
8877232900939931059,8,4021494075,5,-5382760933218563802,4292413312,15,0,27,-5529659990536211171,3888604521,1,2543824287287438700,4292413312,15,1966455904171611658,3990551309,4,-8050334969916582895,3865470566,0,1,3,3,0,50,0,-1,0,0,0,0,0,0,0.0,0
8877232900939931060,8,806410530512776990,18,3260825957236591546,3921944641,2,0,27,-770933185172204640,806049914685934666,18,-51968094159520643,3921944641,2,3696344148460821947,3182014139476984504,19,8089479700516397825,3991967719,4,1,4,4,0,50,0,-1,0,0,0,0,0,0,0.0,0
8877232900939931061,8,4188559734,11,3260825957236591546,3921944641,2,0,27,4919290101276515723,4188745375,11,-51968094159520643,3921944641,2,0,0,27,8089479700516397825,3991967719,4,1,1,1,0,50,0,-1,0,0,0,0,0,0,0.0,0
8877232900939931062,8,465712697214863597,17,-8626079660653545326,3898189199,1,0,27,4343242007734395939,4208351891,12,-6034204693431065851,3898189199,1,-4517815329023854081,3785526919,0,450473211600865543,3898659521,1,1,4,4,0,50,0,-1,0,0,0,0,0,0,0.0,0
8877232900939931063,8,6033491078689410804,26,-4950255469337111856,3899309347,1,0,27,-8339019300479027927,6033491078689410804,26,-1996483438584872130,3899309347,1,-8050658053820832942,3899395012,1,-5024278388930694182,46568994131859416,15,1,1,1,0,50,0,-1,0,0,0,0,0,0,0.0,0
8877232900939931064,8,4054984319,6,-3292246759451321924,4213065139,12,0,27,7515971877573274298,4054189601,6,4991439771102199108,4213065139,12,-414229407204752193,4124023699,9,4414490868835619762,738755989547368010,18,1,5,5,0,50,0,-1,0,0,0,0,0,0,0.0,0
8877232900939931065,8,3388219975017225795,20,8377746997830503425,3889608759,1,0,27,-4085407640876751661,3923061148,2,-5889952695185321702,3889608759,1,-1996284635310756738,3889739819,1,-8050334969916582895,3865470566,0,1,8,8,0,50,0,-1,0,0,0,0,0,0,0.0,0
8877232900939931066,8,801086385167967074,18,-5311633851135429549,3964981846,3,0,27,4702569837061880944,3832319474921934164,22,-843302685324142334,3830859441477791398,22,1532676548806170325,3168626761,0,2111966536109256348,4076390828,7,1,5,5,100,50,0,-1,0,0,1,0,0,0,608660184.083585,0
8877232900939931067,8,4185693748,11,90959571780392738,503546592335872910,17,0,27,-5961240219523965861,4185698887,11,1967755118930526742,503546592335872910,17,-1782102681753485022,4124923590,9,-8626317066652627889,4076389138,7,1,1,1,0,50,0,-1,0,0,0,0,0,0,0.0,0
8877232900939931068,8,4079956546,7,6360423848601748071,4245004641,13,0,27,3335501600286086658,4186536669,11,2542798634269488161,4245004641,13,-4160931394937765666,4245026238,13,2111966536109256348,4076390828,7,1,3,3,0,50,0,-1,0,0,0,0,0,0,0.0,0
8877232900939931069,8,4211763386,12,6360423848601748071,4245004641,13,0,27,3335501600286086658,4186536669,11,2542798634269488161,4245004641,13,6866650834141154059,4245042288,13,2111966536109256348,4076390828,7,1,10,10,0,50,0,-1,0,0,0,0,0,0,0.0,0
8877232900939931070,8,899553880859643669,19,6360423848601748071,4245004641,13,0,27,3335501600286086658,4186536669,11,2542798634269488161,4245004641,13,-9060386095815124544,3915611777,2,2111966536109256348,4076390828,7,1,17,17,0,50,0,-1,0,0,0,0,0,0,0.0,0
8877232900939931071,8,4161587507,10,-7760424196711317182,387789223984508906,17,0,27,3263306053720699603,387789223984508906,17,-8912655748822568475,387789223984508906,17,6793387656683419856,387789223984508906,17,7154480521592735382,4074200840,7,1,6,6,0,50,0,-1,0,0,0,0,0,0,0.0,0
8877232900939931072,8,4292508535,15,-7760424196711317182,387789223984508906,17,0,27,-6465972901709356968,4186871590,11,-8912655748822568475,387789223984508906,17,6793387656683419856,387789223984508906,17,7154480521592735382,4074200840,7,1,11,11,0,50,0,-1,0,0,0,0,0,0,0.0,0
8877232900939931073,8,683101835772736825,18,5639351557341440206,3988604611,4,0,27,2541372560540967713,3893124167,1,18720627753489676,3988604611,4,-269116213445079557,4208162143,12,-6682586349049903090,369916583855233364,17,1,7,7,0,50,0,-1,0,0,1,0,0,0,0.0,0
8877232900939931074,8,3810461501634632312,22,1027936452957177418,447134945727095886,17,0,27,3406025071780464652,897535246525888973,19,6650585864948060665,447134945727095886,17,3480865946588549776,3919478369,2,-5024278388930694182,46568994131859416,15,1,3,3,0,50,0,-1,0,0,0,0,0,0,0.0,0
8877232900939931075,8,3850276124782838166,22,1964324915113063086,5859945778403072728,26,0,27,-3006020762268250843,3964065065,3,379085584780898853,5859945778403072728,26,3551188069059246663,4046284436,6,2111966536109256348,4076390828,7,1,9,9,0,50,0,-1,0,0,0,0,0,0,0.0,0
8877232900939931076,8,4163774963916232208,24,8883001043601265026,4269992681,14,0,27,4777026124289647660,3897327829,1,-2575904626223118146,4269992681,14,2037120650296944117,4293758474,15,8089479700516397825,3991967719,4,1,5,5,0,50,0,-1,0,0,0,0,0,0,0.0,0
8877232900939931077,8,689733874072262839,18,-8770436218729684734,427969020896007752,17,0,27,-7904572667301682577,3780402926977118156,22,-4230190234083603936,3539807982528258892,21,3910063507842243532,4022468631,5,-3437235471323396325,741792211709909333,18,1,5,5,0,50,0,-1,0,0,1,0,0,0,0.0,0
9037246110081599949,4,2616333618694721338,19,-5311663756696429970,4245202786,13,3391116676235010308,20,7299439599727220840,3391116676235010308,20,-2934922011615056669,4245202786,13,0,0,27,0,0,27,0,0,0,400,0,0,1,0,1,0,608118425,0,0,608121654.763132,0
9111574466154398660,4,3992781083,4,-3798550159000800818,753946362782779158,18,4105708617,8,-988430404822598818,1268320232061161344,19,-2068357526398769971,753946362782779158,18,0,0,27,0,0,27,0,0,0,400,0,0,1,0,1,0,606906022,0,0,606966219.439269,0
