Z_PK,Z_ENT,Z_OPT,ZAUTHORTS,ZBUNDLEIDTS,ZCONTEXTNAMETS,ZPROCESSIDTS,ZTIMESTAMP,ZAUTHOR,ZBUNDLEID,ZCONTEXTNAME,ZPROCESSID,ZQUERYGEN
1,16002,,1.0,2,4.0,3,606519593.017475,,,,,
2,16002,,1.0,2,4.0,3,606519593.029884,,,,,
3,16002,,1.0,2,8.0,3,606519613.279138,,,,,
4,16002,,9.0,2,10.0,3,606520157.817759,,,,,
5,16002,,9.0,2,10.0,3,606520158.559096,,,,,
6,16002,,,2,13.0,3,606575124.60036,,,,,
7,16002,,,2,13.0,3,606575124.640616,,,,,
8,16002,,,2,13.0,3,606575124.642371,,,,,
9,16002,,1.0,2,15.0,3,606575124.71345,,,,,
10,16002,,16.0,2,19.0,3,606575124.773279,,,,,
11,16002,,16.0,2,10.0,3,606575124.811879,,,,,
12,16002,,9.0,2,10.0,3,606575124.846126,,,,,
13,16002,,16.0,2,10.0,3,606575124.980205,,,,,
14,16002,,1.0,2,15.0,3,606575139.86356,,,,,
15,16002,,16.0,2,19.0,3,606575139.901829,,,,,
16,16002,,16.0,2,10.0,3,606575139.909961,,,,,
17,16002,,9.0,2,10.0,3,606575139.925447,,,,,
18,16002,,16.0,2,10.0,3,606575139.977054,,,,,
19,16002,,1.0,2,15.0,3,606575450.391129,,,,,
20,16002,,16.0,2,10.0,3,606575450.431912,,,,,
21,16002,,16.0,2,19.0,3,606575450.436388,,,,,
22,16002,,9.0,2,10.0,3,606575450.452358,,,,,
23,16002,,16.0,2,10.0,3,606575450.497358,,,,,
24,16002,,28.0,2,29.0,3,606575607.185839,,,,,
25,16002,,28.0,2,29.0,3,606575607.209247,,,,,
26,16002,,28.0,2,29.0,3,606575607.453642,,,,,
27,16002,,28.0,2,15.0,3,606575611.023171,,,,,
28,16002,,16.0,2,10.0,3,606575692.074184,,,,,
29,16002,,16.0,2,10.0,3,606575692.081879,,,,,
30,16002,,1.0,2,15.0,3,606576321.269633,,,,,
31,16002,,16.0,2,19.0,3,606576321.32769,,,,,
32,16002,,1.0,2,15.0,3,606576321.363999,,,,,
33,16002,,16.0,2,19.0,3,606576321.437458,,,,,
34,16002,,16.0,2,10.0,3,606576321.468502,,,,,
35,16002,,1.0,2,15.0,3,606576321.485384,,,,,
36,16002,,9.0,2,10.0,3,606576321.495212,,,,,
37,16002,,16.0,2,19.0,3,606576321.522483,,,,,
38,16002,,1.0,2,15.0,3,606576321.561735,,,,,
39,16002,,16.0,2,19.0,3,606576321.588717,,,,,
40,16002,,1.0,2,15.0,3,606576321.634214,,,,,
41,16002,,16.0,2,19.0,3,606576321.674045,,,,,
42,16002,,16.0,2,10.0,3,606576322.013342,,,,,
43,16002,,16.0,2,10.0,3,606576322.060155,,,,,
44,16002,,9.0,2,10.0,3,606576322.109368,,,,,
45,16002,,16.0,2,10.0,3,606576322.315548,,,,,
46,16002,,28.0,2,29.0,3,606577532.238398,,,,,
47,16002,,28.0,2,29.0,3,606577532.263744,,,,,
48,16002,,28.0,2,29.0,3,606577532.496844,,,,,
49,16002,,1.0,2,15.0,3,606577622.050945,,,,,
50,16002,,16.0,2,19.0,3,606577622.103582,,,,,
51,16002,,1.0,2,15.0,3,606577622.112307,,,,,
52,16002,,16.0,2,19.0,3,606577622.159438,,,,,
53,16002,,16.0,2,10.0,3,606577622.426159,,,,,
54,16002,,9.0,2,10.0,3,606577622.487856,,,,,
55,16002,,16.0,2,10.0,3,606577622.643059,,,,,
56,16002,,28.0,2,29.0,3,606577773.026027,,,,,
57,16002,,28.0,2,29.0,3,606577773.04266,,,,,
58,16002,,28.0,2,29.0,3,606577773.436967,,,,,
59,16002,,16.0,2,10.0,3,606577789.235701,,,,,
60,16002,,16.0,2,10.0,3,606577789.277989,,,,,
61,16002,,16.0,2,10.0,3,606577789.306498,,,,,
62,16002,,1.0,2,42.0,3,606578589.328669,,,,,
63,16002,,16.0,2,19.0,3,606578589.370925,,,,,
64,16002,,16.0,2,10.0,3,606578589.403357,,,,,
65,16002,,9.0,2,10.0,3,606578589.428474,,,,,
66,16002,,16.0,2,10.0,3,606578589.474807,,,,,
67,16002,,1.0,2,15.0,3,606582401.07592,,,,,
68,16002,,9.0,2,10.0,3,606582401.148447,,,,,
69,16002,,9.0,2,10.0,3,606582401.201021,,,,,
70,16002,,1.0,2,15.0,3,606582402.03183,,,,,
71,16002,,1.0,2,15.0,3,606582402.054473,,,,,
72,16002,,16.0,2,19.0,3,606582402.078593,,,,,
73,16002,,1.0,2,29.0,3,606582402.096275,,,,,
74,16002,,16.0,2,10.0,3,606582402.103744,,,,,
75,16002,,9.0,2,10.0,3,606582402.122952,,,,,
76,16002,,16.0,2,10.0,3,606582402.215397,,,,,
77,16002,,1.0,2,15.0,3,606582495.257502,,,,,
78,16002,,1.0,2,15.0,3,606582495.288722,,,,,
79,16002,,16.0,2,19.0,3,606582495.314545,,,,,
80,16002,,1.0,2,29.0,3,606582495.333544,,,,,
81,16002,,16.0,2,10.0,3,606582495.362605,,,,,
82,16002,,9.0,2,10.0,3,606582495.391498,,,,,
83,16002,,16.0,2,10.0,3,606582495.43649,,,,,
84,16002,,1.0,2,15.0,3,606582557.764151,,,,,
85,16002,,1.0,2,15.0,3,606582557.79756,,,,,
86,16002,,16.0,2,19.0,3,606582557.833294,,,,,
87,16002,,1.0,2,29.0,3,606582557.852531,,,,,
88,16002,,16.0,2,10.0,3,606582557.862507,,,,,
89,16002,,9.0,2,10.0,3,606582557.877812,,,,,
90,16002,,16.0,2,10.0,3,606582557.936132,,,,,
91,16002,,,2,13.0,3,606595332.093291,,,,,
92,16002,,1.0,2,15.0,3,606595332.133228,,,,,
93,16002,,16.0,2,10.0,3,606595332.217682,,,,,
94,16002,,16.0,2,19.0,3,606595332.223609,,,,,
95,16002,,9.0,2,10.0,3,606595332.24966,,,,,
96,16002,,16.0,2,10.0,3,606595332.333472,,,,,
97,16002,,,2,13.0,3,606595342.765179,,,,,
98,16002,,1.0,2,15.0,3,606595342.851484,,,,,
99,16002,,16.0,2,10.0,3,606595342.890391,,,,,
100,16002,,16.0,2,10.0,3,606595342.927639,,,,,
101,16002,,28.0,2,29.0,3,606595424.75945,,,,,
102,16002,,28.0,2,29.0,3,606595424.787457,,,,,
103,16002,,28.0,2,29.0,3,606595424.825375,,,,,
104,16002,,28.0,2,29.0,3,606595424.850987,,,,,
105,16002,,28.0,2,29.0,3,606595425.128068,,,,,
106,16002,,1.0,2,15.0,3,606595431.549819,,,,,
107,16002,,16.0,2,10.0,3,606595431.642743,,,,,
108,16002,,16.0,2,19.0,3,606595431.646379,,,,,
109,16002,,9.0,2,10.0,3,606595431.855122,,,,,
110,16002,,16.0,2,10.0,3,606595431.961242,,,,,
111,16002,,28.0,2,29.0,3,606595437.704938,,,,,
112,16002,,1.0,2,15.0,3,606595760.442946,,,,,
113,16002,,16.0,2,19.0,3,606595760.502821,,,,,
114,16002,,16.0,2,10.0,3,606595760.563126,,,,,
115,16002,,9.0,2,10.0,3,606595760.596128,,,,,
116,16002,,16.0,2,10.0,3,606595760.648737,,,,,
117,16002,,16.0,2,10.0,3,606597673.161103,,,,,
118,16002,,16.0,2,10.0,3,606597673.230722,,,,,
119,16002,,16.0,2,10.0,3,606597673.279556,,,,,
120,16002,,16.0,2,10.0,3,606597673.319133,,,,,
121,16002,,16.0,2,10.0,3,606597676.063343,,,,,
122,16002,,16.0,2,10.0,3,606597676.092253,,,,,
123,16002,,16.0,2,10.0,3,606597676.115881,,,,,
124,16002,,16.0,2,10.0,3,606597676.131145,,,,,
125,16002,,16.0,2,10.0,3,606597676.145194,,,,,
126,16002,,16.0,2,10.0,3,606597676.161481,,,,,
127,16002,,16.0,2,10.0,3,606597676.183083,,,,,
128,16002,,16.0,2,10.0,3,606597676.217369,,,,,
129,16002,,16.0,2,10.0,3,606597676.234081,,,,,
130,16002,,9.0,2,10.0,3,606597676.760125,,,,,
131,16002,,16.0,2,10.0,3,606597676.859564,,,,,
132,16002,,28.0,2,29.0,3,606598068.189649,,,,,
133,16002,,28.0,2,29.0,3,606598107.876494,,,,,
134,16002,,28.0,2,29.0,3,606598109.609726,,,,,
135,16002,,28.0,2,29.0,3,606598135.994084,,,,,
136,16002,,28.0,2,29.0,3,606598136.031009,,,,,
137,16002,,28.0,2,29.0,3,606598136.217523,,,,,
138,16002,,28.0,2,29.0,3,606598136.272188,,,,,
139,16002,,28.0,2,29.0,3,606598136.837549,,,,,
140,16002,,28.0,2,29.0,3,606598139.699074,,,,,
141,16002,,28.0,2,29.0,3,606598140.035106,,,,,
142,16002,,28.0,2,29.0,3,606598140.245837,,,,,
143,16002,,28.0,2,29.0,3,606598140.683071,,,,,
144,16002,,28.0,2,29.0,3,606598141.429062,,,,,
145,16002,,28.0,2,29.0,3,606598141.596883,,,,,
146,16002,,28.0,2,29.0,3,606598141.791242,,,,,
147,16002,,28.0,2,29.0,3,606598141.921445,,,,,
148,16002,,28.0,2,29.0,3,606598142.077067,,,,,
149,16002,,28.0,2,29.0,3,606598143.792881,,,,,
150,16002,,28.0,2,29.0,3,606598144.01969,,,,,
151,16002,,28.0,2,29.0,3,606598144.249644,,,,,
152,16002,,28.0,2,29.0,3,606598144.443367,,,,,
153,16002,,28.0,2,29.0,3,606598145.966132,,,,,
154,16002,,28.0,2,29.0,3,606598146.170978,,,,,
155,16002,,28.0,2,29.0,3,606598146.375567,,,,,
156,16002,,1.0,2,29.0,3,606598146.670951,,,,,
157,16002,,28.0,2,29.0,3,606598146.77093,,,,,
158,16002,,28.0,2,29.0,3,606598146.859252,,,,,
159,16002,,28.0,2,29.0,3,606598146.890772,,,,,
160,16002,,28.0,2,29.0,3,606598146.91635,,,,,
161,16002,,28.0,2,29.0,3,606598146.944725,,,,,
162,16002,,28.0,2,29.0,3,606598146.973632,,,,,
163,16002,,28.0,2,29.0,3,606598147.002324,,,,,
164,16002,,28.0,2,29.0,3,606598147.028308,,,,,
165,16002,,28.0,2,29.0,3,606598147.055675,,,,,
166,16002,,28.0,2,29.0,3,606598147.086094,,,,,
167,16002,,28.0,2,29.0,3,606598147.117759,,,,,
168,16002,,28.0,2,29.0,3,606598147.149284,,,,,
169,16002,,28.0,2,29.0,3,606598147.177507,,,,,
170,16002,,28.0,2,29.0,3,606598147.210469,,,,,
171,16002,,1.0,2,15.0,3,606619018.451418,,,,,
172,16002,,16.0,2,19.0,3,606619018.524039,,,,,
173,16002,,16.0,2,10.0,3,606619018.596591,,,,,
174,16002,,9.0,2,10.0,3,606619018.632626,,,,,
175,16002,,16.0,2,10.0,3,606619018.768989,,,,,
176,16002,,16.0,2,10.0,3,606619020.50297,,,,,
177,16002,,16.0,2,10.0,3,606619020.85525,,,,,
178,16002,,16.0,2,10.0,3,606619020.873619,,,,,
179,16002,,1.0,2,42.0,3,606619955.663592,,,,,
180,16002,,16.0,2,19.0,3,606619955.748381,,,,,
181,16002,,16.0,2,10.0,3,606619957.563653,,,,,
182,16002,,9.0,2,10.0,3,606619957.596147,,,,,
183,16002,,16.0,2,10.0,3,606619957.689003,,,,,
184,16002,,16.0,2,10.0,3,606619959.372636,,,,,
185,16002,,16.0,2,10.0,3,606619959.642211,,,,,
186,16002,,16.0,2,10.0,3,606619959.660511,,,,,
187,16002,,28.0,2,29.0,3,606619962.897904,,,,,
188,16002,,28.0,2,29.0,3,606619962.922336,,,,,
189,16002,,28.0,2,29.0,3,606619963.175421,,,,,
190,16002,,1.0,2,42.0,3,606621142.606541,,,,,
191,16002,,16.0,2,19.0,3,606621142.669705,,,,,
192,16002,,16.0,2,10.0,3,606621142.718068,,,,,
193,16002,,9.0,2,10.0,3,606621142.776072,,,,,
194,16002,,16.0,2,10.0,3,606621142.845485,,,,,
195,16002,,16.0,2,10.0,3,606621146.57046,,,,,
196,16002,,16.0,2,10.0,3,606621146.812119,,,,,
197,16002,,16.0,2,10.0,3,606621146.835213,,,,,
198,16002,,16.0,2,19.0,3,606688376.603086,,,,,
199,16002,,1.0,2,29.0,3,606688920.519222,,,,,
200,16002,,28.0,2,29.0,3,606689302.514896,,,,,
201,16002,,28.0,2,29.0,3,606689346.916103,,,,,
202,16002,,28.0,2,29.0,3,606689347.125726,,,,,
203,16002,,28.0,2,29.0,3,606689347.385398,,,,,
204,16002,,28.0,2,29.0,3,606689362.977668,,,,,
205,16002,,28.0,2,29.0,3,606689362.995047,,,,,
206,16002,,28.0,2,29.0,3,606689363.431244,,,,,
207,16002,,28.0,2,29.0,3,606689363.490802,,,,,
208,16002,,28.0,2,29.0,3,606689363.542181,,,,,
209,16002,,28.0,2,29.0,3,606689365.636804,,,,,
210,16002,,28.0,2,29.0,3,606689365.802646,,,,,
211,16002,,28.0,2,29.0,3,606689365.942946,,,,,
212,16002,,1.0,2,29.0,3,606689366.085862,,,,,
213,16002,,28.0,2,29.0,3,606689366.164551,,,,,
214,16002,,1.0,2,15.0,3,606749276.48619,,,,,
215,16002,,16.0,2,19.0,3,606749276.537038,,,,,
216,16002,,16.0,2,10.0,3,606749276.6068,,,,,
217,16002,,9.0,2,10.0,3,606749276.661825,,,,,
218,16002,,16.0,2,10.0,3,606749276.997189,,,,,
219,16002,,16.0,2,10.0,3,606749284.37883,,,,,
220,16002,,16.0,2,10.0,3,606749284.62417,,,,,
221,16002,,16.0,2,10.0,3,606749284.645467,,,,,
222,16002,,16.0,2,19.0,3,606769872.225418,,,,,
223,16002,,28.0,2,29.0,3,606769890.439511,,,,,
224,16002,,28.0,2,29.0,3,606769899.640791,,,,,
225,16002,,28.0,2,29.0,3,606769904.707468,,,,,
226,16002,,28.0,2,29.0,3,606769904.730982,,,,,
227,16002,,28.0,2,29.0,3,606769905.000248,,,,,
228,16002,,28.0,2,29.0,3,606769905.102985,,,,,
229,16002,,28.0,2,29.0,3,606769906.109627,,,,,
230,16002,,1.0,2,15.0,3,606793952.962551,,,,,
231,16002,,16.0,2,19.0,3,606793953.049103,,,,,
232,16002,,16.0,2,10.0,3,606793953.121509,,,,,
233,16002,,9.0,2,10.0,3,606793953.166446,,,,,
234,16002,,16.0,2,10.0,3,606793953.581299,,,,,
235,16002,,1.0,2,15.0,3,606793965.43552,,,,,
236,16002,,16.0,2,10.0,3,606793965.583039,,,,,
237,16002,,16.0,2,10.0,3,606793965.621126,,,,,
238,16002,,28.0,2,29.0,3,606794021.970595,,,,,
239,16002,,28.0,2,29.0,3,606794022.002745,,,,,
240,16002,,28.0,2,29.0,3,606794022.327622,,,,,
241,16002,,28.0,2,15.0,3,606794023.972472,,,,,
242,16002,,28.0,2,29.0,3,606794024.199466,,,,,
243,16002,,16.0,2,10.0,3,606794026.687878,,,,,
244,16002,,16.0,2,10.0,3,606794026.707762,,,,,
245,16002,,9.0,2,10.0,3,606794027.709255,,,,,
246,16002,,16.0,2,10.0,3,606794027.799606,,,,,
247,16002,,28.0,2,29.0,3,606794028.25821,,,,,
248,16002,,28.0,2,29.0,3,606795815.803497,,,,,
249,16002,,28.0,2,29.0,3,606795830.289146,,,,,
250,16002,,28.0,2,29.0,3,606795851.827416,,,,,
251,16002,,28.0,2,29.0,3,606795852.307427,,,,,
252,16002,,16.0,2,19.0,3,606804139.825165,,,,,
253,16002,,28.0,2,29.0,3,606810892.01414,,,,,
254,16002,,1.0,2,29.0,3,606822022.977689,,,,,
255,16002,,16.0,2,19.0,3,606893337.602881,,,,,
256,16002,,1.0,2,42.0,3,606941715.243556,,,,,
257,16002,,16.0,2,19.0,3,606941715.292356,,,,,
258,16002,,16.0,2,10.0,3,606941715.351112,,,,,
259,16002,,9.0,2,10.0,3,606941715.393272,,,,,
260,16002,,16.0,2,10.0,3,606941715.50039,,,,,
261,16002,,16.0,2,10.0,3,606941717.394198,,,,,
262,16002,,16.0,2,10.0,3,606941717.718018,,,,,
263,16002,,16.0,2,10.0,3,606941717.739014,,,,,
264,16002,,1.0,2,42.0,3,606941884.228044,,,,,
265,16002,,16.0,2,19.0,3,606941884.297087,,,,,
266,16002,,16.0,2,10.0,3,606941884.922833,,,,,
267,16002,,9.0,2,10.0,3,606941884.961489,,,,,
268,16002,,16.0,2,10.0,3,606941885.022328,,,,,
269,16002,,16.0,2,10.0,3,606941886.812808,,,,,
270,16002,,16.0,2,10.0,3,606941887.034234,,,,,
271,16002,,16.0,2,10.0,3,606941887.049573,,,,,
272,16002,,1.0,2,42.0,3,606942179.83859,,,,,
273,16002,,16.0,2,19.0,3,606942179.899542,,,,,
274,16002,,16.0,2,10.0,3,606942180.105569,,,,,
275,16002,,9.0,2,10.0,3,606942180.134115,,,,,
276,16002,,16.0,2,10.0,3,606942180.203853,,,,,
277,16002,,16.0,2,10.0,3,606942182.575224,,,,,
278,16002,,16.0,2,10.0,3,606942182.874254,,,,,
279,16002,,16.0,2,10.0,3,606942182.891814,,,,,
280,16002,,1.0,2,42.0,3,606942246.217453,,,,,
281,16002,,16.0,2,19.0,3,606942246.272885,,,,,
282,16002,,16.0,2,10.0,3,606942247.010569,,,,,
283,16002,,9.0,2,10.0,3,606942247.036938,,,,,
284,16002,,16.0,2,10.0,3,606942247.115183,,,,,
285,16002,,16.0,2,10.0,3,606942249.3358,,,,,
286,16002,,16.0,2,10.0,3,606942249.537631,,,,,
287,16002,,16.0,2,10.0,3,606942249.549982,,,,,
288,16002,,1.0,2,42.0,3,606942615.713185,,,,,
289,16002,,16.0,2,19.0,3,606942615.866013,,,,,
290,16002,,9.0,2,10.0,3,606942620.665301,,,,,
291,16002,,16.0,2,10.0,3,606942620.687303,,,,,
292,16002,,9.0,2,10.0,3,606942620.705468,,,,,
293,16002,,16.0,2,10.0,3,606942620.754683,,,,,
294,16002,,16.0,2,10.0,3,606942620.775618,,,,,
295,16002,,16.0,2,10.0,3,606942620.796233,,,,,
296,16002,,16.0,2,10.0,3,606942622.132169,,,,,
297,16002,,16.0,2,10.0,3,606942622.416215,,,,,
298,16002,,16.0,2,10.0,3,606942622.434368,,,,,
299,16002,,1.0,2,15.0,3,606962281.190282,,,,,
300,16002,,1.0,2,15.0,3,606962281.353726,,,,,
301,16002,,1.0,2,15.0,3,606962281.374413,,,,,
302,16002,,16.0,2,19.0,3,606962281.413451,,,,,
303,16002,,9.0,2,10.0,3,606962281.431181,,,,,
304,16002,,1.0,2,29.0,3,606962281.452384,,,,,
305,16002,,9.0,2,10.0,3,606962281.554116,,,,,
306,16002,,16.0,2,10.0,3,606962281.574917,,,,,
307,16002,,9.0,2,10.0,3,606962281.594793,,,,,
308,16002,,16.0,2,10.0,3,606962281.642997,,,,,
309,16002,,1.0,2,15.0,3,606962358.184359,,,,,
310,16002,,1.0,2,15.0,3,606962358.207752,,,,,
311,16002,,16.0,2,19.0,3,606962358.220649,,,,,
312,16002,,1.0,2,29.0,3,606962358.249395,,,,,
313,16002,,16.0,2,10.0,3,606962358.272546,,,,,
314,16002,,16.0,2,10.0,3,606962358.289734,,,,,
315,16002,,16.0,2,10.0,3,606962358.325873,,,,,
316,16002,,28.0,2,29.0,3,606962368.521134,,,,,
317,16002,,28.0,2,29.0,3,606962368.562353,,,,,
318,16002,,28.0,2,29.0,3,606962368.810693,,,,,
319,16002,,16.0,2,10.0,3,606962869.335248,,,,,
320,16002,,16.0,2,10.0,3,606962869.573271,,,,,
321,16002,,16.0,2,10.0,3,606962869.630817,,,,,
322,16002,,1.0,2,15.0,3,606964623.931525,,,,,
323,16002,,1.0,2,42.0,3,606964802.635224,,,,,
324,16002,,16.0,2,10.0,3,606964802.734948,,,,,
325,16002,,16.0,2,19.0,3,606964802.755178,,,,,
326,16002,,9.0,2,10.0,3,606964802.783177,,,,,
327,16002,,16.0,2,10.0,3,606964802.913303,,,,,
328,16002,,16.0,2,10.0,3,606964805.567901,,,,,
329,16002,,16.0,2,10.0,3,606964805.82625,,,,,
330,16002,,16.0,2,10.0,3,606964805.847147,,,,,
331,16002,,28.0,2,29.0,3,606966176.706101,,,,,
332,16002,,28.0,2,29.0,3,606966191.676246,,,,,
333,16002,,28.0,2,29.0,3,606966191.924548,,,,,
334,16002,,28.0,2,29.0,3,606966192.128974,,,,,
335,16002,,28.0,2,29.0,3,606966192.36434,,,,,
336,16002,,28.0,2,29.0,3,606966192.605452,,,,,
337,16002,,28.0,2,29.0,3,606966192.855116,,,,,
338,16002,,28.0,2,29.0,3,606966193.104834,,,,,
339,16002,,28.0,2,29.0,3,606966193.399896,,,,,
340,16002,,28.0,2,29.0,3,606966201.354082,,,,,
341,16002,,28.0,2,29.0,3,606966201.384132,,,,,
342,16002,,28.0,2,29.0,3,606966201.801245,,,,,
343,16002,,28.0,2,29.0,3,606966201.899487,,,,,
344,16002,,28.0,2,29.0,3,606966205.011093,,,,,
345,16002,,28.0,2,29.0,3,606966205.279191,,,,,
346,16002,,28.0,2,29.0,3,606966205.42306,,,,,
347,16002,,28.0,2,29.0,3,606966205.545837,,,,,
348,16002,,28.0,2,29.0,3,606966205.722822,,,,,
349,16002,,28.0,2,29.0,3,606966205.880434,,,,,
350,16002,,28.0,2,29.0,3,606966207.104104,,,,,
351,16002,,28.0,2,29.0,3,606966207.555765,,,,,
352,16002,,1.0,2,29.0,3,606966208.059561,,,,,
353,16002,,28.0,2,29.0,3,606966208.152435,,,,,
354,16002,,28.0,2,29.0,3,606966208.193482,,,,,
355,16002,,28.0,2,29.0,3,606966208.222987,,,,,
356,16002,,28.0,2,29.0,3,606966208.256416,,,,,
357,16002,,28.0,2,29.0,3,606966208.285592,,,,,
358,16002,,28.0,2,29.0,3,606966208.318389,,,,,
359,16002,,16.0,2,19.0,3,606978912.26711,,,,,
360,16002,,28.0,2,29.0,3,606981164.354832,,,,,
361,16002,,28.0,2,29.0,3,606981164.522581,,,,,
362,16002,,28.0,2,29.0,3,606981164.60439,,,,,
363,16002,,16.0,2,19.0,3,606989639.768054,,,,,
364,16002,,1.0,2,29.0,3,606994838.506059,,,,,
365,16002,,28.0,2,29.0,3,606995229.63955,,,,,
366,16002,,16.0,2,19.0,3,607053436.435376,,,,,
367,16002,,28.0,2,29.0,3,607053470.30739,,,,,
368,16002,,16.0,2,19.0,3,607056137.870779,,,,,
369,16002,,28.0,2,29.0,3,607057247.787641,,,,,
370,16002,,16.0,2,19.0,3,607058844.412005,,,,,
371,16002,,16.0,2,19.0,3,607066320.740752,,,,,
372,16002,,28.0,2,29.0,3,607068138.471879,,,,,
373,16002,,16.0,2,19.0,3,607076904.615373,,,,,
374,16002,,28.0,2,29.0,3,607082425.430489,,,,,
375,16002,,16.0,2,19.0,3,607223919.855919,,,,,
376,16002,,28.0,2,29.0,3,607224136.080989,,,,,
377,16002,,16.0,2,19.0,3,607226622.180643,,,,,
378,16002,,28.0,2,29.0,3,607238850.604983,,,,,
379,16002,,16.0,2,19.0,3,607247428.680174,,,,,
380,16002,,28.0,2,29.0,3,607253391.232293,,,,,
381,16002,,16.0,2,19.0,3,607316184.485709,,,,,
382,16002,,28.0,2,29.0,3,607316772.658513,,,,,
383,16002,,16.0,2,19.0,3,607318909.774785,,,,,
384,16002,,16.0,2,19.0,3,607321687.756071,,,,,
385,16002,,28.0,2,29.0,3,607331406.292037,,,,,
386,16002,,16.0,2,19.0,3,607339643.466285,,,,,
387,16002,,16.0,2,19.0,3,607528027.413528,,,,,
388,16002,,28.0,2,29.0,3,607528987.914786,,,,,
389,16002,,16.0,2,19.0,3,607530727.770539,,,,,
390,16002,,28.0,2,29.0,3,607633485.528776,,,,,
391,16002,,28.0,2,15.0,3,607779217.065639,,,,,
392,16002,,28.0,2,15.0,3,607779234.11824,,,,,
393,16002,,28.0,2,15.0,3,607779237.589213,,,,,
394,16002,,28.0,2,15.0,3,607779242.980639,,,,,
395,16002,,28.0,2,15.0,3,607779250.210657,,,,,
396,16002,,28.0,2,15.0,3,607779253.138081,,,,,
397,16002,,28.0,2,15.0,3,607779256.305094,,,,,
398,16002,,28.0,2,15.0,3,607779261.864493,,,,,
399,16002,,28.0,2,15.0,3,607779267.723882,,,,,
400,16002,,28.0,2,15.0,3,607779274.760647,,,,,
401,16002,,28.0,2,15.0,3,607779279.244548,,,,,
402,16002,,28.0,2,15.0,3,607779298.754823,,,,,
403,16002,,28.0,2,15.0,3,607779307.711471,,,,,
404,16002,,28.0,2,15.0,3,607779313.722781,,,,,
405,16002,,28.0,2,15.0,3,607779316.357171,,,,,
406,16002,,28.0,2,15.0,3,607779319.759608,,,,,
407,16002,,28.0,2,15.0,3,607779321.864076,,,,,
408,16002,,28.0,2,15.0,3,607779325.850805,,,,,
409,16002,,28.0,2,15.0,3,607779328.662306,,,,,
410,16002,,28.0,2,15.0,3,607779336.040171,,,,,
411,16002,,28.0,2,15.0,3,607779341.921884,,,,,
412,16002,,28.0,2,15.0,3,607779345.207923,,,,,
413,16002,,28.0,2,15.0,3,607779353.628043,,,,,
414,16002,,28.0,2,15.0,3,607779356.269853,,,,,
415,16002,,28.0,2,15.0,3,607779360.950295,,,,,
416,16002,,28.0,2,15.0,3,607779365.069279,,,,,
417,16002,,28.0,2,15.0,3,607779376.987514,,,,,
418,16002,,1.0,2,42.0,3,607806800.782108,,,,,
419,16002,,16.0,2,19.0,3,607806800.87495,,,,,
420,16002,,16.0,2,10.0,3,607806800.891084,,,,,
421,16002,,9.0,2,10.0,3,607806800.921351,,,,,
422,16002,,16.0,2,10.0,3,607806801.044156,,,,,
423,16002,,16.0,2,10.0,3,607806803.925397,,,,,
424,16002,,16.0,2,10.0,3,607806804.169146,,,,,
425,16002,,16.0,2,10.0,3,607806804.186775,,,,,
426,16002,,1.0,2,15.0,3,607806832.817893,,,,,
427,16002,,1.0,2,42.0,3,607807637.909851,,,,,
428,16002,,16.0,2,19.0,3,607807637.952478,,,,,
429,16002,,16.0,2,10.0,3,607807637.959173,,,,,
430,16002,,9.0,2,10.0,3,607807637.979778,,,,,
431,16002,,16.0,2,10.0,3,607807638.041148,,,,,
432,16002,,16.0,2,10.0,3,607807642.608443,,,,,
433,16002,,16.0,2,10.0,3,607807642.888821,,,,,
434,16002,,16.0,2,10.0,3,607807642.905992,,,,,
435,16002,,16.0,2,19.0,3,607877817.060285,,,,,
436,16002,,16.0,2,19.0,3,607877817.294056,,,,,
437,16002,,1.0,2,29.0,3,607878157.965199,,,,,
438,16002,,1.0,2,29.0,3,607878158.335695,,,,,
439,16002,,28.0,2,29.0,3,607878758.834715,,,,,
440,16002,,28.0,2,29.0,3,607878909.272136,,,,,
441,16002,,28.0,2,29.0,3,607878909.634917,,,,,
442,16002,,28.0,2,29.0,3,607878918.375748,,,,,
443,16002,,28.0,2,29.0,3,607878918.412052,,,,,
444,16002,,28.0,2,29.0,3,607878919.120039,,,,,
445,16002,,28.0,2,29.0,3,607878919.225546,,,,,
446,16002,,28.0,2,29.0,3,607878919.304572,,,,,
447,16002,,28.0,2,29.0,3,607878932.496346,,,,,
448,16002,,28.0,2,29.0,3,607878932.750945,,,,,
449,16002,,1.0,2,29.0,3,607878932.922651,,,,,
450,16002,,28.0,2,29.0,3,607878933.010344,,,,,
451,16002,,28.0,2,29.0,3,607893698.765521,,,,,
452,16002,,28.0,2,29.0,3,607893698.954531,,,,,
453,16002,,16.0,2,19.0,3,607999410.488083,,,,,
454,16002,,1.0,2,42.0,3,608320569.818227,,,,,
455,16002,,16.0,2,19.0,3,608320570.01658,,,,,
456,16002,,,2,13.0,3,608320571.355144,,,,,
457,16002,,,2,13.0,3,608320571.370688,,,,,
458,16002,,1.0,2,42.0,3,608320571.406239,,,,,
459,16002,,1.0,2,42.0,3,608320616.101509,,,,,
460,16002,,16.0,2,19.0,3,608320616.145417,,,,,
461,16002,,28.0,2,15.0,3,608320619.012349,,,,,
462,16002,,28.0,2,15.0,3,608320637.152602,,,,,
463,16002,,28.0,2,15.0,3,608320638.839523,,,,,
464,16002,,28.0,2,15.0,3,608320640.117741,,,,,
465,16002,,28.0,2,15.0,3,608320641.498199,,,,,
466,16002,,16.0,2,10.0,3,608320643.047712,,,,,
467,16002,,9.0,2,10.0,3,608320643.163057,,,,,
468,16002,,16.0,2,10.0,3,608320643.246799,,,,,
469,16002,,16.0,2,10.0,3,608321515.445894,,,,,
470,16002,,16.0,2,10.0,3,608321526.084004,,,,,
471,16002,,16.0,2,10.0,3,608321526.095886,,,,,
472,16002,,16.0,2,10.0,3,608321526.970649,,,,,
473,16002,,16.0,2,10.0,3,608321527.065891,,,,,
474,16002,,16.0,2,19.0,3,608324904.925552,,,,,
475,16002,,28.0,2,29.0,3,608324931.224279,,,,,
476,16002,,28.0,2,29.0,3,608324932.763401,,,,,
477,16002,,28.0,2,29.0,3,608324947.540607,,,,,
478,16002,,28.0,2,29.0,3,608324947.767661,,,,,
479,16002,,28.0,2,29.0,3,608324952.184395,,,,,
480,16002,,28.0,2,29.0,3,608324952.204466,,,,,
481,16002,,28.0,2,29.0,3,608324952.939704,,,,,
482,16002,,28.0,2,29.0,3,608324953.051533,,,,,
483,16002,,28.0,2,29.0,3,608324958.319632,,,,,
484,16002,,28.0,2,29.0,3,608324958.590776,,,,,
485,16002,,1.0,2,42.0,3,608345100.318075,,,,,
486,16002,,16.0,2,19.0,3,608345100.379134,,,,,
487,16002,,16.0,2,10.0,3,608345100.433547,,,,,
488,16002,,9.0,2,10.0,3,608345100.471989,,,,,
489,16002,,16.0,2,10.0,3,608345100.607799,,,,,
490,16002,,16.0,2,10.0,3,608345103.753409,,,,,
491,16002,,16.0,2,10.0,3,608345104.029326,,,,,
492,16002,,16.0,2,10.0,3,608345104.043792,,,,,
493,16002,,28.0,2,29.0,3,608345106.165784,,,,,
494,16002,,28.0,2,29.0,3,608345106.217055,,,,,
495,16002,,28.0,2,29.0,3,608345106.640551,,,,,
496,16002,,28.0,2,15.0,3,608345107.623503,,,,,
497,16002,,1.0,2,42.0,3,608347752.388141,,,,,
498,16002,,16.0,2,19.0,3,608347752.461786,,,,,
499,16002,,16.0,2,10.0,3,608347752.520117,,,,,
500,16002,,9.0,2,10.0,3,608347752.553652,,,,,
501,16002,,16.0,2,10.0,3,608347752.647501,,,,,
502,16002,,16.0,2,10.0,3,608347755.914358,,,,,
503,16002,,16.0,2,10.0,3,608347756.19237,,,,,
504,16002,,16.0,2,10.0,3,608347756.209208,,,,,
505,16002,,28.0,2,29.0,3,608347758.514186,,,,,
506,16002,,28.0,2,29.0,3,608347758.531473,,,,,
507,16002,,28.0,2,29.0,3,608347758.753594,,,,,
508,16002,,1.0,2,15.0,3,608347793.423064,,,,,
509,16002,,1.0,2,15.0,3,608347800.814277,,,,,
510,16002,,1.0,2,15.0,3,608349432.43186,,,,,
511,16002,,16.0,2,19.0,3,608349432.507544,,,,,
512,16002,,16.0,2,10.0,3,608349432.513246,,,,,
513,16002,,9.0,2,10.0,3,608349432.591817,,,,,
514,16002,,16.0,2,10.0,3,608349432.733079,,,,,
515,16002,,16.0,2,10.0,3,608349442.563266,,,,,
516,16002,,,2,13.0,3,608349442.880318,,,,,
517,16002,,16.0,2,10.0,3,608349442.894822,,,,,
518,16002,,16.0,2,10.0,3,608349442.91503,,,,,
519,16002,,28.0,2,29.0,3,608349650.901234,,,,,
520,16002,,28.0,2,29.0,3,608349650.922467,,,,,
521,16002,,28.0,2,29.0,3,608349651.194766,,,,,
522,16002,,16.0,2,10.0,3,608349652.586762,,,,,
523,16002,,28.0,2,15.0,3,608349653.034612,,,,,
524,16002,,28.0,2,15.0,3,608350757.127173,,,,,
525,16002,,28.0,2,15.0,3,608350758.589022,,,,,
526,16002,,28.0,2,15.0,3,608350762.209651,,,,,
527,16002,,28.0,2,15.0,3,608350767.710527,,,,,
528,16002,,28.0,2,15.0,3,608350777.28538,,,,,
529,16002,,28.0,2,15.0,3,608350778.785651,,,,,
530,16002,,28.0,2,15.0,3,608350781.499389,,,,,
531,16002,,28.0,2,15.0,3,608350787.923901,,,,,
532,16002,,28.0,2,29.0,3,608351574.691893,,,,,
533,16002,,28.0,2,29.0,3,608351618.330952,,,,,
534,16002,,28.0,2,29.0,3,608351618.492503,,,,,
535,16002,,28.0,2,29.0,3,608351618.768392,,,,,
536,16002,,28.0,2,29.0,3,608351649.474874,,,,,
537,16002,,28.0,2,29.0,3,608351649.504141,,,,,
538,16002,,28.0,2,29.0,3,608351650.002546,,,,,
539,16002,,1.0,2,29.0,3,608351650.329004,,,,,
540,16002,,28.0,2,29.0,3,608351650.907306,,,,,
541,16002,,28.0,2,29.0,3,608351651.097251,,,,,
542,16002,,28.0,2,29.0,3,608351651.327583,,,,,
543,16002,,16.0,2,19.0,3,608359154.723441,,,,,
544,16002,,1.0,2,29.0,3,608361129.778492,,,,,
545,16002,,1.0,2,29.0,3,608361130.078855,,,,,
546,16002,,28.0,2,29.0,3,608374194.953775,,,,,
547,16002,,28.0,2,29.0,3,608374195.194683,,,,,
548,16002,,28.0,2,29.0,3,608374195.33278,,,,,
549,16002,,1.0,2,29.0,3,608374195.528951,,,,,
550,16002,,1.0,2,29.0,3,608374195.7495,,,,,
551,16002,,16.0,2,19.0,3,608374494.958208,,,,,
552,16002,,1.0,2,29.0,3,608374795.645945,,,,,
553,16002,,1.0,2,29.0,3,608374795.70149,,,,,
554,16002,,1.0,2,29.0,3,608374795.730475,,,,,
555,16002,,1.0,2,29.0,3,608382620.03188,,,,,
556,16002,,1.0,2,29.0,3,608382620.399532,,,,,
557,16002,,1.0,2,15.0,3,608389002.785056,,,,,
558,16002,,1.0,2,42.0,3,608389105.226515,,,,,
559,16002,,16.0,2,10.0,3,608389105.270806,,,,,
560,16002,,16.0,2,19.0,3,608389105.285961,,,,,
561,16002,,9.0,2,10.0,3,608389105.308028,,,,,
562,16002,,16.0,2,10.0,3,608389105.371015,,,,,
563,16002,,16.0,2,10.0,3,608389309.151245,,,,,
564,16002,,16.0,2,10.0,3,608389309.518807,,,,,
565,16002,,16.0,2,10.0,3,608389309.538067,,,,,
566,16002,,1.0,2,15.0,3,608390700.489643,,,,,
567,16002,,16.0,2,19.0,3,608390700.556338,,,,,
568,16002,,16.0,2,10.0,3,608390700.562484,,,,,
569,16002,,9.0,2,10.0,3,608390700.591922,,,,,
570,16002,,16.0,2,10.0,3,608390700.674128,,,,,
571,16002,,16.0,2,10.0,3,608390707.653432,,,,,
572,16002,,16.0,2,10.0,3,608390707.901411,,,,,
573,16002,,16.0,2,10.0,3,608390707.920283,,,,,
574,16002,,28.0,2,29.0,3,608390709.434932,,,,,
575,16002,,28.0,2,29.0,3,608390709.461287,,,,,
576,16002,,28.0,2,29.0,3,608390709.716719,,,,,
577,16002,,28.0,2,15.0,3,608390711.486404,,,,,
578,16002,,1.0,2,15.0,3,608390726.733685,,,,,
579,16002,,16.0,2,19.0,3,608390726.780825,,,,,
580,16002,,16.0,2,10.0,3,608390726.795013,,,,,
581,16002,,9.0,2,10.0,3,608390726.814928,,,,,
582,16002,,16.0,2,10.0,3,608390726.856022,,,,,
583,16002,,16.0,2,10.0,3,608390728.318002,,,,,
584,16002,,16.0,2,10.0,3,608390728.569456,,,,,
585,16002,,16.0,2,10.0,3,608390728.58401,,,,,
586,16002,,1.0,2,15.0,3,608390773.897833,,,,,
587,16002,,16.0,2,10.0,3,608390773.99899,,,,,
588,16002,,16.0,2,19.0,3,608390774.028665,,,,,
589,16002,,9.0,2,10.0,3,608390774.04876,,,,,
590,16002,,16.0,2,10.0,3,608390774.093941,,,,,
591,16002,,16.0,2,10.0,3,608390775.812878,,,,,
592,16002,,16.0,2,10.0,3,608390776.090072,,,,,
593,16002,,16.0,2,10.0,3,608390776.10758,,,,,
594,16002,,1.0,2,15.0,3,608390791.140425,,,,,
595,16002,,16.0,2,19.0,3,608390791.190382,,,,,
596,16002,,16.0,2,10.0,3,608390791.201189,,,,,
597,16002,,9.0,2,10.0,3,608390791.22225,,,,,
598,16002,,16.0,2,10.0,3,608390791.265277,,,,,
599,16002,,16.0,2,10.0,3,608390793.318246,,,,,
600,16002,,16.0,2,10.0,3,608390793.564395,,,,,
601,16002,,16.0,2,10.0,3,608390793.578529,,,,,
602,16002,,1.0,2,15.0,3,608390828.014952,,,,,
603,16002,,16.0,2,10.0,3,608390828.059257,,,,,
604,16002,,16.0,2,19.0,3,608390828.063615,,,,,
605,16002,,9.0,2,10.0,3,608390828.088924,,,,,
606,16002,,16.0,2,10.0,3,608390828.12541,,,,,
607,16002,,16.0,2,10.0,3,608390829.744263,,,,,
608,16002,,16.0,2,10.0,3,608390829.931551,,,,,
609,16002,,16.0,2,10.0,3,608390829.947615,,,,,
610,16002,,1.0,2,15.0,3,608390849.892129,,,,,
611,16002,,16.0,2,10.0,3,608390849.937794,,,,,
612,16002,,16.0,2,19.0,3,608390849.964131,,,,,
613,16002,,9.0,2,10.0,3,608390849.98602,,,,,
614,16002,,16.0,2,10.0,3,608390850.03032,,,,,
615,16002,,16.0,2,10.0,3,608390851.526176,,,,,
616,16002,,16.0,2,10.0,3,608390851.845046,,,,,
617,16002,,16.0,2,10.0,3,608390851.865314,,,,,
618,16002,,28.0,2,29.0,3,608390861.580405,,,,,
619,16002,,28.0,2,29.0,3,608390861.6039,,,,,
620,16002,,28.0,2,29.0,3,608390861.837884,,,,,
621,16002,,28.0,2,15.0,3,608390864.689768,,,,,
622,16002,,1.0,2,15.0,3,608390934.678816,,,,,
623,16002,,16.0,2,10.0,3,608390934.761504,,,,,
624,16002,,16.0,2,19.0,3,608390934.777207,,,,,
625,16002,,9.0,2,10.0,3,608390934.802241,,,,,
626,16002,,16.0,2,10.0,3,608390934.844067,,,,,
627,16002,,16.0,2,10.0,3,608390938.051078,,,,,
628,16002,,16.0,2,10.0,3,608390938.287753,,,,,
629,16002,,16.0,2,10.0,3,608390938.303983,,,,,
630,16002,,1.0,2,15.0,3,608390962.133627,,,,,
631,16002,,16.0,2,19.0,3,608390962.184985,,,,,
632,16002,,16.0,2,10.0,3,608390962.199388,,,,,
633,16002,,9.0,2,10.0,3,608390962.222609,,,,,
634,16002,,16.0,2,10.0,3,608390962.272465,,,,,
635,16002,,16.0,2,10.0,3,608390963.752045,,,,,
636,16002,,16.0,2,10.0,3,608390964.056139,,,,,
637,16002,,16.0,2,10.0,3,608390964.072625,,,,,
638,16002,,1.0,2,42.0,3,608394190.857388,,,,,
639,16002,,16.0,2,19.0,3,608394190.962761,,,,,
640,16002,,28.0,2,15.0,3,608394203.253979,,,,,
641,16002,,16.0,2,10.0,3,608394228.827672,,,,,
642,16002,,9.0,2,10.0,3,608394228.955076,,,,,
643,16002,,16.0,2,10.0,3,608394229.035734,,,,,
644,16002,,16.0,2,10.0,3,608394240.516123,,,,,
645,16002,,16.0,2,10.0,3,608394240.834547,,,,,
646,16002,,16.0,2,10.0,3,608394240.859762,,,,,
647,16002,,1.0,2,15.0,3,608394244.212072,,,,,
648,16002,,16.0,2,19.0,3,608394244.291132,,,,,
649,16002,,1.0,2,15.0,3,608394244.325712,,,,,
650,16002,,16.0,2,19.0,3,608394244.394934,,,,,
651,16002,,16.0,2,10.0,3,608394244.458383,,,,,
652,16002,,9.0,2,10.0,3,608394244.503873,,,,,
653,16002,,16.0,2,10.0,3,608394244.598506,,,,,
654,16002,,16.0,2,10.0,3,608394248.631137,,,,,
655,16002,,16.0,2,10.0,3,608394248.660306,,,,,
656,16002,,16.0,2,10.0,3,608394249.20516,,,,,
657,16002,,16.0,2,10.0,3,608394249.229751,,,,,
658,16002,,1.0,2,15.0,3,608394265.124108,,,,,
659,16002,,16.0,2,19.0,3,608394265.186004,,,,,
660,16002,,1.0,2,15.0,3,608394265.239136,,,,,
661,16002,,16.0,2,19.0,3,608394265.283193,,,,,
662,16002,,16.0,2,10.0,3,608394265.325715,,,,,
663,16002,,9.0,2,10.0,3,608394265.377684,,,,,
664,16002,,16.0,2,10.0,3,608394265.472776,,,,,
665,16002,,16.0,2,10.0,3,608394269.616659,,,,,
666,16002,,16.0,2,10.0,3,608394269.627228,,,,,
667,16002,,16.0,2,10.0,3,608394269.958515,,,,,
668,16002,,16.0,2,10.0,3,608394269.982446,,,,,
669,16002,,1.0,2,42.0,3,608394313.465032,,,,,
670,16002,,16.0,2,19.0,3,608394313.565129,,,,,
671,16002,,16.0,2,10.0,3,608394317.609332,,,,,
672,16002,,9.0,2,10.0,3,608394317.665918,,,,,
673,16002,,16.0,2,10.0,3,608394317.736843,,,,,
674,16002,,16.0,2,10.0,3,608394355.524256,,,,,
675,16002,,16.0,2,10.0,3,608394355.911946,,,,,
676,16002,,16.0,2,10.0,3,608394355.949271,,,,,
677,16002,,1.0,2,15.0,3,608394454.44381,,,,,
678,16002,,16.0,2,19.0,3,608394454.510811,,,,,
679,16002,,1.0,2,15.0,3,608394454.595133,,,,,
680,16002,,16.0,2,19.0,3,608394454.651965,,,,,
681,16002,,16.0,2,10.0,3,608394454.71876,,,,,
682,16002,,9.0,2,10.0,3,608394454.755339,,,,,
683,16002,,16.0,2,10.0,3,608394454.820534,,,,,
684,16002,,16.0,2,10.0,3,608394454.851743,,,,,
685,16002,,9.0,2,10.0,3,608394454.877536,,,,,
686,16002,,16.0,2,10.0,3,608394454.94012,,,,,
687,16002,,16.0,2,10.0,3,608394572.983932,,,,,
688,16002,,16.0,2,10.0,3,608394573.012835,,,,,
689,16002,,16.0,2,10.0,3,608394573.521266,,,,,
690,16002,,16.0,2,10.0,3,608394573.592612,,,,,
691,16002,,28.0,2,29.0,3,608395498.412211,,,,,
692,16002,,28.0,2,29.0,3,608395498.44292,,,,,
693,16002,,28.0,2,29.0,3,608395498.899622,,,,,
694,16002,,28.0,2,29.0,3,608395498.920436,,,,,
695,16002,,28.0,2,15.0,3,608395521.206371,,,,,
696,16002,,1.0,2,15.0,3,608395531.592909,,,,,
697,16002,,16.0,2,19.0,3,608395531.792521,,,,,
698,16002,,28.0,2,15.0,3,608395532.70522,,,,,
699,16002,,28.0,2,29.0,3,608395533.295057,,,,,
700,16002,,28.0,2,29.0,3,608395533.362796,,,,,
701,16002,,9.0,2,10.0,3,608395533.985023,,,,,
702,16002,,28.0,2,15.0,3,608395546.225981,,,,,
703,16002,,28.0,2,15.0,3,608395549.423661,,,,,
704,16002,,28.0,2,15.0,3,608395550.662912,,,,,
705,16002,,28.0,2,15.0,3,608395556.877948,,,,,
706,16002,,28.0,2,15.0,3,608395558.548429,,,,,
707,16002,,1.0,2,15.0,3,608395570.85524,,,,,
708,16002,,16.0,2,19.0,3,608395570.908505,,,,,
709,16002,,28.0,2,29.0,3,608395571.294279,,,,,
710,16002,,9.0,2,10.0,3,608395571.540264,,,,,
711,16002,,28.0,2,15.0,3,608395572.043009,,,,,
712,16002,,28.0,2,15.0,3,608395580.808153,,,,,
713,16002,,28.0,2,15.0,3,608395585.087697,,,,,
714,16002,,28.0,2,15.0,3,608395594.873321,,,,,
715,16002,,28.0,2,15.0,3,608395596.0553,,,,,
716,16002,,28.0,2,15.0,3,608395597.759945,,,,,
717,16002,,28.0,2,15.0,3,608395599.180916,,,,,
718,16002,,28.0,2,15.0,3,608395600.571698,,,,,
719,16002,,28.0,2,15.0,3,608395603.171726,,,,,
720,16002,,28.0,2,15.0,3,608395652.306274,,,,,
721,16002,,1.0,2,15.0,3,608395653.204574,,,,,
722,16002,,16.0,2,19.0,3,608395653.25452,,,,,
723,16002,,28.0,2,29.0,3,608395653.624013,,,,,
724,16002,,9.0,2,10.0,3,608395654.002432,,,,,
725,16002,,28.0,2,15.0,3,608395654.41583,,,,,
726,16002,,28.0,2,15.0,3,608395669.364755,,,,,
727,16002,,1.0,2,29.0,3,608395679.172147,,,,,
728,16002,,16.0,2,19.0,3,608395679.233591,,,,,
729,16002,,16.0,2,10.0,3,608395679.267322,,,,,
730,16002,,9.0,2,10.0,3,608395679.307238,,,,,
731,16002,,16.0,2,10.0,3,608395679.362592,,,,,
732,16002,,28.0,2,29.0,3,608395679.468972,,,,,
733,16002,,28.0,2,29.0,3,608395679.495858,,,,,
734,16002,,28.0,2,29.0,3,608395679.925578,,,,,
735,16002,,16.0,2,10.0,3,608395680.627543,,,,,
736,16002,,16.0,2,10.0,3,608395680.863552,,,,,
737,16002,,16.0,2,10.0,3,608395680.88346,,,,,
738,16002,,28.0,2,15.0,3,608395685.074614,,,,,
739,16002,,1.0,2,29.0,3,608395687.909664,,,,,
740,16002,,16.0,2,19.0,3,608395688.006766,,,,,
741,16002,,16.0,2,10.0,3,608395688.078603,,,,,
742,16002,,9.0,2,10.0,3,608395688.112564,,,,,
743,16002,,16.0,2,10.0,3,608395688.161486,,,,,
744,16002,,28.0,2,29.0,3,608395688.256103,,,,,
745,16002,,28.0,2,29.0,3,608395688.281097,,,,,
746,16002,,28.0,2,29.0,3,608395688.815596,,,,,
747,16002,,16.0,2,10.0,3,608395689.299133,,,,,
748,16002,,16.0,2,10.0,3,608395689.545832,,,,,
749,16002,,16.0,2,10.0,3,608395689.562264,,,,,
750,16002,,28.0,2,15.0,3,608395691.801224,,,,,
751,16002,,1.0,2,15.0,3,608395692.980279,,,,,
752,16002,,16.0,2,19.0,3,608395693.019343,,,,,
753,16002,,9.0,2,10.0,3,608395693.717593,,,,,
754,16002,,28.0,2,15.0,3,608395694.25104,,,,,
755,16002,,28.0,2,15.0,3,608395718.539428,,,,,
756,16002,,28.0,2,15.0,3,608395743.863769,,,,,
757,16002,,1.0,2,15.0,3,608395745.407279,,,,,
758,16002,,16.0,2,19.0,3,608395745.446546,,,,,
759,16002,,9.0,2,10.0,3,608395746.368997,,,,,
760,16002,,28.0,2,15.0,3,608396629.666132,,,,,
761,16002,,1.0,2,15.0,3,608396672.27352,,,,,
762,16002,,16.0,2,10.0,3,608396672.552188,,,,,
763,16002,,16.0,2,10.0,3,608396672.721079,,,,,
764,16002,,28.0,2,29.0,3,608396672.878596,,,,,
765,16002,,28.0,2,29.0,3,608396672.918249,,,,,
766,16002,,28.0,2,29.0,3,608396674.09076,,,,,
767,16002,,16.0,2,10.0,3,608396674.932805,,,,,
768,16002,,9.0,2,10.0,3,608396675.369672,,,,,
769,16002,,16.0,2,10.0,3,608396675.44535,,,,,
770,16002,,28.0,2,29.0,3,608396675.586724,,,,,
771,16002,,1.0,2,29.0,3,608397114.135967,,,,,
772,16002,,16.0,2,19.0,3,608397114.201384,,,,,
773,16002,,16.0,2,10.0,3,608397115.473114,,,,,
774,16002,,28.0,2,29.0,3,608397115.503614,,,,,
775,16002,,28.0,2,29.0,3,608397115.519971,,,,,
776,16002,,9.0,2,10.0,3,608397115.543516,,,,,
777,16002,,28.0,2,15.0,3,608397115.63448,,,,,
778,16002,,28.0,2,29.0,3,608397115.821896,,,,,
779,16002,,16.0,2,10.0,3,608397115.897827,,,,,
780,16002,,28.0,2,29.0,3,608397115.944006,,,,,
781,16002,,16.0,2,10.0,3,608397118.141844,,,,,
782,16002,,16.0,2,10.0,3,608397118.430704,,,,,
783,16002,,16.0,2,10.0,3,608397118.451466,,,,,
784,16002,,28.0,2,15.0,3,608397159.780693,,,,,
785,16002,,28.0,2,15.0,3,608397163.30488,,,,,
786,16002,,28.0,2,15.0,3,608397165.497457,,,,,
787,16002,,28.0,2,15.0,3,608397168.752756,,,,,
788,16002,,28.0,2,15.0,3,608397171.293437,,,,,
789,16002,,28.0,2,15.0,3,608397174.363873,,,,,
790,16002,,28.0,2,15.0,3,608397180.808309,,,,,
791,16002,,28.0,2,15.0,3,608403163.262732,,,,,
792,16002,,28.0,2,15.0,3,608403196.338451,,,,,
793,16002,,28.0,2,15.0,3,608403203.034004,,,,,
794,16002,,28.0,2,15.0,3,608403239.869941,,,,,
795,16002,,28.0,2,29.0,3,608403598.57711,,,,,
796,16002,,28.0,2,29.0,3,608403614.010865,,,,,
797,16002,,28.0,2,29.0,3,608403628.74,,,,,
798,16002,,28.0,2,29.0,3,608403629.1097,,,,,
799,16002,,28.0,2,29.0,3,608403629.402599,,,,,
800,16002,,28.0,2,29.0,3,608403629.619911,,,,,
801,16002,,28.0,2,29.0,3,608403629.859032,,,,,
802,16002,,28.0,2,29.0,3,608403630.071395,,,,,
803,16002,,28.0,2,29.0,3,608403630.308114,,,,,
804,16002,,28.0,2,29.0,3,608403630.56493,,,,,
805,16002,,28.0,2,29.0,3,608403630.825593,,,,,
806,16002,,28.0,2,29.0,3,608403631.126823,,,,,
807,16002,,28.0,2,29.0,3,608403631.399159,,,,,
808,16002,,28.0,2,29.0,3,608403631.679773,,,,,
809,16002,,28.0,2,29.0,3,608403631.943739,,,,,
810,16002,,28.0,2,29.0,3,608403632.378346,,,,,
811,16002,,28.0,2,29.0,3,608403632.789981,,,,,
812,16002,,28.0,2,29.0,3,608403647.236661,,,,,
813,16002,,28.0,2,29.0,3,608403647.281179,,,,,
814,16002,,28.0,2,29.0,3,608403647.659312,,,,,
815,16002,,28.0,2,29.0,3,608403647.884571,,,,,
816,16002,,28.0,2,29.0,3,608403648.016459,,,,,
817,16002,,1.0,2,29.0,3,608403648.14007,,,,,
818,16002,,1.0,2,29.0,3,608403648.36595,,,,,
819,16002,,28.0,2,29.0,3,608403648.767102,,,,,
820,16002,,28.0,2,29.0,3,608403648.919328,,,,,
821,16002,,28.0,2,29.0,3,608403649.061426,,,,,
822,16002,,28.0,2,29.0,3,608403649.230563,,,,,
823,16002,,28.0,2,29.0,3,608403657.214359,,,,,
824,16002,,28.0,2,29.0,3,608403657.815983,,,,,
825,16002,,28.0,2,29.0,3,608403657.962115,,,,,
826,16002,,28.0,2,29.0,3,608403658.098928,,,,,
827,16002,,28.0,2,29.0,3,608403658.4734,,,,,
828,16002,,28.0,2,29.0,3,608403659.229439,,,,,
829,16002,,28.0,2,29.0,3,608403659.384344,,,,,
830,16002,,28.0,2,29.0,3,608403660.366817,,,,,
831,16002,,28.0,2,29.0,3,608403660.550841,,,,,
832,16002,,28.0,2,29.0,3,608403660.684781,,,,,
833,16002,,28.0,2,29.0,3,608403662.663865,,,,,
834,16002,,1.0,2,29.0,3,608403662.85351,,,,,
835,16002,,28.0,2,29.0,3,608403663.000159,,,,,
836,16002,,28.0,2,29.0,3,608403663.04414,,,,,
837,16002,,28.0,2,29.0,3,608403663.077753,,,,,
838,16002,,28.0,2,29.0,3,608403663.1196,,,,,
839,16002,,16.0,2,19.0,3,608409578.600428,,,,,
840,16002,,1.0,2,29.0,3,608410272.619035,,,,,
841,16002,,1.0,2,29.0,3,608410272.678635,,,,,
842,16002,,1.0,2,29.0,3,608410272.736836,,,,,
843,16002,,1.0,2,29.0,3,608410272.781239,,,,,
844,16002,,1.0,2,29.0,3,608410272.831505,,,,,
845,16002,,1.0,2,29.0,3,608410272.875158,,,,,
846,16002,,1.0,2,29.0,3,608410272.936757,,,,,
847,16002,,1.0,2,29.0,3,608410272.974277,,,,,
848,16002,,1.0,2,29.0,3,608410273.018644,,,,,
849,16002,,1.0,2,29.0,3,608410273.072044,,,,,
850,16002,,1.0,2,29.0,3,608410273.125628,,,,,
851,16002,,1.0,2,29.0,3,608410273.176646,,,,,
852,16002,,1.0,2,29.0,3,608410273.229413,,,,,
853,16002,,1.0,2,29.0,3,608410273.276021,,,,,
854,16002,,1.0,2,29.0,3,608410273.320221,,,,,
855,16002,,1.0,2,29.0,3,608410273.375112,,,,,
856,16002,,1.0,2,29.0,3,608410273.419173,,,,,
857,16002,,1.0,2,29.0,3,608410273.480798,,,,,
858,16002,,1.0,2,29.0,3,608410273.554107,,,,,
859,16002,,1.0,2,29.0,3,608410273.601093,,,,,
860,16002,,1.0,2,29.0,3,608410273.634272,,,,,
861,16002,,1.0,2,29.0,3,608410273.664645,,,,,
862,16002,,1.0,2,29.0,3,608410273.691673,,,,,
863,16002,,1.0,2,29.0,3,608412077.900742,,,,,
864,16002,,1.0,2,29.0,3,608412078.341141,,,,,
865,16002,,1.0,2,29.0,3,608412078.826878,,,,,
866,16002,,28.0,2,29.0,3,608412078.922674,,,,,
867,16002,,28.0,2,29.0,3,608412078.988373,,,,,
868,16002,,28.0,2,29.0,3,608412079.035339,,,,,
869,16002,,28.0,2,29.0,3,608412079.072813,,,,,
870,16002,,28.0,2,29.0,3,608412079.098229,,,,,
871,16002,,28.0,2,29.0,3,608412079.122946,,,,,
872,16002,,28.0,2,29.0,3,608412079.152232,,,,,
873,16002,,28.0,2,29.0,3,608412079.17494,,,,,
874,16002,,28.0,2,29.0,3,608412079.200296,,,,,
875,16002,,28.0,2,29.0,3,608412079.225581,,,,,
876,16002,,28.0,2,29.0,3,608412079.249601,,,,,
877,16002,,28.0,2,29.0,3,608412079.275416,,,,,
878,16002,,28.0,2,29.0,3,608412079.300183,,,,,
879,16002,,28.0,2,29.0,3,608412079.326341,,,,,
880,16002,,28.0,2,29.0,3,608412079.350966,,,,,
881,16002,,28.0,2,29.0,3,608412079.38375,,,,,
882,16002,,28.0,2,29.0,3,608412079.409065,,,,,
883,16002,,28.0,2,29.0,3,608412079.437129,,,,,
884,16002,,28.0,2,29.0,3,608412079.461677,,,,,
885,16002,,28.0,2,29.0,3,608412079.488907,,,,,
886,16002,,28.0,2,29.0,3,608412079.512582,,,,,
887,16002,,28.0,2,29.0,3,608412079.536586,,,,,
888,16002,,28.0,2,29.0,3,608412079.563494,,,,,
889,16002,,28.0,2,29.0,3,608412079.592018,,,,,
890,16002,,28.0,2,29.0,3,608418433.54132,,,,,
891,16002,,28.0,2,29.0,3,608418433.746922,,,,,
892,16002,,16.0,2,19.0,3,608423905.589721,,,,,
893,16002,,28.0,2,29.0,3,608425651.203445,,,,,
894,16002,,28.0,2,29.0,3,608425652.089204,,,,,
895,16002,,1.0,2,29.0,3,608425652.326058,,,,,
896,16002,,1.0,2,29.0,3,608425652.555201,,,,,
897,16002,,1.0,2,15.0,3,608479437.085393,,,,,
898,16002,,44.0,2,,3,608498308.417481,,,,,
899,16002,,,2,48.0,3,608498308.606332,,,,,
900,16002,,1.0,2,50.0,3,608498338.207934,,,,,
901,16002,,1.0,2,50.0,3,608498338.359619,,,,,
902,16002,,1.0,2,50.0,3,608498338.382607,,,,,
903,16002,,28.0,2,54.0,3,608498633.928124,,,,,
904,16002,,1.0,2,54.0,3,608498634.237634,,,,,
905,16002,,1.0,2,54.0,3,608498634.768446,,,,,
906,16002,,16.0,2,57.0,3,608498684.335608,,,,,
907,16002,,16.0,2,57.0,3,608498684.363767,,,,,
908,16002,,28.0,2,54.0,3,608499129.363029,,,,,
909,16002,,1.0,2,54.0,3,608499172.082794,,,,,
910,16002,,1.0,2,54.0,3,608499172.189136,,,,,
911,16002,,1.0,2,54.0,3,608509033.304209,,,,,
912,16002,,1.0,2,54.0,3,608509033.934103,,,,,
913,16002,,16.0,2,57.0,3,608599119.593252,,,,,
914,16002,,28.0,2,54.0,3,608599251.590975,,,,,
915,16002,,28.0,2,54.0,3,608599251.663349,,,,,
916,16002,,1.0,2,54.0,3,608599251.752647,,,,,
917,16002,,1.0,2,54.0,3,608599251.960258,,,,,
918,16002,,1.0,2,54.0,3,608606591.633229,,,,,
919,16002,,1.0,2,54.0,3,608606592.08016,,,,,
920,16002,,1.0,2,54.0,3,608614041.992798,,,,,
921,16002,,1.0,2,54.0,3,608614042.496624,,,,,
922,16002,,1.0,2,54.0,3,608632058.280376,,,,,
923,16002,,1.0,2,54.0,3,608632058.673369,,,,,
924,16002,,1.0,2,54.0,3,608691706.9248,,,,,
925,16002,,1.0,2,54.0,3,608691707.309392,,,,,
926,16002,,1.0,2,54.0,3,608698998.481595,,,,,
927,16002,,1.0,2,54.0,3,608698999.10028,,,,,
928,16002,,1.0,2,54.0,3,608706361.966411,,,,,
929,16002,,1.0,2,54.0,3,608706362.391546,,,,,
930,16002,,1.0,2,54.0,3,608716359.924875,,,,,
931,16002,,1.0,2,54.0,3,608716360.568584,,,,,
932,16002,,1.0,2,54.0,3,608738309.595113,,,,,
933,16002,,1.0,2,54.0,3,608738310.103615,,,,,
934,16002,,1.0,2,75.0,3,608744441.370209,,,,,
935,16002,,16.0,2,57.0,3,608744441.433813,,,,,
936,16002,,16.0,2,78.0,3,608744441.512223,,,,,
937,16002,,9.0,2,78.0,3,608744441.564734,,,,,
938,16002,,16.0,2,78.0,3,608744441.707278,,,,,
939,16002,,16.0,2,78.0,3,608744447.862143,,,,,
940,16002,,16.0,2,78.0,3,608744448.207899,,,,,
941,16002,,16.0,2,78.0,3,608744448.229211,,,,,
942,16002,,28.0,2,54.0,3,608744494.03471,,,,,
943,16002,,28.0,2,54.0,3,608744494.062729,,,,,
944,16002,,28.0,2,54.0,3,608744494.362112,,,,,
945,16002,,28.0,2,75.0,3,608744497.176656,,,,,
946,16002,,1.0,2,75.0,3,608744514.730858,,,,,
947,16002,,1.0,2,87.0,3,608745299.205635,,,,,
948,16002,,16.0,2,91.0,3,608745299.288266,,,,,
949,16002,,16.0,2,93.0,3,608745299.335412,,,,,
950,16002,,9.0,2,93.0,3,608745299.375303,,,,,
951,16002,,16.0,2,93.0,3,608745299.451696,,,,,
952,16002,,28.0,2,96.0,3,608745323.963237,,,,,
953,16002,,28.0,2,96.0,3,608745323.987313,,,,,
954,16002,,28.0,2,96.0,3,608745324.232029,,,,,
955,16002,,16.0,2,93.0,3,608745327.8015,,,,,
956,16002,,16.0,2,93.0,3,608745328.105649,,,,,
957,16002,,16.0,2,93.0,3,608745328.126143,,,,,
958,16002,,28.0,2,87.0,3,608745334.837027,,,,,
959,16002,,1.0,2,87.0,3,608745343.521586,,,,,
960,16002,,28.0,2,96.0,3,608748935.706247,,,,,
961,16002,,28.0,2,96.0,3,608748952.910587,,,,,
962,16002,,28.0,2,96.0,3,608748953.329649,,,,,
963,16002,,1.0,2,96.0,3,608748961.002496,,,,,
964,16002,,1.0,2,96.0,3,608748961.39833,,,,,
965,16002,,28.0,2,96.0,3,608748967.15673,,,,,
966,16002,,28.0,2,96.0,3,608748967.302669,,,,,
