Z_PK,Z_ENT,Z_OPT,ZAUDIOCLASSIFICATION,ZBESTKEYFRAMETIMESCALE,ZBESTKEYFRAMEVALUE,ZBESTVIDEORANGEDURATIONTIMESCALE,ZBESTVIDEORANGEDURATIONVALUE,ZBESTVIDEORANGESTARTTIMESCALE,ZBESTVIDEORANGESTARTVALUE,ZFACECOUNT,ZMEDIAANALYSISVERSION,ZPACKEDBESTPLAYBACKRECT,ZASSET,Z34_ASSET,ZACTIVITYSCORE,ZAUTOPLAYSUGGESTIONSCORE,ZBLURRINESSSCORE,ZEXPOSURESCORE,ZMEDIAANALYSISTIMESTAMP,ZVIDEOSCORE
1,39,2,0,0,0,0,0,0,0,4,33,0,10,35,0.5,0.5,0.8973463177680969,0.7118860483169556,606577214.935,0.5
2,39,2,0,0,0,0,0,0,0,4,33,0,14,35,0.5,0.5,0.7282493114471436,0.6392096281051636,606582556.2506679,0.5
3,39,2,0,0,0,0,0,0,0,0,33,0,13,35,0.5,0.5,0.8489494919776917,0.877164363861084,606582494.1594263,0.5
4,39,2,0,0,0,0,0,0,0,0,33,0,8,35,0.5,0.5,0.7636362910270691,0.9999746680259705,606576302.8158295,0.5
5,39,2,0,0,0,0,0,0,0,0,33,0,4,35,0.5,0.5,0.8780561685562134,0.6977356672286987,606576302.9694172,0.5
6,39,2,0,0,0,0,0,0,0,0,33,0,9,35,0.5,0.5,0.7412018179893494,0.9936361908912659,606576663.109,0.5
7,39,2,0,0,0,0,0,0,0,0,33,0,6,35,0.5,0.5,0.8049324154853821,0.9214727282524109,606576302.7342823,0.5
8,39,2,0,0,0,0,0,0,0,0,33,0,17,35,0.5,0.5,0.27462124824523926,0.5424713492393494,606595760.3305112,0.5
9,39,2,0,0,0,0,0,0,0,0,33,0,5,35,0.5,0.5,0.90450519323349,0.5326667428016663,606576302.6783559,0.5
10,39,2,0,0,0,0,0,0,0,2,33,0,12,35,0.5,0.5,0.9473920464515686,0.8839000463485718,606582401.1259888,0.5
11,39,2,0,0,0,0,0,0,0,0,33,0,11,35,0.5,0.5,0.896150529384613,0.9526225328445435,606578589.2570082,0.5
12,39,2,0,0,0,0,0,0,0,0,33,0,16,35,0.5,0.5,0.9283249974250793,0.6055852770805359,606595431.104936,0.5
13,39,2,0,0,0,0,0,0,0,2,33,0,7,35,0.5,0.5,0.2451370507478714,0.9781750440597534,606576302.7833607,0.5
14,39,2,0,0,0,0,0,0,0,0,33,0,2,35,0.5,0.5,0.810520350933075,0.8170833587646484,606575139.7621118,0.5
15,39,2,0,0,0,0,0,0,0,0,33,0,3,35,0.5,0.5,0.8169457912445068,0.18658357858657837,606575450.3272835,0.5
16,39,2,0,0,0,0,0,0,0,1,33,0,15,35,0.5,0.5,0.9799364805221558,0.27733314037323,606597676.665731,0.5
17,39,2,0,0,0,0,0,0,0,0,33,0,1,35,0.5,0.5,0.6256840229034424,0.9548113346099854,606575124.5410407,0.5
18,39,2,0,0,0,0,0,0,0,0,33,0,18,35,0.5,0.5,0.8390287160873413,0.9779908061027527,606619018.1520835,0.5
19,39,2,0,0,0,0,0,0,0,0,33,0,20,35,0.5,0.5,0.9081176519393921,0.9394091963768005,606621142.3057288,0.5
20,39,2,0,0,0,0,0,0,0,1,33,0,19,35,0.5,0.5,0.8548007011413574,0.7310020923614502,606619955.4960778,0.5
21,39,2,0,0,0,0,0,0,0,0,33,0,21,35,0.5,0.5,0.5101837515830994,0.9902870059013367,606749276.3898158,0.5
22,39,2,0,0,0,0,0,0,0,0,33,0,22,35,0.5,0.5,0.7645353078842163,0.7581223845481873,606794027.473711,0.5
23,39,2,0,0,0,0,0,0,0,0,33,0,30,35,0.5,0.5,0.9888778924942017,0.5155155062675476,606964802.4356472,0.5
24,39,2,0,0,0,0,0,0,0,3,33,0,27,35,0.5,0.5,0.8605832457542419,0.8250077366828918,606942615.1636992,0.5
25,39,2,0,0,0,0,0,0,0,0,33,0,28,35,0.5,0.5,0.5755987763404846,0.35381436347961426,606962280.0,0.5
26,39,2,0,0,0,0,0,0,0,0,33,0,23,35,0.5,0.5,0.2529270350933075,0.9402310252189636,606941715.1401957,0.5
27,39,2,0,0,0,0,0,0,0,1,33,0,24,35,0.5,0.5,0.9045361280441284,0.393190860748291,606941884.1665974,0.5
28,39,2,0,0,0,0,0,0,0,0,33,0,25,35,0.5,0.5,0.6851880550384521,0.8897465467453003,606942179.7701001,0.5
29,39,2,0,0,0,0,0,0,0,0,33,0,29,35,0.5,0.5,0.5755987763404846,0.35381436347961426,606962280.0,0.5
30,39,2,0,0,0,0,0,0,0,2,33,0,26,35,0.5,0.5,0.5812501311302185,0.7938328981399536,606942246.1690487,0.5
31,39,2,0,0,0,0,0,0,0,1,33,0,32,35,0.5,0.5,0.7011885046958923,0.9987636208534241,607807637.8156989,0.5
32,39,2,0,0,0,0,0,0,0,0,33,0,31,35,0.5,0.5,0.5890313982963562,0.9887678027153015,607806800.6530997,0.5
33,39,2,0,0,0,600,1321,600,300,0,33,6553674,33,35,0.5,0.6220295429229736,0.9645372033119202,0.9999514222145081,608320569.2816672,0.5
34,39,2,0,0,0,0,0,0,0,0,33,0,34,35,0.5,0.5,0.9087099432945251,0.9988717436790466,608320615.8685725,0.5
35,39,2,0,0,0,1,0,1,0,0,33,0,37,35,0.9353935122489929,0.0,0.5201709866523743,0.4635644555091858,608349429.0,0.7455949783325195
36,39,2,0,0,0,0,0,0,0,0,33,0,36,35,0.5,0.5,0.9731439352035522,0.9997310042381287,608347752.2444658,0.5
37,39,2,0,0,0,0,0,0,0,0,33,0,35,35,0.5,0.5,0.6774755120277405,0.8618030548095703,608345100.1966687,0.5
38,39,2,0,0,0,0,0,0,0,2,33,0,57,35,0.5,0.5,0.44612157344818115,0.7646652460098267,606865728.105,0.5
39,39,2,0,0,0,0,0,0,0,0,33,0,52,35,0.5,0.5,0.9648447036743164,0.9976330995559692,608396675.174241,0.5
40,39,2,0,0,0,0,0,0,0,1,33,0,38,35,0.5,0.5,0.2770385444164276,0.995488703250885,608389105.1502706,0.5
41,39,2,0,0,0,0,0,0,0,0,33,0,44,35,0.5,0.5,0.9482713937759399,0.8630728721618652,608390849.0,0.5
42,39,2,0,0,0,0,0,0,0,0,33,0,40,35,0.5,0.5,0.8342809081077576,0.8439912796020508,608390726.0,0.5
43,39,2,0,0,0,0,0,0,0,0,33,0,45,35,0.5,0.5,0.9283487796783447,0.9756554365158081,608390934.0,0.5
44,39,2,0,0,0,0,0,0,0,1,33,0,54,35,0.5,0.5,0.8379069566726685,0.7637064456939697,608394454.0,0.5
45,39,2,0,0,0,0,0,0,0,0,33,0,42,35,0.5,0.5,0.9054603576660156,0.8180854916572571,608390790.0,0.5
46,39,2,0,0,0,0,0,0,0,0,33,0,51,35,0.5,0.5,0.892629086971283,0.7336987257003784,608394264.0,0.5
47,39,2,0,0,0,0,0,0,0,0,33,0,43,35,0.5,0.5,0.8298817276954651,0.828080415725708,608390827.0,0.5
48,39,2,0,0,0,0,0,0,0,0,33,0,41,35,0.5,0.5,0.8304246068000793,0.8639258146286011,608390773.0,0.5
49,39,2,0,0,0,0,0,0,0,0,33,0,46,35,0.5,0.5,0.9337795376777649,0.9183828830718994,608390961.0,0.5
50,39,2,0,0,0,0,0,0,0,0,33,0,56,35,0.5,0.5,0.46388688683509827,0.534930944442749,608395677.724489,0.5
51,39,2,0,0,0,0,0,0,0,0,33,0,39,35,0.5,0.5,0.9389559030532837,0.9171128273010254,608390700.0,0.5
52,39,2,0,0,0,0,0,0,0,0,33,0,49,35,0.5,0.5,0.8493732213973999,0.8809173107147217,608394244.0,0.5
53,39,2,0,0,0,0,0,0,0,0,33,0,58,35,0.5,0.5,0.9396188855171204,0.9328911900520325,608744440.0,0.5
54,39,2,0,0,0,0,0,0,0,0,33,0,59,35,0.5,0.5,0.9433474540710449,0.9389919638633728,608745298.0,0.5
