Z_PK,Z_ENT,Z_OPT,ZAGETYPE,ZCLOUDDELETESTATE,ZCLOUDLOCALSTATE,ZCLOUDVERIFIEDTYPE,ZFACECOUNT,ZGENDERTYPE,ZINPERSONNAMINGMODEL,ZKEYFACEPICKSOURCE,ZMANUALORDER,ZQUESTIONTYPE,ZTYPE,ZVERIFIEDTYPE,ZASSOCIATEDFACEGROUP,ZKEYFACE,ZMERGETARGETPERSON,ZDISPLAYNAME,ZFULLNAME,ZPERSONUUID,ZPERSONURI,ZCONTACTMATCHINGDICTIONARY
24,45,1,0,0,0,0,1,0,0,0,-1,0,0,0,30,3,,,,D35CDC89-129A-4CBC-9B9C-228BA83C9026,,
25,45,1,0,0,0,0,1,0,0,0,-1,0,0,0,26,6,,,,D8F7B134-8D97-4A61-979D-DD512627B3EC,,
26,45,1,0,0,0,0,1,0,0,0,-1,0,0,0,38,10,,,,E54DE088-42CE-436F-AD91-B8DB674F4932,,
27,45,1,0,0,0,0,1,0,0,0,-1,0,0,0,34,18,,,,B40FF631-1428-479F-948B-73943E44B5D3,,
28,45,2,0,0,0,0,2,0,0,0,-1,0,0,0,25,8,,,,7390AAD6-6FA5-43CC-A42C-AE900D4A7AC0,,
29,45,1,0,0,0,0,1,0,0,0,-1,0,0,0,33,2,,,,08068B56-2A19-4261-8652-FEE013228A51,,
30,45,1,0,0,0,0,1,0,0,0,-1,0,0,0,46,27,,,,859258F8-6ADB-4419-9957-2C67C7849287,,
31,45,1,0,0,0,0,1,0,0,0,-1,0,0,0,27,22,,,,A4D6E91C-126B-4ACA-9007-5E4F61A6A562,,
32,45,1,0,0,0,0,1,0,0,0,-1,0,0,0,29,25,,,,D5BB5D00-C922-4B72-80D2-D4999CB216A2,,
33,45,1,0,0,0,0,1,0,0,0,-1,0,0,0,28,23,,,,15B3CBC9-07D0-4BDB-95D6-03511B62C063,,
34,45,1,0,0,0,0,1,0,0,0,-1,0,0,0,44,13,,,,A3F17C02-43D6-403A-AF80-006819D38BC5,,
35,45,1,0,0,0,0,1,0,0,0,-1,0,0,0,39,24,,,,27E17815-5E9B-47A6-8E7A-C1A60CB77630,,
36,45,1,0,0,0,0,1,0,0,0,-1,0,0,0,43,7,,,,30BB329B-642B-410D-AC27-9891E694534E,,
37,45,1,0,0,0,0,1,0,0,0,-1,0,0,0,42,20,,,,C0B90C7B-1DED-42C7-BA9A-26CBCEB7BCD8,,
38,45,2,0,0,0,0,2,0,0,0,-1,0,0,0,40,5,,,,5EAED6DE-F566-49A0-9FE9-92DD48DE1A34,,
39,45,1,0,0,0,0,1,0,0,0,-1,0,0,0,36,17,,,,03EFE371-F428-4F04-8DB9-D41150A208F7,,
40,45,1,0,0,0,0,1,0,0,0,-1,0,0,0,32,15,,,,1096377B-B111-4DE5-AA33-21F67D890D39,,
41,45,1,0,0,0,0,1,0,0,0,-1,0,0,0,35,14,,,,C3B43FFF-F8B1-4369-8A7A-959D1C48155B,,
42,45,1,0,0,0,0,1,0,0,0,-1,0,0,0,45,11,,,,5CBCDB92-33C2-465C-A1A8-2554527BB25E,,
43,45,2,0,0,0,0,2,0,0,0,-1,0,0,0,24,19,,,,28936681-734E-4D7C-9453-1E130069CBD4,,
44,45,1,0,0,0,0,1,0,0,0,-1,0,0,0,41,12,,,,C1F10F1B-3C13-4983-A35B-DC2809DB1D10,,
45,45,1,0,0,0,0,1,0,0,0,-1,0,0,0,37,1,,,,6806CA8C-3CF0-4AA9-8856-DD8379072781,,
46,45,1,0,0,0,0,1,0,0,0,-1,0,0,0,31,26,,,,D895D170-EBF5-4EE3-B3C4-11D17D34A6BD,,
