Z_PK,Z_ENT,Z_OPT,ZCLOUDDELETESTATE,ZCLOUDLOCALSTATE,ZCLOUDPREFETCHCOUNT,ZCLOUDSOURCETYPE,ZDATALENGTH,ZDATASTORECLASSID,ZDATASTORESUBTYPE,ZFILEID,ZLOCALAVAILABILITY,ZLOCALAVAILABILITYTARGET,ZORIENTATION,ZPTPTRASHEDSTATE,ZQUALITYSORTVALUE,ZRECIPEID,ZREMOTEAVAILABILITY,ZREMOTEAVAILABILITYTARGET,ZRESOURCETYPE,ZSIDECARINDEX,ZTRASHEDSTATE,ZUNORIENTEDHEIGHT,ZUNORIENTEDWIDTH,ZVERSION,ZASSET,Z34_ASSET,ZCODEC,ZFILESYSTEMBOOKMARK,ZFILESYSTEMVOLUME,ZTRANSIENTCLOUDMASTER,ZUNIFORMTYPEIDENTIFIER,ZCLOUDLASTONDEMANDDOWNLOADDATE,ZCLOUDLASTPREFETCHDATE,ZCLOUDMASTERDATECREATED,ZCLOUDPRUNEDAT,ZTRASHEDDATE,ZCLOUDDELETEASSETUUIDWITHRESOURCETYPE,ZFINGERPRINT,ZDATASTOREKEYDATA
1,36,4,0,3,0,0,241802,0,1,137077,1,0,1,0,2147418120,0,1,0,0,,0,1137,1125,0,1,35,,,,,1,,0,606575124.5410407,,,,AdluKXTqdT5hYAht7oYJ6ZHGL5nR,b'\x03\x00\x00\x00@\x01'
2,36,4,0,3,0,0,1187913,0,1,137136,1,0,1,0,2147418120,0,1,0,0,,0,3150,3550,0,2,35,,,,,1,,0,606575139.7621118,,,,AaAEbw54H+jkCohzjSK5nD+X2oUu,b'\x03\x00\x00\x00@\x01'
3,36,4,0,3,0,0,161764,0,1,137225,1,0,1,0,2147418120,0,1,0,0,,0,860,1668,0,3,35,,,,,1,,0,606575450.3272835,,,,AdUVd0jLsm4lW06dzbdhEwRq6/sf,b'\x03\x00\x00\x00@\x01'
4,36,4,0,3,0,0,366221,0,1,138079,1,0,1,0,2147418120,0,1,0,0,,0,886,1117,0,4,35,,,,,1,,0,606576302.9694172,,,,AbzTuP5zd7v9nhtYzwoDtJNZB+Sv,b'\x03\x00\x00\x00@\x01'
5,36,4,0,3,0,0,1762050,0,1,138089,1,0,1,0,2147418120,0,1,0,0,,0,1775,1522,0,5,35,,,,,1,,0,606576302.6783559,,,,AUceBfHsC3bqST27CXYcTdCn7Uan,b'\x03\x00\x00\x00@\x01'
6,36,4,0,3,0,0,994503,0,1,138097,1,0,1,0,2147418120,0,1,0,0,,0,1175,1170,0,6,35,,,,,1,,0,606576302.7342823,,,,AYXN/chzmCryvkLBw2g12oYKp5A4,b'\x03\x00\x00\x00@\x01'
7,36,4,0,3,0,0,563391,0,1,138107,1,0,1,0,2147418120,0,1,0,0,,0,781,1178,0,7,35,,,,,1,,0,606576302.7833607,,,,ARQSLkubpYCDgjFRnXaYB44rpLSm,b'\x03\x00\x00\x00@\x01'
8,36,4,0,3,0,0,676542,0,1,138115,1,0,1,0,2147418120,0,1,0,0,,0,1156,1125,0,8,35,,,,,1,,0,606576302.8158295,,,,AfzpG8ZJJ3RW5tzHOvk0Z5l7h/Rm,b'\x03\x00\x00\x00@\x01'
9,36,4,0,3,0,0,135392,0,1,138874,1,0,1,0,2147418120,0,1,0,0,,0,637,828,0,9,35,,,,,1,,0,606576663.109,,,,AYH38TRIRXvxHhCHmlLoXSfV0ZUL,b'\x03\x00\x00\x00@\x01'
10,36,4,0,3,0,0,100567,0,1,138881,1,0,1,0,2147418120,0,1,0,0,,0,553,620,0,10,35,,,,,1,,0,606577214.935,,,,AZAw72WQ316oiH6i4OOFj7Va7OEI,b'\x03\x00\x00\x00@\x01'
11,36,4,0,3,0,0,66809,0,1,139853,1,0,1,0,2147418120,0,1,0,0,,0,465,450,0,11,35,,,,,1,,0,606578589.2570082,,,,AYn+f4B32ZKWo4nBvtNX+ObLJAtN,b'\x03\x00\x00\x00@\x01'
12,36,4,0,3,0,0,163268,0,1,142503,1,0,1,0,2147418120,0,1,0,0,,0,763,828,0,12,35,,,,,1,,0,606582401.1259888,,,,ARR83MU8kpQs8J829zKt25i9Nhn7,b'\x03\x00\x00\x00@\x01'
13,36,4,0,3,0,0,118506,0,1,142830,1,0,1,0,2147418120,0,1,0,0,,0,884,638,0,13,35,,,,,1,,0,606582494.1594263,,,,AWmcc0cLKZ+rfjMJZuLgqrAVUB4F,b'\x03\x00\x00\x00@\x01'
14,36,4,0,3,0,0,572809,0,1,143163,1,0,1,0,2147418120,0,1,0,0,,0,1121,1079,0,14,35,,,,,1,,0,606582556.2506679,,,,ATJiyq1gcjGl+YuXcq/qvLfE5Qx3,b'\x03\x00\x00\x00@\x01'
15,36,5,0,3,0,0,240898,0,1,147809,1,0,1,0,2147418122,0,1,0,0,,0,1136,640,0,15,35,,,,,4,,0,606595331.0,,,,AZVLjwmI2NUngsOAT25CTj2QlJJq,b'\x03\x00\x00\x00@\x03'
16,36,6,0,3,0,0,189981,0,2,147875,1,0,1,0,2147418120,65938,1,0,0,,0,611,640,2,15,35,,,,,1,,0,606595331.0,,,,ATF0dWNKQ1P4SZphlyJhtPs39LbO,"b'\x03\x08""\x19 \x01'"
17,36,4,0,3,0,0,83604,0,1,148369,1,0,1,0,2147418120,0,1,0,0,,0,640,640,0,16,35,,,,,1,,0,606595431.104936,,,,AUsNhG5JvENTyxve+mBbBGDyFzoo,b'\x03\x00\x00\x00@\x01'
18,36,4,0,3,0,0,34541,0,1,148664,1,0,1,0,2147418120,0,1,0,0,,0,285,640,0,17,35,,,,,1,,0,606595760.3305112,,,,ASr5ISDuhpmQ0NgqQAeVD/z9FJ1o,b'\x03\x00\x00\x00@\x01'
19,36,1,0,3,0,0,40807,0,5,-1,-1,0,1,0,810156032,65743,1,0,0,,0,423,407,0,14,35,,,,,1,,0,606582556.2506679,,,,AQyE1XLWQh8Aty097uR8J2bSoWM8,
20,36,1,0,3,0,0,42331,0,5,-1,-1,0,1,0,745996288,65743,1,0,0,,0,299,579,0,3,35,,,,,1,,0,606575450.3272835,,,,AUFgxZFlqgyYPoyoski9JRJmhfmn,
21,36,1,0,3,0,0,56697,0,5,-1,-1,0,1,0,1187971072,65743,1,0,0,,0,489,353,0,13,35,,,,,1,,0,606582494.1594263,,,,AUSaERhB7RWntyJKBRkyJVjO29jh,
22,36,1,0,3,0,0,52881,0,5,-1,-1,0,1,0,1046085632,65743,1,0,0,,0,553,312,0,15,35,,,,,1,,0,606595331.0,,,,AQ9H3XyorFaivzMyxp/NUN0htsXv,
23,36,1,0,3,0,0,48665,0,5,-1,-1,0,1,0,931790848,65743,1,0,0,,0,339,511,0,7,35,,,,,1,,0,606576302.7833607,,,,AS0V7+YP4GFNxgtN742letIR+uA+,
24,36,1,0,3,0,0,34981,0,5,-1,-1,0,1,0,2088697856,65743,1,0,0,,0,277,623,0,17,35,,,,,1,,0,606595760.3305112,,,,AdLVMd0s7h0EJhAhKNae45tZicWH,
25,36,1,0,3,0,0,76054,0,5,-1,-1,0,1,0,1226899456,65743,1,0,0,,0,364,473,0,9,35,,,,,1,,0,606576663.109,,,,AcnPrR1dhHQJaQRw3KFIh7iPNoS+,
26,36,1,0,3,0,0,71266,0,5,-1,-1,0,1,0,760020992,65743,1,0,0,,0,416,414,0,6,35,,,,,1,,0,606576302.7342823,,,,AXcyLdAqxFx8lSVodv7lJAjFuLRp,
27,36,1,0,3,0,0,143817,0,4,-1,-1,0,1,0,2147418112,65741,1,0,0,,0,1136,640,0,15,35,,,,,1,,0,606595331.0,,,,AUAw8KhmYfGjK+i99onD3MaahGwa,
28,36,1,0,3,0,0,37845,0,5,-1,-1,0,1,0,266010624,65743,1,0,0,,0,390,440,0,2,35,,,,,1,,0,606575139.7621118,,,,ASAo4b687ivXYgHOEvSZ2qzEEM0C,
29,36,1,0,3,0,0,33880,0,5,-1,-1,0,1,0,897253376,65743,1,0,0,,0,370,467,0,4,35,,,,,1,,0,606576302.9694172,,,,AScGrRwnmzx8y+pdhVDSskdjotf8,
30,36,1,0,3,0,0,68805,0,5,-1,-1,0,1,0,1521352704,65743,1,0,0,,0,392,439,0,10,35,,,,,1,,0,606577214.935,,,,AdsYTW2fudXycHUp6Xq9fyCNnyRu,
31,36,1,0,3,0,0,365929,0,4,-1,-1,0,1,0,1138425856,65741,1,0,0,,0,1670,1882,0,2,35,,,,,1,,0,606575139.7621118,,,,AUjG8JlmQ+NLqVapE/EPtDXFce9F,
32,36,1,0,3,0,0,32584,0,5,-1,-1,0,1,0,782303232,65743,1,0,0,,0,421,410,0,8,35,,,,,1,,0,606576302.8158295,,,,AfhRvTKk3GNZBMjG2n22pJ9Ag20G,
33,36,1,0,3,0,0,52827,0,5,-1,-1,0,1,0,1947860992,65743,1,0,0,,0,422,408,0,11,35,,,,,1,,0,606578589.2570082,,,,AQTuGq49yGYLwzN6GrIpHdaO/qMf,
34,36,1,0,3,0,0,48745,0,5,-1,-1,0,1,0,1392443392,65743,1,0,0,,0,415,415,0,16,35,,,,,1,,0,606595431.104936,,,,AauV4j6b96CiRVk49VjT+e58ORkq,
35,36,1,0,3,0,0,47772,0,5,-1,-1,0,1,0,541851648,65743,1,0,0,,0,448,384,0,5,35,,,,,1,,0,606576302.6783559,,,,Af6doWh3am73SniVpS3FdBHP93gq,
36,36,1,0,3,0,0,55938,0,5,-1,-1,0,1,0,789839872,65743,1,0,0,,0,418,414,0,1,35,,,,,1,,0,606575124.5410407,,,,ATlSGgBs0jFfMEBozTPZAJci16iU,
37,36,1,0,3,0,0,50019,0,5,-1,-1,0,1,0,1426456577,65743,1,0,0,,0,406,425,2,15,35,,,,,1,,0,606595331.0,,,,AeaZxQn7i+Co7kgY502Jc9F5X2wi,
38,36,1,0,3,0,0,57069,0,5,-1,-1,0,1,0,1122959360,65743,1,0,0,,0,399,433,0,12,35,,,,,1,,0,606582401.1259888,,,,AVAxVVB4FKeMlCt7bNAJatOz0434,
39,36,4,0,3,0,0,77948,0,1,181022,1,0,1,0,2147418120,0,1,0,0,,0,1024,993,0,18,35,,,,,1,,0,606619018.1520835,,,,AaQ+YsjgkZtcdhdkmkri45ZOG7Iq,b'\x03\x00\x00\x00@\x01'
40,36,1,0,3,0,0,44702,0,5,-1,-1,0,1,0,884670464,65743,1,0,0,,0,422,409,0,18,35,,,,,1,,0,606619018.1520835,,,,Adbv19VS5EoiUy3GHFOBbc4fskMM,
41,36,4,0,3,0,0,160575,0,1,183249,1,0,1,0,2147418120,0,1,0,0,,0,1257,1000,0,19,35,,,,,1,,0,606619955.4960778,,,,ASvKZRAjM5gQ3PwmB0vlX6HsJZDd,b'\x03\x00\x00\x00@\x01'
42,36,1,0,3,0,0,46601,0,5,-1,-1,0,1,0,794427392,65743,1,0,0,,0,465,370,0,19,35,,,,,1,,0,606619955.4960778,,,,AaEfDhde5+lk1jBqyBBvXZrbZYV+,
43,36,4,0,3,0,0,7551505,0,1,184413,1,0,1,0,2147418122,0,1,0,0,,0,2038,2048,0,20,35,,,,,4,,0,606621142.3057288,,,,AWAQk/zCf8KuCXeqmCJEHyhHDS+7,b'\x03\x00\x00\x00@\x03'
44,36,1,0,3,0,0,59316,0,5,-1,-1,0,1,0,436207616,65743,1,0,0,,0,414,416,0,20,35,,,,,1,,0,606621142.3057288,,,,AcZKmNjO3GxE5LJo7yYuGVIC6eef,
45,36,1,0,3,0,0,511461,0,3,-1,-1,0,1,0,2147418112,65739,1,0,0,,0,2038,2048,0,20,35,,,,,1,,0,606621142.3057288,,,,AcQCMgBzEpK9M2LjDV8Eh6INg/IK,
46,36,1,0,3,0,0,420839,0,4,-1,-1,0,1,0,1864105984,65741,1,0,0,,0,1769,1778,0,20,35,,,,,1,,0,606621142.3057288,,,,AcT45oGEuKP68+ziAEyFw29aY1/Q,
47,36,4,0,3,0,0,164967,0,1,228275,1,0,1,0,2147418120,0,1,0,0,,0,1280,1019,0,21,35,,,,,1,,0,606749276.3898158,,,,AeUSefYg+dU577cL1QG/SW6MQfdu,b'\x03\x00\x00\x00@\x01'
48,36,1,0,3,0,0,61550,0,5,-1,-1,0,1,0,779878400,65743,1,0,0,,0,465,370,0,21,35,,,,,1,,0,606749276.3898158,,,,AQdWU5wxVCVVs6ZTc53oyS83/Bku,
49,36,5,0,3,0,0,684599,0,1,276380,1,0,1,0,2147418122,0,1,0,0,,0,1136,640,0,22,35,,,,,4,,0,606793952.0,,,,AdDoggBpU5Qj6Iw5I+bPo2avccY7,b'\x03\x00\x00\x00@\x03'
50,36,6,0,3,0,0,326415,0,2,276433,1,0,1,0,2147418120,65938,1,0,0,,0,962,640,2,22,35,,,,,1,,0,606793952.0,,,,ARCPQMh6ddpKqvS4NUv00NwxHxxy,"b'\x03\x08""\x19 \x01'"
51,36,1,0,3,0,0,43508,0,5,-1,-1,0,1,0,1046085632,65743,1,0,0,,0,553,312,0,22,35,,,,,1,,0,606793952.0,,,,AYcWWtwqmOiBCv/xZGeVmkab9ZNv,
52,36,1,0,3,0,0,106749,0,4,-1,-1,0,1,0,2147418112,65741,1,0,0,,0,1136,640,0,22,35,,,,,1,,0,606793952.0,,,,AZo8eoxeinbG0Qax5VWka9GNMSBq,
53,36,1,0,3,0,0,48005,0,5,-1,-1,0,1,0,1136787457,65743,1,0,0,,0,509,339,2,22,35,,,,,1,,0,606793952.0,,,,AWz2f4oD+lZQn6XZvD9RssA4UgZU,
54,36,4,0,3,0,0,132513,0,1,350026,1,0,1,0,2147418120,0,1,0,0,,0,1260,860,0,23,35,,,,,1,,0,606941715.1401957,,,,AR4SfUoyEEv0dvtnGGXkX/2gADwG,b'\x03\x00\x00\x00@\x01'
55,36,1,0,3,0,0,47243,0,5,-1,-1,0,1,0,856817664,65743,1,0,0,,0,503,343,0,23,35,,,,,1,,0,606941715.1401957,,,,AaNGaFF3DZTKRIkwRreSr5aHL9r0,
56,36,4,0,3,0,0,49367,0,1,350734,1,0,1,0,2147418120,0,1,0,0,,0,545,720,0,24,35,,,,,1,,0,606941884.1665974,,,,AT9OXbw88xBfaZLLrpD7RzYByGd9,b'\x03\x00\x00\x00@\x01'
57,36,1,0,3,0,0,30511,0,5,-1,-1,0,1,0,1422524416,65743,1,0,0,,0,361,477,0,24,35,,,,,1,,0,606941884.1665974,,,,AeGA8MP+RSzx/BTKOryBjDKJjQ4I,
58,36,4,0,3,0,0,187282,0,1,351709,1,0,1,0,2147418120,0,1,0,0,,0,1446,1065,0,25,35,,,,,1,,0,606942179.7701001,,,,Aai+EkWsexBZW6gda3LUjByfb9Vg,b'\x03\x00\x00\x00@\x01'
59,36,1,0,3,0,0,50420,0,5,-1,-1,0,1,0,718274560,65743,1,0,0,,0,484,356,0,25,35,,,,,1,,0,606942179.7701001,,,,AT5YqLMbwLRp93s20wOWP3Qaqx1b,
60,36,4,0,3,0,0,77773,0,1,351961,1,0,1,0,2147418120,0,1,0,0,,0,455,828,0,26,35,,,,,1,,0,606942246.1690487,,,,AV31olS8Ngyr/HPlAKOdq5H8iaqJ,b'\x03\x00\x00\x00@\x01'
61,36,1,0,3,0,0,51711,0,5,-1,-1,0,1,0,1454243840,65743,1,0,0,,0,308,561,0,26,35,,,,,1,,0,606942246.1690487,,,,AfXfsHgmZxAqKZTk+39A9J6JWDSp,
62,36,5,0,3,0,0,194260,0,1,353407,1,0,1,0,2147418120,0,1,0,0,,0,1195,1125,0,27,35,,,,,1,,0,606942615.1636992,,,,Ad0ZVX1Ah2dNnWj+fVnL9S3cr5bG,b'\x03\x00\x00\x00@\x01'
63,36,1,0,3,0,0,55648,0,5,-1,-1,0,1,0,769130496,65743,1,0,0,,0,428,403,0,27,35,,,,,1,,0,606942615.1636992,,,,AVEzMpKpx2s4R+U7jwTFu0jNMQnR,
64,36,4,0,3,0,0,83658,0,1,360366,1,0,1,0,2147418120,0,1,0,0,,0,1358,1600,0,28,35,,,,,1,,0,606962280.0,,,,ATQHNc3nC3TnJInehSexxbSax1Sh,b'\x03\x00\x00\x00@\x01'
65,36,4,0,3,0,0,83658,0,1,360428,1,0,1,0,2147418120,0,1,0,0,,0,1358,1600,0,29,35,,,,,1,,0,606962280.0,,,,ATQHNc3nC3TnJInehSexxbSax1Sh,b'\x03\x00\x00\x00@\x01'
66,36,1,0,3,0,0,30098,0,5,-1,-1,0,1,0,605421568,65743,1,0,0,,0,383,451,0,29,35,,,,,1,,0,606962280.0,,,,AekAv8vzmlNIawPN3/sZOVTPDv13,
67,36,1,0,3,0,0,30098,0,5,-1,-1,0,1,0,605421568,65743,1,0,0,,0,383,451,0,28,35,,,,,1,,0,606962280.0,,,,AekAv8vzmlNIawPN3/sZOVTPDv13,
68,36,4,0,3,0,0,1440317,0,1,361866,1,0,1,0,2147418122,0,1,0,0,,0,2035,2048,0,30,35,,,,,4,,0,606964802.4356472,,,,AUAmlX7Zq6DHddJG7f71+C6Kv8MI,b'\x03\x00\x00\x00@\x03'
69,36,1,0,3,0,0,36106,0,5,-1,-1,0,1,0,436994048,65743,1,0,0,,0,414,417,0,30,35,,,,,1,,0,606964802.4356472,,,,AZs9xoILaIIocC+Hb+og4NBvTTFt,
70,36,1,0,3,0,0,258010,0,4,-1,-1,0,1,0,1865482240,65741,1,0,0,,0,1768,1779,0,30,35,,,,,1,,0,606964802.4356472,,,,AfhXpLBCQ6nkSZuA+YNM9E+tjND+,
71,36,1,0,3,0,0,312195,0,3,-1,-1,0,1,0,2147418112,65739,1,0,0,,0,2035,2048,0,30,35,,,,,1,,0,606964802.4356472,,,,Afb1zFxXaA1axD6x1FmOKmHHnpbu,
72,36,4,0,3,0,0,515172,0,1,690821,1,0,1,0,2147418120,0,1,0,0,,0,698,1607,0,31,35,,,,,1,,0,607806800.6530997,,,,ATDs3uSeedW4QCQmdzYAl8irj9Gu,b'\x03\x00\x00\x00@\x01'
73,36,1,0,3,0,0,58766,0,5,-1,-1,0,1,0,842399744,65743,1,0,0,,0,274,630,0,31,35,,,,,1,,0,607806800.6530997,,,,AWoYkw1BejpBeZ3F4aZbjiO1jfPw,
74,36,4,0,3,0,0,674986,0,1,691463,1,0,1,0,2147418120,0,1,0,0,,0,898,1125,0,32,35,,,,,1,,0,607807637.8156989,,,,AddZnY4GkSvu22lxIbilZCb6gcbj,b'\x03\x00\x00\x00@\x01'
75,36,1,0,3,0,0,61923,0,5,-1,-1,0,1,0,887357440,65743,1,0,0,,0,371,465,0,32,35,,,,,1,,0,607807637.8156989,,,,AXpq3Gn35fk/BBVA8K8UhFkhVciI,
76,36,4,0,3,0,0,4054985,0,1,879379,1,0,6,0,2147418120,0,1,0,0,,0,3024,4032,0,33,35,,,,,1,,0,608320569.2816672,,,,AYb5mkd4sCXyD0qg5hGcl3Jp6vyR,b'\x03\x00\x00\x00@\x01'
77,36,4,0,3,0,0,3370449,0,18,879397,1,0,1,0,696254472,0,1,0,3,,0,1308,980,0,33,35,1.0,,,,6,,0,608320569.2816672,,,,AZZFhBZ7lAytxZIL0yOrjZxjkPOr,b'\x030\x00\x00\xc0\x0b'
78,36,4,0,3,0,0,3081324,0,1,879413,1,0,6,0,2147418120,0,1,0,0,,0,3024,4032,0,34,35,,,,,1,,0,608320615.8685725,,,,AQwn9nj6bh+pEVbmphPzkMw5fPjj,b'\x03\x00\x00\x00@\x01'
79,36,1,0,3,0,0,910022,0,4,-1,-1,0,1,0,1090715648,65741,1,0,0,,0,2048,1536,0,34,35,,,,,1,,0,608320615.8685725,,,,AQTbKqeZpE+0Cko29DXocB2SQ1Ik,
80,36,1,0,3,0,0,1178574,0,4,-1,-1,0,1,0,1090715648,65741,1,0,0,,0,2048,1536,0,33,35,,,,,1,,0,608320569.2816672,,,,AVgguqKHKJzbVBF5amfU5zCLE0ST,
81,36,1,0,3,0,0,1752626,0,6,-1,-1,0,1,0,464060416,131275,1,0,3,,0,872,653,0,33,35,,,,,6,,0,608320569.2816672,,,,AT8yiqCSsS5qMHIju/Zn5HWEAJNu,
82,36,1,0,3,0,0,63890,0,5,-1,-1,0,1,0,255590400,65743,1,0,0,,0,480,360,0,33,35,,,,,1,,0,608320569.2816672,,,,AY//+GPSgflEuZLLcY1FGtqe4ZvG,
83,36,1,0,3,0,0,490074,0,7,-1,-1,0,1,0,309460992,131277,1,0,3,,0,581,436,0,33,35,,,,,6,,0,608320569.2816672,,,,AfhOeoQlLG7rpv1RQGM0vut9ifK1,
84,36,1,0,3,0,0,51667,0,5,-1,-1,0,1,0,255590400,65743,1,0,0,,0,480,360,0,34,35,,,,,1,,0,608320615.8685725,,,,AYsFqxyoI3jtQYVuGSuznpMPzTI+,
85,36,4,0,3,0,0,198974,0,1,900164,1,0,1,0,2147418120,0,1,0,0,,0,1333,2048,0,35,35,,,,,1,,0,608345100.1966687,,,,AXcOFFtjN1TXN/nApxkFTg+BEP64,b'\x03\x00\x00\x00@\x01'
86,36,1,0,3,0,0,61066,0,5,-1,-1,0,1,0,539820032,65743,1,0,0,,0,335,515,0,35,35,,,,,1,,0,608345100.1966687,,,,AbBQzTIvPOhORvpEva5i4zqHdWHS,
87,36,4,0,3,0,0,1136524,0,1,902445,1,0,1,0,2147418120,0,1,0,0,,0,1173,1191,0,36,35,,,,,1,,0,608347752.2444658,,,,Ac5GT+os3GpHe/XURnlczLN0MNtH,b'\x03\x00\x00\x00@\x01'
88,36,1,0,3,0,0,73215,0,5,-1,-1,0,1,0,753926144,65743,1,0,0,,0,412,418,0,36,35,,,,,1,,0,608347752.2444658,,,,ASlZ54JwOHzlWo99sYwcVk0l+UKY,
89,36,4,0,3,0,0,9125655,0,1,905720,1,0,1,0,2147418120,0,1,0,1,,0,1280,720,0,37,35,1.0,,,,6,,0,608349429.0,,,,AcZ6v4LYAnVttlAS5l7Vo1Ce6atx,b'\x03\x10\x00\x00\xc0\x0b'
90,36,3,0,3,0,0,74957,0,4,906147,1,0,1,0,2147418112,65741,1,0,0,,0,1280,720,0,37,35,,,,,1,608349652.580385,0,608349429.0,,,,AVC/zV8/su5oVLmD9USbwctzoHUg,b'\x03\x00\xc2\x0cP\x01'
91,36,1,0,3,0,0,1010642,0,7,-1,-1,0,1,0,1073676288,131081,1,0,1,,0,640,360,0,37,35,,,,,7,,0,608349429.0,,,,Ac/xrrfmeipRpc5fWZaxhWsI1VlF,
92,36,1,0,3,0,0,22059,0,5,-1,-1,0,1,0,927596544,65743,1,0,0,,0,553,311,0,37,35,,,,,1,,0,608349429.0,,,,AS3zTHOT1MhV/0xo/HNgw+ZJPZPO,
93,36,1,0,3,0,0,3531660,0,6,-1,-1,0,1,0,2147418112,131079,1,0,1,,0,1280,720,0,37,35,,,,,7,,0,608349429.0,,,,AYEoyCPklbJRIIWVL7VlHAE5DSW2,
94,36,4,0,3,0,0,377248,0,1,919857,1,0,1,0,2147418120,0,1,0,0,,0,1306,2212,0,38,35,,,,,1,,0,608389105.1502706,,,,Aex1xJEWf/PLf4U/N4Wv/Y/qmKvh,b'\x03\x00\x00\x00@\x01'
95,36,1,0,3,0,0,48078,0,5,-1,-1,0,1,0,524812288,65743,1,0,0,,0,319,541,0,38,35,,,,,1,,0,608389105.1502706,,,,ASTORjJkdr7suMdM0u8x0TaAnjlT,
96,36,4,0,3,0,0,767997,0,1,922483,1,0,1,0,2147418122,0,1,0,0,,0,1136,640,0,39,35,,,,,4,,0,608390700.0,,,,ATCBIF6GrqJ1G/m1XLwmzjDMnkHK,b'\x03\x00\x00\x00@\x03'
97,36,1,0,3,0,0,162411,0,4,-1,-1,0,1,0,2147418112,65741,1,0,0,,0,1136,640,0,39,35,,,,,1,,0,608390700.0,,,,AQh2Y9bpcnIO9pmD8ANXhOyHfod6,
98,36,1,0,3,0,0,62041,0,5,-1,-1,0,1,0,1046085632,65743,1,0,0,,0,553,312,0,39,35,,,,,1,,0,608390700.0,,,,Aalh9bKTpz0woeuBBcspp/qt1Ls5,
99,36,4,0,3,0,0,1101774,0,1,922760,1,0,1,0,2147418122,0,1,0,0,,0,1136,640,0,40,35,,,,,4,,0,608390726.0,,,,AShMj4Ih9LeLq0ezBPCijz0ZtBdP,b'\x03\x00\x00\x00@\x03'
100,36,1,0,3,0,0,29405,0,5,-1,-1,0,1,0,1046085632,65743,1,0,0,,0,553,312,0,40,35,,,,,1,,0,608390726.0,,,,AYckHGaID9gsJc0rh5CsX+v707gf,
101,36,1,0,3,0,0,77070,0,4,-1,-1,0,1,0,2147418112,65741,1,0,0,,0,1136,640,0,40,35,,,,,1,,0,608390726.0,,,,AXCrE9fvqsjYjOoswQzwzVRaTZX0,
102,36,4,0,3,0,0,1099724,0,1,922857,1,0,1,0,2147418122,0,1,0,0,,0,1136,640,0,41,35,,,,,4,,0,608390773.0,,,,AZ9SEbu+sjG98dlA4t8DAzI3+AiW,b'\x03\x00\x00\x00@\x03'
103,36,1,0,3,0,0,29394,0,5,-1,-1,0,1,0,1046085632,65743,1,0,0,,0,553,312,0,41,35,,,,,1,,0,608390773.0,,,,ARzPkqIrIAPG0NO4NePQ0B9aB4Ef,
104,36,1,0,3,0,0,74586,0,4,-1,-1,0,1,0,2147418112,65741,1,0,0,,0,1136,640,0,41,35,,,,,1,,0,608390773.0,,,,Ae0fdYjZSrcHG1aK+vhO0Q6KUKXg,
105,36,4,0,3,0,0,1117239,0,1,922936,1,0,1,0,2147418122,0,1,0,0,,0,1136,640,0,42,35,,,,,4,,0,608390790.0,,,,Aal7CEr/o5CHYrUQrz3eSJVoq2WV,b'\x03\x00\x00\x00@\x03'
106,36,1,0,3,0,0,23966,0,5,-1,-1,0,1,0,1046085632,65743,1,0,0,,0,553,312,0,42,35,,,,,1,,0,608390790.0,,,,ASY9If+ypZDYbVvGf/i7Cd+rUT9p,
107,36,1,0,3,0,0,61211,0,4,-1,-1,0,1,0,2147418112,65741,1,0,0,,0,1136,640,0,42,35,,,,,1,,0,608390790.0,,,,Ac2y2pL9TYa148NNiyO0JOKvm70r,
108,36,4,0,3,0,0,1112986,0,1,923016,1,0,1,0,2147418122,0,1,0,0,,0,1136,640,0,43,35,,,,,4,,0,608390827.0,,,,AdZYczfqZ703RImLVLeuVNahnRjX,b'\x03\x00\x00\x00@\x03'
109,36,1,0,3,0,0,28828,0,5,-1,-1,0,1,0,1046085632,65743,1,0,0,,0,553,312,0,43,35,,,,,1,,0,608390827.0,,,,AeviOAsJI9JOhUKNUX48L6E64OnB,
110,36,1,0,3,0,0,75725,0,4,-1,-1,0,1,0,2147418112,65741,1,0,0,,0,1136,640,0,43,35,,,,,1,,0,608390827.0,,,,AbvoUA7pmjF0FMdBp52lPi+dRctk,
111,36,4,0,3,0,0,1043530,0,1,923092,1,0,1,0,2147418122,0,1,0,0,,0,1136,640,0,44,35,,,,,4,,0,608390849.0,,,,AbTOVumEDos4nXYAIURLu4i7Yk8M,b'\x03\x00\x00\x00@\x03'
112,36,1,0,3,0,0,40427,0,5,-1,-1,0,1,0,1046085632,65743,1,0,0,,0,553,312,0,44,35,,,,,1,,0,608390849.0,,,,Ad/NvlyVE/Qs0jhOUNeb3Ope4Svb,
113,36,1,0,3,0,0,105012,0,4,-1,-1,0,1,0,2147418112,65741,1,0,0,,0,1136,640,0,44,35,,,,,1,,0,608390849.0,,,,AblpYC7NCX7DQhr5UDJlmBqTh2JY,
114,36,4,0,3,0,0,727391,0,1,923339,1,0,1,0,2147418122,0,1,0,0,,0,1136,640,0,45,35,,,,,4,,0,608390934.0,,,,ASz3c3FpE4vk4xr41w57luSFsOs2,b'\x03\x00\x00\x00@\x03'
115,36,1,0,3,0,0,80665,0,5,-1,-1,0,1,0,1046085632,65743,1,0,0,,0,553,312,0,45,35,,,,,1,,0,608390934.0,,,,AbWX4SknsgW0Y4Q79lHeG55qlekn,
116,36,1,0,3,0,0,210326,0,4,-1,-1,0,1,0,2147418112,65741,1,0,0,,0,1136,640,0,45,35,,,,,1,,0,608390934.0,,,,AaZ/PxnwhG8P/X8avTJxcTrQG3h/,
117,36,4,0,3,0,0,782078,0,1,923492,1,0,1,0,2147418122,0,1,0,0,,0,1136,640,0,46,35,,,,,4,,0,608390961.0,,,,Af/314sGR+tOpCbQvRTNMj9P66Ow,b'\x03\x00\x00\x00@\x03'
118,36,1,0,3,0,0,166910,0,4,-1,-1,0,1,0,2147418112,65741,1,0,0,,0,1136,640,0,46,35,,,,,1,,0,608390961.0,,,,Afv+9umWq4/bLle+gs00pvcayXfs,
119,36,1,0,3,0,0,62274,0,5,-1,-1,0,1,0,1046085632,65743,1,0,0,,0,553,312,0,46,35,,,,,1,,0,608390961.0,,,,AbKvKX+YUFJdDcAcKVfMo389SkUW,
120,36,4,0,3,0,0,3288383,0,1,929605,1,0,1,0,2147418120,0,1,0,0,,0,3024,4032,0,47,35,,,,,1,,0,608394190.4792306,,,,AQLPgzYpZtx0/l+K+VULcJQ+uSBT,b'\x03\x00\x00\x00@\x01'
121,36,1,0,3,0,0,67101,0,5,-1,-1,0,1,0,255590400,65743,1,0,0,,0,360,480,0,47,35,,,,,1,,0,608394190.4792306,,,,ARkboPwqRBTOAPYTowp0N9iO9uvl,
122,36,1,0,3,0,0,1035993,0,4,-1,-1,0,1,0,1090715648,65741,1,0,0,,0,1536,2048,0,47,35,,,,,1,,0,608394190.4792306,,,,AZsv32hjQu2r8WXx4StdePAj2b2Z,
123,36,4,0,3,0,0,758326,0,1,929781,1,0,1,0,2147418122,0,1,0,0,,0,1136,640,0,48,35,,,,,4,,0,608394243.0,,,,AYuwuWo1LDG4hHQ9cZCx1nqYd4vc,b'\x03\x00\x00\x00@\x03'
124,36,4,0,3,0,0,96609,0,1,929788,1,0,1,0,2147418122,0,1,0,0,,0,480,914,0,49,35,,,,,4,,0,608394244.0,,,,Ab5Pmc8/JTOFCEYXftlICtLqIT/D,b'\x03\x00\x00\x00@\x03'
125,36,1,0,3,0,0,65490,0,4,-1,-1,0,1,0,2147418112,65741,1,0,0,,0,480,914,0,49,35,,,,,1,,0,608394244.0,,,,AZAlVDGrJFZDJYFJaFbdtyw+W1/y,
126,36,1,0,3,0,0,62119,0,5,-1,-1,0,1,0,1046085632,65743,1,0,0,,0,553,312,0,48,35,,,,,1,,0,608394243.0,,,,Acb2dcSTDCwgIF2iyOgy44UIfwjD,
127,36,1,0,3,0,0,37446,0,5,-1,-1,0,1,0,1347551232,65743,1,0,0,,0,301,574,0,49,35,,,,,1,,0,608394244.0,,,,AbBgFwT3u85CcHb/A7sESS/jAjV3,
128,36,1,0,3,0,0,161731,0,4,-1,-1,0,1,0,2147418112,65741,1,0,0,,0,1136,640,0,48,35,,,,,1,,0,608394243.0,,,,AY3/wky/2Ll8xj984RkkWA8tw59n,
129,36,4,0,3,0,0,783895,0,1,929890,1,0,1,0,2147418122,0,1,0,0,,0,1136,640,0,50,35,,,,,4,,0,608394264.0,,,,AfMTj/TGywK+WOVWIy9Dv9eC+S0m,b'\x03\x00\x00\x00@\x03'
130,36,4,0,3,0,0,79641,0,1,929896,1,0,1,0,2147418122,0,1,0,0,,0,480,914,0,51,35,,,,,4,,0,608394264.0,,,,AXaEz67R38qM4uc+3kB9xvWFqDGq,b'\x03\x00\x00\x00@\x03'
131,36,1,0,3,0,0,29242,0,5,-1,-1,0,1,0,1347551232,65743,1,0,0,,0,301,574,0,51,35,,,,,1,,0,608394264.0,,,,Aeq8z9m7p0a2rLg1dv0huwN7wvo3,
132,36,1,0,3,0,0,53343,0,4,-1,-1,0,1,0,2147418112,65741,1,0,0,,0,480,914,0,51,35,,,,,1,,0,608394264.0,,,,AaEDzgaYPTD4dtS/9G15bi4BcCU8,
133,36,1,0,3,0,0,164567,0,4,-1,-1,0,1,0,2147418112,65741,1,0,0,,0,1136,640,0,50,35,,,,,1,,0,608394264.0,,,,Adiqp27DYzwQ25RYIGuyv5Qae+dp,
134,36,1,0,3,0,0,62196,0,5,-1,-1,0,1,0,1046085632,65743,1,0,0,,0,553,312,0,50,35,,,,,1,,0,608394264.0,,,,AanAdWcoxjHFWS0K/DnsK36zsl5A,
135,36,5,0,3,0,0,3642183,0,1,930003,1,0,1,0,2147418120,0,1,0,0,,0,3024,4032,0,52,35,,,,,1,,0,608394313.1472422,,,,AebHFz5CYzdPOHqLaYCQqYf7Iujb,b'\x03\x00\x00\x00@\x01'
136,36,1,0,3,0,0,1108834,0,4,-1,-1,0,1,0,1090715648,65741,1,0,0,,0,1536,2048,0,52,35,,,,,1,,0,608394313.1472422,,,,AXxTT8WnJ4M2GD5P0BZaBb3Dq7n/,
137,36,1,0,3,0,0,60315,0,5,-1,-1,0,1,0,255590400,65743,1,0,0,,0,360,480,0,52,35,,,,,1,,0,608394313.1472422,,,,AbH5RawwHI25wiNfuUx8zW10+dkx,
138,36,4,0,3,0,0,801524,0,1,930236,1,0,1,0,2147418122,0,1,0,0,,0,1136,640,0,53,35,,,,,4,,0,608394454.0,,,,Aa6om4onlsOnTRk70rxgTQqnGJva,b'\x03\x00\x00\x00@\x03'
139,36,4,0,3,0,0,358008,0,1,930243,1,0,1,0,2147418122,0,1,0,0,,0,480,914,0,54,35,,,,,4,,0,608394454.0,,,,AdwPDTYjeQ1w4n0fwdQqunPdlRqS,b'\x03\x00\x00\x00@\x03'
140,36,1,0,3,0,0,80398,0,4,-1,-1,0,1,0,2147418112,65741,1,0,0,,0,480,914,0,54,35,,,,,1,,0,608394454.0,,,,AXfmNY+ANWE/33PXdmDj/YxnN1Qi,
141,36,1,0,3,0,0,62990,0,5,-1,-1,0,1,0,1046085632,65743,1,0,0,,0,553,312,0,53,35,,,,,1,,0,608394454.0,,,,AcYu0O2G3lX3ndSFiB/UcHN+rRQa,
142,36,1,0,3,0,0,42449,0,5,-1,-1,0,1,0,1347551232,65743,1,0,0,,0,301,574,0,54,35,,,,,1,,0,608394454.0,,,,AdPPgUZGvFM9oq7FLdoi5ox8CTjv,
143,36,1,0,3,0,0,166198,0,4,-1,-1,0,1,0,2147418112,65741,1,0,0,,0,1136,640,0,53,35,,,,,1,,0,608394454.0,,,,AVjooFRk3Nvjr6smie5GZZICvzoI,
144,36,4,0,3,0,0,15893,0,1,933952,1,0,1,0,2147418122,0,1,0,0,,0,394,324,0,55,35,,,,,4,,0,608395671.804769,,,,AdNMVMp8/MCDEUchPwGi9hzLiJw1,b'\x03\x00\x00\x00@\x03'
145,36,1,0,3,0,0,11895,0,5,-1,-1,0,1,0,2147418112,65743,1,0,0,,0,394,324,0,55,35,,,,,1,,0,608395671.804769,,,,AeTjRI/nXJp0Y/WMKnXguTK63RGf,
146,36,4,0,3,0,0,108670,0,1,934135,1,0,1,0,2147418122,0,1,0,0,,0,394,324,0,56,35,,,,,4,,0,608395677.724489,,,,AQ/oy9V3I0gVfNjCnhJ3bcBNTnxV,b'\x03\x00\x00\x00@\x03'
147,36,1,0,3,0,0,43735,0,5,-1,-1,0,1,0,2147418112,65743,1,0,0,,0,394,324,0,56,35,,,,,1,,0,608395677.724489,,,,AZ+O4vVx/LkOwqKDtnDzpkKMSA+r,
148,36,6,0,3,0,0,4326466,0,2,935065,1,0,1,0,2147418120,65938,1,0,0,,0,3024,4032,2,52,35,,,,,1,,0,608394313.1472422,,,,Ad+eNPokXwOoni+u2QdTK/dIL8xH,"b'\x03\x08""\x19 \x01'"
149,36,1,0,3,0,0,62742,0,5,-1,-1,0,1,0,255590401,65743,1,0,0,,0,360,480,2,52,35,,,,,1,,0,608394313.1472422,,,,AUbEe4WF02ZMWkD9rbEnjnF30Z7h,
150,36,1,0,3,0,0,1183717,0,4,-1,-1,0,1,0,1090715649,65741,1,0,0,,0,1536,2048,2,52,35,,,,,1,,0,608394313.1472422,,,,AUpiIX5OdcQjVx39B5WnWXvLnk+k,
151,36,4,0,3,0,0,115196,0,1,935743,1,0,1,0,2147418120,0,1,0,0,,0,956,828,0,57,35,,,,,1,,0,606865728.105,,,,Ac5Cjwi5ftt0KMi8RHpVY6fmoWw3,b'\x03\x00\x00\x00@\x01'
152,36,1,0,3,0,0,52099,0,5,-1,-1,0,1,0,1001455616,65743,1,0,0,,0,446,386,0,57,35,,,,,1,,0,606865728.105,,,,ARuei/wMbj1m+UAukZvy0H3Ora/F,
153,36,4,0,3,0,0,798640,0,1,1248947,1,0,1,0,2147418122,0,1,0,0,,0,1136,640,0,58,35,,,,,4,,0,608744440.0,,,,ASpzKKX3xAWUbRYzL22gMH94+1Yo,b'\x03\x00\x00\x00@\x03'
154,36,1,0,3,0,0,180600,0,4,-1,-1,0,1,0,2147418112,65741,1,0,0,,0,1136,640,0,58,35,,,,,1,,0,608744440.0,,,,AWNmijhOkdo20LHugZEPlye/dMbk,
155,36,1,0,3,0,0,66133,0,5,-1,-1,0,1,0,1046085632,65743,1,0,0,,0,553,312,0,58,35,,,,,1,,0,608744440.0,,,,AaGXe5wV4U2L2cMbuRolTRrWIEKF,
156,36,4,0,3,0,0,781223,0,1,1263804,1,0,1,0,2147418122,0,1,0,0,,0,1136,640,0,59,35,,,,,4,,0,608745298.0,,,,AUyogzvxL7xiB+O4ekNicwzKWhln,b'\x03\x00\x00\x00@\x03'
157,36,1,0,3,0,0,68074,0,5,-1,-1,0,1,0,1046085632,65743,1,0,0,,0,553,312,0,59,35,,,,,1,,0,608745298.0,,,,AVMwJOdhU9su6IGK0CgxRkf57Unt,
158,36,1,0,3,0,0,180135,0,4,-1,-1,0,1,0,2147418112,65741,1,0,0,,0,1136,640,0,59,35,,,,,1,,0,608745298.0,,,,AaopRMwv5jbp4wN5z/RmccxvgfGI,
