Z_PK,Z_ENT,Z_OPT,ZASSET,Z34_ASSET,ZBEHAVIORALSCORE,ZFAILURESCORE,ZHARMONIOUSCOLORSCORE,ZIMMERSIVENESSSCORE,ZINTERACTIONSCORE,ZINTERESTINGSUBJECTSCORE,ZINTRUSIVEOBJECTPRESENCESCORE,ZLIVELYCOLORSCORE,ZLOWLIGHT,ZNOISESCORE,ZPLEASANTCAMERATILTSCORE,ZPLEASANTCOMPOSITIONSCORE,ZPLEASANTLIGHTINGSCORE,ZPLEASANTPATTERNSCORE,ZPLEASANTPERSPECTIVESCORE,ZPLEASANTPOSTPROCESSINGSCORE,ZPLEASANTREFLECTIONSSCORE,ZPLEASANTSYMMETRYSCORE,ZSHARPLYFOCUSEDSUBJECTSCORE,ZTASTEFULLYBLURREDSCORE,ZWELLCHOSENSUBJECTSCORE,ZWELLFRAMEDSUBJECTSCORE,ZWELLTIMEDSHOTSCORE
1,15,4,2,35,0.0,-0.0002694129943847656,0.085205078125,0.0033893585205078125,0.03999999910593033,-0.068603515625,-0.010406494140625,0.3125,0.003635406494140625,-0.0063629150390625,0.01470947265625,0.28076171875,0.19775390625,0.0682373046875,0.298828125,0.025909423828125,-0.001522064208984375,0.010986328125,0.331787109375,0.0552978515625,0.455810546875,0.78125,0.0167694091796875
2,15,2,1,35,0.0,-0.02001953125,-0.005615234375,0.0016803741455078125,0.009999999776482582,-0.8486328125,-0.0294189453125,0.071044921875,0.00626373291015625,-0.353271484375,-0.03778076171875,-0.129638671875,-0.2271728515625,0.039703369140625,-0.08001708984375,-0.23095703125,-0.0171051025390625,0.0009617805480957031,0.0240020751953125,-0.0379638671875,0.0552978515625,0.171875,-0.046142578125
3,15,4,3,35,0.0,-0.0048828125,0.01335906982421875,0.0063629150390625,0.03999999910593033,-0.93017578125,-0.0262451171875,0.08203125,0.00421142578125,-0.0123291015625,-0.01203155517578125,-0.09423828125,-0.08966064453125,0.030670166015625,0.0257568359375,-0.0290374755859375,-0.0079498291015625,0.0032215118408203125,0.0269622802734375,-0.003448486328125,0.07440185546875,0.0865478515625,0.0002593994140625
4,15,2,8,35,0.0,-0.01535797119140625,-0.001735687255859375,0.0024051666259765625,0.009999999776482582,-0.87158203125,-0.0384521484375,0.09197998046875,0.0030155181884765625,-0.056121826171875,-0.040771484375,-0.2406005859375,-0.20166015625,0.025848388671875,-0.07440185546875,-0.016876220703125,-0.041900634765625,0.0015363693237304688,0.0258026123046875,-0.053619384765625,0.0367431640625,0.143798828125,-0.021240234375
5,15,3,6,35,0.0,-0.00847625732421875,-0.002410888671875,0.004627227783203125,0.019999999552965164,-0.66015625,-0.03802490234375,0.02630615234375,0.007965087890625,-0.09051513671875,-0.0231170654296875,-0.22509765625,-0.2607421875,0.041229248046875,-0.024627685546875,-0.0173187255859375,-0.01251220703125,0.0022869110107421875,0.0079345703125,-0.030975341796875,-0.0460205078125,-0.02880859375,-0.023162841796875
6,15,2,4,35,0.0,-0.004848480224609375,0.001560211181640625,0.0029926300048828125,0.009999999776482582,-0.89990234375,-0.0257110595703125,0.145751953125,0.00135040283203125,-0.0224456787109375,-0.0201416015625,-0.1390380859375,-0.124755859375,0.0232391357421875,-0.0172576904296875,-0.0254058837890625,-0.0131683349609375,0.0014829635620117188,0.0178375244140625,-0.01140594482421875,0.09100341796875,0.10345458984375,-0.006649017333984375
7,15,3,5,35,0.0,-0.01128387451171875,-0.00530242919921875,0.0027027130126953125,0.019999999552965164,-0.79345703125,-0.0380859375,0.0731201171875,0.005466461181640625,-0.0941162109375,-0.050628662109375,-0.293701171875,-0.26513671875,0.042388916015625,-0.0771484375,-0.015594482421875,-0.0171966552734375,0.0015010833740234375,0.00811767578125,-0.042327880859375,-0.05401611328125,-0.0989990234375,-0.030914306640625
8,15,3,7,35,0.0,-0.01495361328125,-0.006458282470703125,0.002025604248046875,0.019999999552965164,-0.424560546875,-0.053375244140625,0.06951904296875,0.00386810302734375,-0.147705078125,-0.05523681640625,-0.305419921875,-0.30517578125,0.04248046875,-0.1107177734375,-0.00836944580078125,-0.025970458984375,0.0012540817260742188,0.0063629150390625,-0.096435546875,-0.302978515625,-0.047607421875,-0.1143798828125
9,15,2,9,35,0.0,-0.004810333251953125,-0.0095062255859375,0.0015668869018554688,0.009999999776482582,-0.9609375,-0.029754638671875,0.276611328125,0.0013036727905273438,-0.044677734375,-0.043853759765625,-0.2027587890625,-0.121826171875,0.07171630859375,-0.0628662109375,-0.187744140625,-0.02484130859375,0.0013561248779296875,0.0289154052734375,0.0003814697265625,-0.00732421875,0.0277099609375,-0.01474761962890625
10,15,2,10,35,0.0,-0.01186370849609375,-0.0279541015625,0.0010900497436523438,0.009999999776482582,-0.9580078125,-0.054779052734375,0.2076416015625,0.0034961700439453125,-0.202392578125,-0.0396728515625,-0.2427978515625,-0.259521484375,0.06439208984375,-0.050048828125,-0.890625,-0.024627685546875,0.0005788803100585938,0.015655517578125,-0.022186279296875,-0.35498046875,-0.116455078125,-0.07421875
12,15,3,11,35,0.0,-0.0010080337524414062,0.0293731689453125,0.00313568115234375,0.019999999552965164,-0.364990234375,-0.0167083740234375,0.272216796875,0.004810333251953125,-0.0167083740234375,-0.006378173828125,0.0582275390625,0.00848388671875,0.10443115234375,0.060028076171875,0.001861572265625,-0.01409149169921875,0.007694244384765625,0.0970458984375,0.0267486572265625,0.208740234375,0.529296875,0.000110626220703125
13,15,3,13,35,0.0,-0.005321502685546875,-0.0048065185546875,0.00386810302734375,0.019999999552965164,-0.73583984375,-0.0302581787109375,0.04888916015625,0.00787353515625,-0.1387939453125,-0.04827880859375,-0.2095947265625,-0.2222900390625,0.1533203125,-0.047271728515625,-0.023956298828125,-0.021881103515625,0.00553131103515625,0.010772705078125,-0.0172882080078125,-0.1055908203125,-0.0045166015625,-0.0225067138671875
14,15,2,12,35,0.0,-0.002471923828125,0.0076446533203125,0.004344940185546875,0.009999999776482582,-0.51904296875,-0.066650390625,0.219482421875,0.002559661865234375,-0.02044677734375,-0.04962158203125,-0.271728515625,-0.067138671875,0.0625,-0.02117919921875,-0.05377197265625,-0.0129547119140625,0.002223968505859375,0.0185394287109375,-0.0187225341796875,-0.1650390625,0.0537109375,0.0118408203125
15,15,2,14,35,0.0,-0.0279541015625,-0.010894775390625,0.0010395050048828125,0.009999999776482582,-0.919921875,-0.06927490234375,0.05755615234375,0.0087432861328125,-0.2763671875,-0.051910400390625,-0.405029296875,-0.311279296875,0.0328369140625,-0.1180419921875,-0.272705078125,-0.020599365234375,0.00043201446533203125,0.01763916015625,-0.05157470703125,-0.25048828125,-0.1966552734375,-0.0986328125
16,15,2,15,35,0.0,-0.0021305084228515625,0.01947021484375,0.006313323974609375,0.009999999776482582,-0.8818359375,-0.017913818359375,0.1407470703125,0.0010356903076171875,-0.006793975830078125,-0.006259918212890625,0.0677490234375,0.00469970703125,0.021942138671875,0.0477294921875,-0.027099609375,-0.004131317138671875,0.003482818603515625,0.050689697265625,0.0079345703125,0.206787109375,0.33056640625,0.00696563720703125
17,15,3,17,35,0.0,-0.0009322166442871094,0.04571533203125,0.0092315673828125,0.019999999552965164,-0.7783203125,-0.01085662841796875,0.212646484375,0.0018024444580078125,-0.004863739013671875,-0.002605438232421875,0.2056884765625,0.08953857421875,0.055206298828125,0.08782958984375,-0.0167999267578125,-0.00211334228515625,0.00930023193359375,0.0811767578125,0.017364501953125,0.2451171875,0.434326171875,0.007808685302734375
18,15,2,16,35,0.0,-0.0253143310546875,-0.00165557861328125,0.00142669677734375,0.009999999776482582,-0.84521484375,-0.068603515625,-0.227783203125,0.1270751953125,-0.1954345703125,-0.058685302734375,-0.384033203125,-0.64404296875,0.0203704833984375,-0.0458984375,-0.00597381591796875,-0.018646240234375,0.00334930419921875,0.01291656494140625,-0.1429443359375,0.014190673828125,0.18603515625,-0.0048828125
19,15,2,18,35,0.0,-0.03167724609375,-0.0162506103515625,0.0022945404052734375,0.009999999776482582,-0.984375,-0.054168701171875,0.161865234375,0.002033233642578125,-0.1243896484375,-0.03717041015625,-0.271484375,-0.22998046875,0.029754638671875,-0.042633056640625,-0.8916015625,-0.0184478759765625,0.00044226646423339844,0.01541900634765625,-0.135498046875,-0.040283203125,-0.158447265625,-0.04583740234375
20,15,2,19,35,0.0,-0.01291656494140625,-0.028167724609375,0.001560211181640625,0.009999999776482582,-0.9951171875,-0.0462646484375,0.280029296875,0.0018310546875,-0.1407470703125,-0.025787353515625,-0.1912841796875,-0.160888671875,0.0328369140625,-0.02166748046875,-0.994140625,-0.0235443115234375,0.00035691261291503906,0.034942626953125,0.038177490234375,0.018310546875,-0.0653076171875,-0.0265350341796875
21,15,3,20,35,0.0,-0.00405120849609375,0.01123809814453125,0.00628662109375,0.019999999552965164,-0.73681640625,-0.04620361328125,0.0565185546875,0.0183258056640625,-0.0333251953125,-0.06494140625,-0.267578125,-0.18505859375,0.145751953125,0.01971435546875,-0.0104827880859375,-0.01727294921875,0.00787353515625,0.01406097412109375,-0.01873779296875,-0.026092529296875,-0.046875,-0.00289154052734375
22,15,3,21,35,0.0,-0.008880615234375,-0.002071380615234375,0.0025310516357421875,0.019999999552965164,-0.78857421875,-0.0205230712890625,0.07415771484375,0.0035228729248046875,-0.11572265625,-0.021148681640625,-0.09185791015625,-0.1900634765625,0.033447265625,-0.032562255859375,-0.02587890625,-0.0215301513671875,0.002002716064453125,0.0186767578125,-0.017364501953125,0.1256103515625,0.2349853515625,-0.015380859375
24,15,2,22,35,0.0,-0.01322174072265625,-0.004058837890625,0.0018453598022460938,0.009999999776482582,-0.88818359375,-0.0347900390625,0.053741455078125,0.0023403167724609375,-0.09979248046875,-0.033111572265625,-0.235595703125,-0.23974609375,0.0194854736328125,-0.06890869140625,-0.0239410400390625,-0.013671875,0.0008692741394042969,0.0128631591796875,-0.040191650390625,0.0322265625,0.022216796875,-0.0224456787109375
25,15,2,28,35,0.0,-0.005340576171875,0.0073394775390625,0.005840301513671875,0.009999999776482582,-0.93212890625,-0.0211944580078125,0.165283203125,0.0016040802001953125,-0.01291656494140625,-0.01690673828125,-0.1121826171875,-0.092529296875,0.050689697265625,0.0041351318359375,-0.027069091796875,-0.0092315673828125,0.0031585693359375,0.020172119140625,-0.017425537109375,0.07073974609375,0.057373046875,-0.0033855438232421875
26,15,2,29,35,0.0,-0.005340576171875,0.0073394775390625,0.005840301513671875,0.009999999776482582,-0.93212890625,-0.0211944580078125,0.165283203125,0.0016040802001953125,-0.01291656494140625,-0.01690673828125,-0.1121826171875,-0.092529296875,0.050689697265625,0.0041351318359375,-0.027069091796875,-0.0092315673828125,0.0031585693359375,0.020172119140625,-0.017425537109375,0.07073974609375,0.057373046875,-0.0033855438232421875
27,15,2,26,35,0.0,-0.030609130859375,-0.0123291015625,0.0012636184692382812,0.009999999776482582,-0.9912109375,-0.047576904296875,0.1693115234375,0.00386810302734375,-0.14501953125,-0.01641845703125,-0.140625,-0.201904296875,0.0174407958984375,-0.024658203125,-0.9794921875,-0.0182037353515625,0.0003273487091064453,0.07025146484375,0.1544189453125,0.234130859375,0.202880859375,-0.0220947265625
28,15,2,23,35,0.0,-0.004772186279296875,-0.00312042236328125,0.003482818603515625,0.009999999776482582,-0.966796875,-0.0218963623046875,0.2464599609375,0.000640869140625,-0.03009033203125,-0.0201873779296875,-0.1341552734375,-0.06658935546875,0.05279541015625,-0.0241851806640625,-0.232666015625,-0.016448974609375,0.0011110305786132812,0.0234527587890625,0.00989532470703125,0.068603515625,-0.0653076171875,-0.0095672607421875
29,15,2,25,35,0.0,-0.0180816650390625,-0.0091400146484375,0.00151824951171875,0.009999999776482582,-0.95654296875,-0.038299560546875,0.06707763671875,0.0037212371826171875,-0.1102294921875,-0.0631103515625,-0.353515625,-0.291015625,0.04058837890625,-0.1123046875,-0.04071044921875,-0.02099609375,0.0009469985961914062,0.0094451904296875,-0.050262451171875,-0.0096435546875,-0.180908203125,-0.0207366943359375
30,15,2,24,35,0.0,-0.00274658203125,0.022857666015625,0.006771087646484375,0.009999999776482582,-0.9287109375,-0.0207977294921875,0.08856201171875,0.0021648406982421875,-0.007904052734375,-0.00426483154296875,0.11431884765625,0.020263671875,0.01548004150390625,0.060333251953125,-0.084228515625,-0.0032749176025390625,0.003551483154296875,0.0758056640625,0.025909423828125,0.25244140625,0.404296875,0.0104827880859375
31,15,2,27,35,0.0,-0.00997161865234375,-0.010162353515625,0.0016355514526367188,0.009999999776482582,-0.8212890625,-0.0328369140625,0.2125244140625,0.0007853507995605469,-0.11590576171875,-0.0438232421875,-0.2183837890625,-0.153564453125,0.0419921875,-0.08984375,-0.07635498046875,-0.02117919921875,0.0005588531494140625,0.00908660888671875,-0.0276031494140625,-0.1844482421875,-0.1375732421875,-0.0797119140625
32,15,3,30,35,0.0,-0.0015010833740234375,0.044158935546875,0.01326751708984375,0.019999999552965164,-0.84521484375,-0.0211181640625,0.068359375,0.006191253662109375,-0.004329681396484375,-0.003009796142578125,0.2181396484375,0.1387939453125,0.045013427734375,0.1339111328125,-0.016265869140625,-0.00045013427734375,0.01024627685546875,0.07501220703125,0.03924560546875,0.090087890625,0.2548828125,0.0169219970703125
33,15,2,31,35,0.0,-0.0024814605712890625,0.008941650390625,0.00406646728515625,0.009999999776482582,-0.67529296875,-0.02655029296875,0.430419921875,0.0016164779663085938,-0.016143798828125,-0.047943115234375,-0.19580078125,-0.054168701171875,0.08941650390625,-0.055572509765625,-0.01224517822265625,-0.0160064697265625,0.0018596649169921875,0.0169677734375,-0.00222015380859375,-0.0455322265625,-0.0921630859375,-0.0206298828125
34,15,2,32,35,0.0,-0.001911163330078125,0.032684326171875,0.00397491455078125,0.009999999776482582,0.0478515625,-0.029693603515625,0.1309814453125,0.007343292236328125,-0.0153045654296875,0.00292205810546875,0.1019287109375,0.09381103515625,0.0260467529296875,0.08099365234375,0.01019287109375,-0.000946044921875,0.002559661865234375,0.1492919921875,0.2115478515625,0.31884765625,0.5361328125,0.0963134765625
35,15,3,33,35,0.0,-0.0007405281066894531,0.07537841796875,0.050506591796875,0.10000000149011612,-0.0679931640625,-0.0151824951171875,0.455078125,0.0007915496826171875,-0.00405120849609375,-0.026947021484375,0.033447265625,0.06317138671875,0.1597900390625,0.053863525390625,0.020172119140625,-0.00302886962890625,0.0074005126953125,0.01056671142578125,0.0018520355224609375,0.009124755859375,-0.09710693359375,-0.004802703857421875
36,15,3,34,35,0.0,-0.0009431838989257812,0.055206298828125,0.03662109375,0.11999999731779099,-0.2281494140625,-0.0384521484375,0.1822509765625,0.0016164779663085938,-0.0036067962646484375,-0.047576904296875,-0.058837890625,0.04974365234375,0.0804443359375,0.1298828125,0.01251983642578125,-0.0028076171875,0.006847381591796875,0.00970458984375,0.0002593994140625,0.00301361083984375,-0.10833740234375,0.003047943115234375
37,15,4,35,35,0.0,-0.0025196075439453125,0.01947021484375,0.00860595703125,0.009999999776482582,-0.419677734375,-0.035186767578125,0.193115234375,0.005573272705078125,-0.0187835693359375,-0.02703857421875,-0.12237548828125,-0.0787353515625,0.09600830078125,0.01129150390625,-0.01824951171875,-0.0063629150390625,0.004344940185546875,0.01107025146484375,-0.01137542724609375,-0.0347900390625,-0.02020263671875,0.0133819580078125
38,15,2,36,35,0.0,-0.0026416778564453125,-0.003498077392578125,0.0022068023681640625,0.009999999776482582,-0.76953125,-0.032196044921875,0.2646484375,0.0006461143493652344,-0.025177001953125,-0.0423583984375,-0.2332763671875,-0.08575439453125,0.0460205078125,-0.06976318359375,-0.0130767822265625,-0.0193023681640625,0.0012884140014648438,0.016845703125,-0.00606536865234375,-0.07275390625,0.0211181640625,-0.02685546875
39,15,3,37,35,0.0,-0.07391357421875,-0.008819580078125,0.002223968505859375,0.03999999910593033,-0.74267578125,-0.050506591796875,0.01556396484375,0.01073455810546875,-0.3017578125,-0.061248779296875,-0.3798828125,-0.41455078125,0.0238189697265625,-0.1610107421875,-0.0177459716796875,-0.0178070068359375,0.00070953369140625,0.006191253662109375,-0.330810546875,-0.180908203125,-0.1640625,-0.139404296875
40,15,2,39,35,0.0,-0.0023956298828125,0.04364013671875,0.005794525146484375,0.009999999776482582,-0.8515625,-0.01506805419921875,0.373779296875,0.00466156005859375,-0.010284423828125,-0.0130462646484375,-0.01123046875,-0.02398681640625,0.166748046875,0.023834228515625,-0.05267333984375,-0.007160186767578125,0.00563812255859375,0.0328369140625,0.0098724365234375,0.054779052734375,0.066162109375,-0.00113677978515625
41,15,2,38,35,0.0,-0.0133209228515625,-0.000141143798828125,0.0027790069580078125,0.009999999776482582,-0.50439453125,-0.07598876953125,-0.035369873046875,0.0193328857421875,-0.07025146484375,-0.0229644775390625,-0.290771484375,-0.400390625,0.01477813720703125,-0.0202484130859375,-0.0107574462890625,-0.018341064453125,0.002002716064453125,0.013580322265625,-0.11328125,-0.06658935546875,0.21630859375,-0.00335693359375
42,15,2,44,35,0.0,-0.00319671630859375,0.07110595703125,0.0034027099609375,0.009999999776482582,-0.7900390625,-0.0211639404296875,0.1776123046875,0.0175018310546875,-0.0055084228515625,-0.00040435791015625,0.1365966796875,0.0943603515625,0.08074951171875,0.09344482421875,-0.0279998779296875,-0.001953125,0.0054473876953125,0.270263671875,0.5078125,0.177734375,0.442138671875,0.0086212158203125
43,15,2,40,35,0.0,-0.0041961669921875,0.0758056640625,0.0030975341796875,0.009999999776482582,-0.81982421875,-0.0224456787109375,0.2197265625,0.007694244384765625,-0.0041656494140625,-0.00048065185546875,0.134521484375,0.08099365234375,0.0411376953125,0.0775146484375,-0.050262451171875,-0.00179290771484375,0.0027790069580078125,0.318603515625,0.62744140625,0.23095703125,0.447265625,0.008880615234375
44,15,2,43,35,0.0,-0.003509521484375,0.090576171875,0.0028324127197265625,0.009999999776482582,-0.77099609375,-0.0223236083984375,0.254638671875,0.00850677490234375,-0.0041656494140625,-0.00041961669921875,0.138916015625,0.0904541015625,0.036346435546875,0.08184814453125,-0.040374755859375,-0.0016326904296875,0.00251007080078125,0.32177734375,0.5830078125,0.2265625,0.444580078125,0.0093536376953125
45,15,2,42,35,0.0,-0.00359344482421875,0.08209228515625,0.0023136138916015625,0.009999999776482582,-0.72314453125,-0.0244140625,0.301513671875,0.005817413330078125,-0.004467010498046875,0.0,0.11077880859375,0.08282470703125,0.0330810546875,0.0657958984375,-0.05902099609375,-0.00244903564453125,0.0018377304077148438,0.351318359375,0.6513671875,0.275390625,0.49072265625,0.0118560791015625
46,15,2,41,35,0.0,-0.0036067962646484375,0.08941650390625,0.0028553009033203125,0.009999999776482582,-0.76611328125,-0.0220184326171875,0.2425537109375,0.00959014892578125,-0.004180908203125,0.0,0.1461181640625,0.10235595703125,0.0435791015625,0.0870361328125,-0.039825439453125,-0.001434326171875,0.0028324127197265625,0.355712890625,0.654296875,0.24853515625,0.480224609375,0.01042938232421875
47,15,4,47,35,0.0,0.0,0.0,0.0,0.07999999821186066,0.0,0.0,0.0,0.0,0.0,0.0,0.0,0.0,0.0,0.0,0.0,0.0,0.0,0.0,0.0,0.0,0.0,0.0
48,15,2,45,35,0.0,-0.001720428466796875,0.052459716796875,0.006927490234375,0.009999999776482582,-0.888671875,-0.01214599609375,0.31005859375,0.004230499267578125,-0.0068206787109375,-0.006877899169921875,0.07391357421875,0.02630615234375,0.17626953125,0.049163818359375,-0.051239013671875,-0.004291534423828125,0.00897979736328125,0.05059814453125,0.0202484130859375,0.0887451171875,0.158935546875,0.0019989013671875
49,15,2,54,35,0.0,-0.003429412841796875,0.039215087890625,0.008880615234375,0.009999999776482582,-0.72900390625,-0.041229248046875,0.143798828125,0.0214385986328125,-0.0104827880859375,-0.0184173583984375,-0.1981201171875,-0.032470703125,0.1019287109375,0.045013427734375,-0.015472412109375,-0.005619049072265625,0.005298614501953125,0.0246429443359375,0.011566162109375,-0.016082763671875,-0.06304931640625,0.004791259765625
50,15,2,49,35,0.0,-0.0028553009033203125,0.0272674560546875,0.006561279296875,0.009999999776482582,-0.91552734375,-0.019012451171875,0.16015625,0.00403594970703125,-0.0079345703125,-0.0088043212890625,0.010986328125,-0.02960205078125,0.0740966796875,0.043426513671875,-0.036407470703125,-0.006175994873046875,0.006214141845703125,0.041229248046875,0.010833740234375,0.09197998046875,0.173828125,0.0016117095947265625
51,15,2,51,35,0.0,-0.0027561187744140625,0.02716064453125,0.007038116455078125,0.009999999776482582,-0.87841796875,-0.0214080810546875,0.12017822265625,0.00818634033203125,-0.010284423828125,-0.0093841552734375,-0.01708984375,-0.00872802734375,0.060638427734375,0.051971435546875,-0.022369384765625,-0.005725860595703125,0.005619049072265625,0.038726806640625,0.01256561279296875,0.07818603515625,0.1370849609375,0.0029582977294921875
52,15,1,53,35,0.0,0.0,0.0,0.0,0.009999999776482582,0.0,0.0,0.0,0.0,0.0,0.0,0.0,0.0,0.0,0.0,0.0,0.0,0.0,0.0,0.0,0.0,0.0,0.0
53,15,1,48,35,0.0,0.0,0.0,0.0,0.009999999776482582,0.0,0.0,0.0,0.0,0.0,0.0,0.0,0.0,0.0,0.0,0.0,0.0,0.0,0.0,0.0,0.0,0.0,0.0
54,15,2,46,35,0.0,-0.001628875732421875,0.07916259765625,0.00701141357421875,0.009999999776482582,-0.78955078125,-0.01384735107421875,0.394775390625,0.00760650634765625,-0.00821685791015625,-0.0100250244140625,0.0511474609375,0.025634765625,0.220947265625,0.049163818359375,-0.046417236328125,-0.004062652587890625,0.008575439453125,0.043365478515625,0.0172882080078125,0.0567626953125,0.1021728515625,0.0020751953125
56,15,1,50,35,0.0,0.0,0.0,0.0,0.009999999776482582,0.0,0.0,0.0,0.0,0.0,0.0,0.0,0.0,0.0,0.0,0.0,0.0,0.0,0.0,0.0,0.0,0.0,0.0
57,15,1,55,35,0.0,0.0,0.0,0.0,0.009999999776482582,0.0,0.0,0.0,0.0,0.0,0.0,0.0,0.0,0.0,0.0,0.0,0.0,0.0,0.0,0.0,0.0,0.0,0.0
58,15,2,56,35,0.0,-0.013427734375,0.0041961669921875,0.004642486572265625,0.009999999776482582,-0.830078125,-0.030609130859375,0.1717529296875,0.0111083984375,-0.041290283203125,-0.03399658203125,-0.2218017578125,-0.1634521484375,0.1070556640625,-0.03179931640625,-0.0277099609375,-0.0143585205078125,0.00296783447265625,0.0214385986328125,-0.043731689453125,-0.00311279296875,-0.043212890625,-0.0184783935546875
60,15,2,52,35,0.0,-0.0033359527587890625,0.0086212158203125,0.03302001953125,0.05999999865889549,-0.49365234375,-0.068115234375,-0.036773681640625,0.034210205078125,-0.0294189453125,-0.039215087890625,-0.325439453125,-0.0919189453125,0.0765380859375,0.12152099609375,0.00540924072265625,-0.0034637451171875,0.0115509033203125,0.00661468505859375,-0.01025390625,-0.01520538330078125,-0.212158203125,0.0264739990234375
61,15,4,57,35,0.0,-0.037933349609375,-0.0421142578125,0.00127410888671875,0.009999999776482582,-0.99169921875,-0.0511474609375,0.15625,0.00359344482421875,-0.4453125,-0.0517578125,-0.281005859375,-0.321533203125,0.0667724609375,-0.057281494140625,-0.98681640625,-0.0276947021484375,0.00038433074951171875,0.01123809814453125,-0.09991455078125,-0.341552734375,-0.334228515625,-0.10491943359375
62,15,2,58,35,0.0,-0.002017974853515625,0.071044921875,0.005886077880859375,0.009999999776482582,-0.8515625,-0.0131683349609375,0.3583984375,0.01004791259765625,-0.0091552734375,-0.008392333984375,0.04632568359375,0.0191650390625,0.2286376953125,0.046844482421875,-0.059814453125,-0.004291534423828125,0.00850677490234375,0.05059814453125,0.02587890625,0.06597900390625,0.11859130859375,0.0017986297607421875
63,15,2,59,35,0.0,-0.0020503997802734375,0.05267333984375,0.005489349365234375,0.009999999776482582,-0.86669921875,-0.01467132568359375,0.374267578125,0.006336212158203125,-0.00894927978515625,-0.01097869873046875,0.0,0.00146484375,0.2203369140625,0.034820556640625,-0.0550537109375,-0.006168365478515625,0.0070648193359375,0.043182373046875,0.020660400390625,0.049560546875,0.07843017578125,-0.00016021728515625
