Z_PK,Z_ENT,Z_OPT,ZAGETYPE,ZASSETVISIBLE,ZBALDTYPE,ZCLOUDLOCALSTATE,ZCLOUDNAMESOURCE,ZCLUSTERSEQUENCENUMBER,ZCONFIRMEDFACECROPGENERATIONSTATE,ZEYEMAKEUPTYPE,ZEYESSTATE,ZFACEALGORITHMVERSION,ZFACIALHAIRTYPE,ZGENDERTYPE,ZGLASSESTYPE,ZHAIRCOLORTYPE,ZHASSMILE,ZHIDDEN,ZISINTRASH,ZISLEFTEYECLOSED,ZISRIGHTEYECLOSED,ZLIPMAKEUPTYPE,ZMANUAL,ZNAMESOURCE,ZQUALITYMEASURE,ZSMILETYPE,ZSOURCEHEIGHT,ZSOURCEWIDTH,ZTRAININGTYPE,ZASSET,Z34_ASSET,ZFACECROP,ZFACEGROUP,ZFACEGROUPBEINGKEYFACE,ZFACEPRINT,ZPERSON,ZPERSONBEINGKEYFACE,ZADJUSTMENTVERSION,ZBLURSCORE,ZCENTERX,ZCENTERY,ZLEFTEYEX,ZLEFTEYEY,ZMOUTHX,ZMOUTHY,ZPOSEYAW,ZQUALITY,ZRIGHTEYEX,ZRIGHTEYEY,ZROLL,ZSIZE,ZYAW,ZGROUPINGIDENTIFIER,ZMASTERIDENTIFIER,ZUUID
1,17,5,5,1,3,0,0,14,0,0,2,5,2,1,2,3,0,0,0,0,0,0,0,0,160,1,611,640,0,15,35,,37,37.0,6,45,45.0,606597676.665731,0.0,0.12521785125136375,0.8586550978943706,0.12246035549564183,0.8610800544120066,0.12469392617861678,0.8529220454097355,-0.5491850972175598,0.125,0.12844031121583743,0.863342618482482,0.0,0.023106821373221464,0.0,20200322,,F1FBE7F9-2D48-40CB-AFB6-4994D50C607D
2,17,4,4,1,2,0,0,10,0,0,1,5,1,1,3,6,0,0,0,1,1,0,0,0,6,1,1121,1079,0,14,35,,33,33.0,5,29,29.0,606582556.2506679,0.49636316299438477,0.20834606885910034,0.30907604843378067,0.16152404092880052,0.3072945048292872,0.24930430314848523,0.26304505763341784,0.36426082253456116,0.213134765625,0.22617226659571765,0.3721453494103041,-0.5235987901687622,0.2337574934475556,0.0,20200322,,23EE3BBA-624F-486D-985B-E7BB62686AA0
3,17,4,4,1,2,0,0,11,0,0,2,5,1,1,3,6,0,0,0,0,0,0,0,0,27,1,1121,1079,0,14,35,,30,30.0,4,24,24.0,606582556.2506679,0.4284910559654236,0.2126796469092369,0.8211405649781227,0.16730415434817936,0.8612052537464486,0.20243548599342423,0.772997788720561,-0.4579564332962036,0.33984375,0.2439446777948704,0.8561364065418046,0.0,0.20440359877540426,0.0,20200322,,5E646483-F85A-4A3A-BCD5-210366908D38
4,17,4,5,1,3,0,0,12,0,0,1,5,1,1,3,3,0,0,0,1,1,0,0,0,6,1,1121,1079,0,14,35,,40,,3,38,,606582556.2506679,0.44511836767196655,0.6360969096422195,0.7157140821218491,0.5802716211476463,0.7571418711768563,0.6183247580968065,0.6617666643481398,-0.5354326963424683,0.272705078125,0.6561193668464429,0.7724759569044484,-0.5235987901687622,0.22523603810996057,0.0,20200322,,4F0B909D-636E-4D7C-992B-0C0AD616CAA2
5,17,6,3,1,3,0,0,13,0,0,2,5,1,1,3,3,0,0,0,0,0,0,0,0,21,1,1121,1079,0,14,35,,40,40.0,2,38,38.0,606582556.2506679,0.5657365322113037,0.7810497432947159,0.1823609247803688,0.7383735598667004,0.24629146339308305,0.7690568137523984,0.1294100532075566,-0.8440543413162231,0.327880859375,0.8235602710386458,0.25063002876543683,0.0,0.2611984312534332,0.0,20200322,,EB0F5375-9397-48B4-A5A6-D64126D9C6DF
6,17,4,4,1,2,0,0,8,0,0,1,5,1,1,3,6,0,0,0,1,1,0,0,0,10,2,763,828,0,12,35,,26,26.0,7,25,25.0,606582401.1259888,0.45553141832351685,0.23972952738404274,0.49976030737161636,0.23278400958420278,0.51734714321122,0.2547566659857625,0.4806618650072925,0.7416846752166748,0.259521484375,0.2583948554906282,0.518879104905259,0.0,0.06974671152982735,0.0,20200322,,C4747275-E909-45DF-A00A-7EC83C0BD2C9
7,17,4,4,1,2,0,0,9,0,0,2,5,1,1,1,6,0,0,0,0,0,0,0,0,35,1,763,828,0,12,35,,43,43.0,8,36,36.0,606582401.1259888,0.5571284294128418,0.8205126244574785,0.45987167581915855,0.8082293779717303,0.4756182181714151,0.8174312500203487,0.44610145536631907,-0.4602842628955841,0.270263671875,0.8305783467671476,0.47279962657619257,0.0,0.058960743689378675,0.0,20200322,,C1F2779E-8107-47FA-BC7B-E87B61A58B68
8,17,5,5,1,3,0,0,1,0,0,2,5,1,2,3,2,0,0,0,0,0,0,0,0,61,1,781,1178,0,7,35,,25,25.0,10,28,28.0,606576302.7833607,0.4065955877304077,0.21455879509449005,0.40998290479183197,0.17454949956576854,0.46241735421945407,0.23108587046312312,0.3556211093466799,0.4472595453262329,0.396728515625,0.24601194673267668,0.48792747623022015,0.0,0.19804403739894388,0.0,20200322,,8B9C0BF9-BC31-4EAC-A0D1-42CE74DC2513
9,17,4,5,1,3,0,0,2,0,0,2,5,1,2,3,3,0,0,0,0,0,0,0,0,53,1,781,1178,0,7,35,,24,,9,43,,606576302.7833607,0.47551119327545166,0.3884740099310875,0.5073182880878448,0.36528440151984015,0.5641794623472682,0.38202686877756364,0.45641341215101683,0.11349571496248245,0.33544921875,0.42754837233954135,0.5447627705731075,0.0,0.1558118313550949,0.0,20200322,,E3B3C7ED-FA2D-47C3-96EE-1344C5B57D9F
10,17,4,3,1,3,0,0,6,0,0,2,5,1,2,3,3,0,0,0,0,0,0,0,0,20,1,553,620,0,10,35,,38,38.0,15,26,26.0,606577214.935,0.5011395215988159,0.7635115832090378,0.5282898098230362,0.7289373849981671,0.5721712750653207,0.7596779353312728,0.49437361356816334,-0.2918589115142822,0.4345703125,0.8003627347893267,0.5709052461976913,0.0,0.16085979866404687,0.0,20200322,,8603777C-3C99-488C-BADE-6C6A21251312
11,17,4,5,1,3,0,0,3,0,0,2,5,1,1,3,3,0,0,0,0,0,0,0,0,23,1,553,620,0,10,35,,45,45.0,14,42,42.0,606577214.935,0.43262410163879395,0.2734472192823887,0.8730809539556503,0.2518270138449751,0.9091235527927382,0.26960319332399985,0.8401630723869635,-0.3208172619342804,0.258056640625,0.30958816682380547,0.902302246259211,0.0,0.12251291462490635,0.0,20200322,,0AE103BA-3E2A-444B-A45B-030E6663CCBF
12,17,4,3,1,3,0,0,5,0,0,2,5,1,2,3,2,0,0,0,0,0,0,0,0,26,2,553,620,0,10,35,,41,41.0,13,44,44.0,606577214.935,0.3442623019218445,0.5679039023816586,0.7859214842319489,0.553137534152981,0.8268059227726359,0.5634239799309657,0.7631453727815831,-0.03907975181937218,0.46533203125,0.6049405514107229,0.808591434164835,0.0,0.12279635581278033,0.0,20200322,,E2A644AE-265C-4CA3-95C3-322691022477
13,17,4,5,1,3,0,0,4,0,0,2,5,5,1,3,6,0,0,0,0,0,0,0,0,21,1,553,620,0,10,35,,44,44.0,12,34,34.0,606577214.935,0.4747369885444641,0.3824245482683182,0.5843365341424942,0.36532127919159174,0.6387935589265141,0.38131577180586307,0.5475099796512454,0.3619471490383148,0.4921875,0.42276318052191986,0.6253294406843619,0.0,0.1634129756400662,0.0,20200322,,4FFB63D7-63E7-45AF-80C2-0E1BF37820F4
14,17,4,5,1,3,0,0,7,0,0,1,5,5,1,3,2,0,0,0,1,1,0,0,0,7,1,553,620,0,10,35,,35,35.0,11,41,41.0,606577214.935,0.29727232456207275,0.9517299272119999,0.7580858990550041,0.9367826157141718,0.7776041989846479,0.9624427804089621,0.7281997943168852,-0.24018362164497375,0.187255859375,0.9809278576959328,0.7832818897832912,0.0,0.1124565206948788,0.0,20200322,,E07B9393-AA70-4E88-93CB-843D99080A8F
15,17,4,3,1,3,0,0,15,0,0,2,5,3,1,3,3,0,0,0,0,0,0,0,0,99,2,1257,1000,0,19,35,,32,32.0,16,40,40.0,606619955.4960778,0.5600860714912415,0.494542695581913,0.40146704018116,0.44709563912643474,0.434512703649776,0.49153763995654354,0.3636645120785704,-0.5573533773422241,0.439453125,0.5274899883931548,0.44914542288828696,0.0,0.19017443973674789,0.0,20200323,,0DAF1F5C-A6C6-4DBA-B712-0AE1C9557C85
17,17,4,5,1,3,0,0,19,0,0,2,5,4,1,3,3,0,0,0,0,0,0,0,0,43,1,455,828,0,26,35,,36,36.0,19,39,39.0,606942246.1690487,0.48859572410583496,0.45721088349819183,0.5860375612974167,0.4307057411488968,0.6805228617535342,0.45454679275694226,0.505465006862033,0.1980651468038559,0.427001953125,0.5006743915806902,0.6523708920022009,0.0,0.1962733209349107,0.0,20200326,,46D29E2E-77FE-49A2-B75D-CECD94F42896
18,17,4,3,1,3,0,0,20,0,0,2,5,1,2,3,1,0,0,0,0,0,0,0,0,1,1,455,828,0,26,35,,34,34.0,18,27,27.0,606942246.1690487,1.0,0.7388045266270638,0.5243601277470589,0.7275716928865863,0.5541944983862727,0.7337897275396255,0.4936479996501044,-0.22813959419727325,0.05322265625,0.7570775522485729,0.5412050157490798,-0.5235987901687622,0.07439388556108958,0.0,20200326,,9FADBFB2-BFD9-4D41-AE98-F99126E331D6
19,17,5,5,1,3,0,0,22,0,0,2,5,1,2,3,1,0,0,0,0,0,0,0,0,24,1,1195,1125,0,27,35,,24,24.0,22,43,43.0,606942615.1636992,0.5332642793655396,0.3769003823399544,0.8903532475233078,0.35029286323793335,0.9284713201944608,0.3695038325481356,0.8538759616553521,0.13259118795394897,0.32861328125,0.4170115471443274,0.9156708816118433,0.0,0.16147646307945251,0.0,20200326,,B31CA546-477F-4709-95BD-B7ED9D5F32E3
20,17,4,5,1,3,0,0,23,0,0,2,5,1,1,3,3,0,0,0,0,0,0,0,0,21,1,1195,1125,0,27,35,,42,42.0,21,37,37.0,606942615.1636992,0.5993914008140564,0.4854816123843193,0.3882349729537964,0.4430174548514425,0.4235182751729809,0.4825451670392782,0.35425022288983854,-0.2737065851688385,0.5361328125,0.506966943721165,0.43669338079175546,0.0,0.1806044578552246,0.0,20200326,,79BC9ED0-BB5D-4CDE-A8EB-4522A8EF0B1D
21,17,4,5,1,3,0,0,21,0,0,2,5,1,2,3,2,0,0,0,0,0,0,0,0,26,1,1195,1125,0,27,35,,25,,20,28,,606942615.1636992,0.5049839019775391,0.18706891685724258,0.8209000676870346,0.14107757437217344,0.8578584930857536,0.20284073167950112,0.7832719503183121,0.45606914162635803,0.43994140625,0.21884448681444235,0.8758840575593416,0.0,0.20659169554710388,0.0,20200326,,4EDCD846-7518-4731-B987-B61FB2BD209F
22,17,4,3,1,3,0,0,18,0,0,2,5,1,2,3,1,0,0,0,0,0,0,0,0,160,2,545,720,0,24,35,,27,27.0,23,31,31.0,606941884.1665974,0.0,0.11858812719583511,0.7389592528343201,0.10840754652938694,0.7488095882943737,0.11809885666333853,0.7275243479798945,0.07829564809799194,0.1080322265625,0.12753458658958394,0.7497019027252438,0.0,0.04238717257976532,0.0,20200326,,D22CEF15-5816-4FB1-BD14-38FC14C7227E
23,17,4,4,1,3,0,0,24,0,0,2,5,2,1,3,4,0,0,0,0,0,0,0,0,92,1,898,1125,0,32,35,,28,28.0,24,33,33.0,607807637.8156989,0.5054715871810913,0.39912329614162445,0.44526683539152145,0.37922597296821114,0.4835328359591531,0.3940281107956123,0.3964440167033175,-0.24025380611419678,0.324951171875,0.42638855267595743,0.4766036689053107,0.0,0.12723973949750264,0.0,20200405,,35290BEA-5864-4C27-B81C-3B93BAAECE2B
24,17,4,5,1,3,0,0,25,0,0,2,5,2,1,3,3,0,0,0,0,0,0,0,0,282,1,1306,2212,0,38,35,,39,39.0,25,35,35.0,608389105.1502706,0.35943377017974854,0.5833724774420261,0.4904918894171715,0.5641552540080988,0.5346604543255544,0.581966064989147,0.4569054926340952,-0.1978973150253296,0.2232666015625,0.6084129134795095,0.528371484685398,0.0,0.10875976898086007,0.0,20200412,,5B09AC06-640F-4CBB-AFDA-B199F5261A28
25,17,4,5,1,3,0,0,16,0,0,2,5,5,1,3,3,0,0,0,0,0,0,0,0,36,1,956,828,0,57,35,,29,29.0,27,32,32.0,606865728.105,0.5467296838760376,0.4082721397280693,0.31210021674633026,0.3827500234014248,0.3463483361553763,0.40851013553407856,0.28642664427029985,0.05174317583441734,0.383056640625,0.4361907413844244,0.34389091685243045,0.0,0.12967824935913086,0.0,20200325,,DCE6FE78-5507-46A6-B8B2-B5059D941AB0
26,17,4,5,1,3,0,0,17,0,0,2,5,1,1,1,3,0,0,0,0,0,0,0,0,35,1,956,828,0,57,35,,31,31.0,26,46,46.0,606865728.105,0.5538268089294434,0.6746025420725346,0.3287458308041096,0.6507993366095277,0.35244013214117925,0.6764734928117764,0.31127691991831397,-0.0023876780178397894,0.412841796875,0.6942824146016273,0.35365758628655947,0.0,0.10746214538812637,0.0,20200325,,572BE29E-57B9-45BA-A230-CD2AE8154740
27,17,4,3,1,3,0,0,26,0,0,1,5,2,1,3,1,0,0,0,1,1,0,0,0,40,1,480,914,0,54,35,,46,46.0,28,30,30.0,608394454.0,0.0,0.9406927702948451,0.597130885347724,0.9384455098597139,0.6007871230667117,0.9474624612502717,0.5853067349319496,-0.15447604656219482,0.272705078125,0.9459286307088116,0.6123673850485283,-3.1415927410125732,0.02728018836328185,0.0,20200412,,5456CE3E-93C9-422D-8F26-E02B9E7208A8
