Z_PK,Z_ENT,Z_OPT,ZPERSONBUILDERSTATE,ZUNNAMEDFACECOUNT,ZASSOCIATEDPERSON,ZKEYFACE,ZUUID
24,18,3,0,0,43,19,1E6C534D-B68A-4B73-BEAF-D0A268E6425A
25,18,3,0,0,28,8,3C1050AC-4186-41D9-ABD0-6F03D5EADC0D
26,18,2,0,0,25,6,9A56B538-D913-4C26-BAD1-C8F42236415E
27,18,2,0,0,31,22,EEB91413-8092-47E5-96E3-A822DE8EE37B
28,18,2,0,0,33,23,2EDAE7A7-97DB-4C1B-BF9B-91DEC7946C92
29,18,2,0,0,32,25,10C7C404-7101-47EA-A6B5-B2C0222D73EC
30,18,2,0,0,24,3,73019A38-93FB-4C96-B6D9-F70258CDB095
31,18,2,0,0,46,26,A04C0877-B73E-4AC7-BD2C-80270D03DF67
32,18,2,0,0,40,15,272FB84B-02F3-4143-9FC1-29776C18080B
33,18,2,0,0,29,2,73667059-09D2-4299-830C-0CD5E42DC806
34,18,2,0,0,27,18,07F8EC2D-B348-4D33-80DB-A4B3CDD5344D
35,18,2,0,0,41,14,876FBBFE-CAC1-4C67-A59A-C3C475F9B0CB
36,18,2,0,0,39,17,48F3C17C-8641-4ADC-8FA1-8AB2A3951F69
37,18,2,0,0,45,1,B491408B-2B07-49B0-A787-A40CEC0D3920
38,18,2,0,0,26,10,8430F5BC-7954-410D-8DFB-AE2B33991BA6
39,18,2,0,0,35,24,092054DD-6592-4108-B20A-830B1AC39435
40,18,3,0,0,38,5,8227F594-E11C-47FE-BE57-8EC14750B565
41,18,2,0,0,44,12,65BC5C4C-CCFD-43B8-94A2-4933E21D039E
42,18,2,0,0,37,20,50A653CE-A4F3-4A7D-965A-6EF3718F5A1B
43,18,2,0,0,36,7,623848E7-8892-4B4A-97EB-2B7C175C2183
44,18,2,0,0,34,13,F427CACA-5711-4988-8709-55E009302930
45,18,2,0,0,42,11,6B5235F2-F6BC-45E3-B361-959225D38549
46,18,2,0,0,30,27,3737B6D6-8897-4280-9C60-5CEE21DF9805
