Z_PK,Z_ENT,Z_OPT,ZCACHEDCOUNT,ZCACHEDPHOTOSCOUNT,ZCACHEDVIDEOSCOUNT,ZCLOUDDELETESTATE,ZCLOUDLOCALSTATE,ZCUSTOMSORTASCENDING,ZCUSTOMSORTKEY,ZISPINNED,ZKIND,ZPENDINGITEMSCOUNT,ZPENDINGITEMSTYPE,ZSYNCEVENTORDERKEY,ZTRASHEDSTATE,ZCUSTOMKEYASSET,Z34_CUSTOMKEYASSET,ZKEYASSET,Z34_KEYASSET,ZPARENTFOLDER,ZSECONDARYKEYASSET,Z34_SECONDARYKEYASSET,ZTERTIARYKEYASSET,Z34_TERTIARYKEYASSET,ZCLOUDALBUMSUBTYPE,ZCLOUDMULTIPLECONTRIBUTORSENABLED,ZCLOUDMULTIPLECONTRIBUTORSENABLEDLOCAL,ZCLOUDNOTIFICATIONSENABLED,ZCLOUDOWNEREMAILKEY,ZCLOUDOWNERISWHITELISTED,ZCLOUDPUBLICURLENABLED,ZCLOUDPUBLICURLENABLEDLOCAL,ZCLOUDRELATIONSHIPSTATE,ZCLOUDRELATIONSHIPSTATELOCAL,ZHASUNSEENCONTENT,ZISOWNED,ZUNSEENASSETSCOUNT,ZKEYASSETFACEIDENTIFIER,ZKEYASSETFACETHUMBNAILINDEX,Z_FOK_PARENTFOLDER,ZCREATIONDATE,ZENDDATE,ZSTARTDATE,ZTRASHEDDATE,ZCLOUDCREATIONDATE,ZCLOUDLASTCONTRIBUTIONDATE,ZCLOUDLASTINTERESTINGCHANGEDATE,ZCLOUDSUBSCRIPTIONDATE,ZCLOUDGUID,ZIMPORTSESSIONID,ZTITLE,ZUUID,ZCLOUDOWNERFIRSTNAME,ZCLOUDOWNERFULLNAME,ZCLOUDOWNERHASHEDPERSONID,ZCLOUDOWNERLASTNAME,ZCLOUDPERSONID,ZPUBLICURL,ZPROJECTDOCUMENTTYPE,ZPROJECTEXTENSIONIDENTIFIER,ZPROJECTRENDERUUID,ZCUSTOMQUERYTYPE,ZCLOUDMETADATA,ZUSERQUERYDATA,ZPROJECTDATA,ZCUSTOMQUERYPARAMETERS
1,31,2,0,0,0,0,0,1,0,0,1609,0,1,0,0,,,,,19.0,,,,,,,,,,,,,,,,,,,,30.0,606519592.98387,,,,,,,,,,,C5E83875-3D7B-4120-9395-3F8F9283A067,,,,,,,,,,,,,,
2,31,2,0,0,0,0,0,1,0,0,1628,0,1,0,0,,,,,19.0,,,,,,,,,,,,,,,,,,,,11.0,606519592.994892,,,,,,,,,,,5EF2A1B0-6391-4385-A64C-D5FC65F7C5FD,,,,,,,,,,,,,,
3,26,1,0,0,0,0,0,1,0,0,3572,0,1,0,0,,,,,,,,,,,,,,,,,,,,,,,,,,606519592.9924,,,,,,,,,,progress-ota-restore,254E5BC1-37E8-472C-BF15-D31D76E041F0,,,,,,,,,,,,,,
4,26,1,0,0,0,0,0,1,0,0,3571,0,1,0,0,,,,,,,,,,,,,,,,,,,,,,,,,,606519592.991998,,,,,,,,,,progress-sync,15863DF4-E8B8-4A9C-8980-685180B7B91D,,,,,,,,,,,,,,
5,31,1,0,0,0,0,0,1,0,0,1607,0,1,0,0,,,,,,,,,,,,,,,,,,,,,,,,,,606519592.98318,,,,,,,,,,,91366E0B-1C3F-4406-81F2-E0179FC99651,,,,,,,,,,,,,,
6,31,2,0,0,0,0,0,1,0,0,1614,0,1,0,0,,,,,19.0,,,,,,,,,,,,,,,,,,,,100.0,606519592.986761,,,,,,,,,,,9490A8EB-BC82-4CBF-B2FB-6E502932B30C,,,,,,,,,,,,,,
7,31,2,0,0,0,0,0,1,0,0,1622,0,1,0,0,,,,,19.0,,,,,,,,,,,,,,,,,,,,115.0,606519592.993291,,,,,,,,,,,28E72798-B6A4-4D1D-BBE5-9805427F72E3,,,,,,,,,,,,,,
8,26,2,0,0,0,0,0,1,0,0,4002,0,1,0,0,,,,,19.0,,,,,,,,,,,,,,,,,,,,128.0,606519592.991008,,,,,,,,,,,02E0D63B-EC78-4C58-996F-8D83FAC386FD,,,,,,,,,,,,,,
9,26,2,0,0,0,0,0,1,0,0,4003,0,1,0,0,,,,,19.0,,,,,,,,,,,,,,,,,,,,147.0,606519592.990584,,,,,,,,,,,B92EAA96-CD1B-4DC6-AF82-9B7A493F1F76,,,,,,,,,,,,,,
10,31,2,0,0,0,0,0,1,0,0,1617,0,1,0,0,,,,,19.0,,,,,,,,,,,,,,,,,,,,70.0,606519592.984621,,,,,,,,,,,39EA4D16-6F23-4FE5-8481-5D3173593AB4,,,,,,,,,,,,,,
11,31,1,0,0,0,0,0,1,0,0,1608,0,1,0,0,,,,,,,,,,,,,,,,,,,,,,,,,,606519592.983446,,,,,,,,,,,5D79C096-12E9-467D-B136-D959DFA98F0D,,,,,,,,,,,,,,
12,31,2,0,0,0,0,0,1,0,0,1611,0,1,0,0,,,,,19.0,,,,,,,,,,,,,,,,,,,,270.0,606519592.986968,,,,,,,,,,,B2D990CF-992F-4AE0-8E0A-90FBC9CD908A,,,,,,,,,,,,,,
13,32,2,0,0,0,0,0,1,0,0,4006,0,1,0,0,,,,,19.0,,,,,,,,,,,,,,,,,,,,33.0,606519592.986055,,,,,,,,,,,EC9DEB56-22E5-4113-A306-1684E0783533,,,,,,,,,,,,,,
14,31,2,0,0,0,0,0,1,0,0,1613,0,1,0,0,,,,,19.0,,,,,,,,,,,,,,,,,,,,12.0,606519592.98537,,,,,,,,,,,ED969300-243A-494E-AC5E-03B4668CD43A,,,,,,,,,,,,,,
15,31,1,0,0,0,0,0,1,0,0,1600,0,1,0,0,,,,,,,,,,,,,,,,,,,,,,,,,,606519592.981042,,,,,,,,,,,BEB6935F-D0EE-4AF7-9441-77A939632F91,,,,,,,,,,,,,,
16,31,2,0,0,0,0,0,1,0,0,1610,0,1,0,0,,,,,19.0,,,,,,,,,,,,,,,,,,,,91.0,606519592.984407,,,,,,,,,,,34A11A18-038E-43A3-8F96-E9A86A171BD1,,,,,,,,,,,,,,
17,31,2,0,0,0,0,0,1,0,0,1606,0,1,0,0,,,,,19.0,,,,,,,,,,,,,,,,,,,,60.0,606519592.983666,,,,,,,,,,,D36943C1-006A-4746-9E1B-386665EC955A,,,,,,,,,,,,,,
18,31,2,0,0,0,0,0,1,0,0,1619,0,1,0,0,,,,,19.0,,,,,,,,,,,,,,,,,,,,50.0,606519592.99296,,,,,,,,,,,7AC6F196-B902-4D35-A1B5-BFFC04D56363,,,,,,,,,,,,,,
19,32,8,0,0,0,0,1,1,0,0,3999,0,1,0,0,,,,,,,,,,,,,,,,,,,,,,,,,,606519592.978099,,,,,,,,----Root-Folder----,,,577EA420-8677-4C67-B8D2-394DC11B4884,,,,,,,,,,,,,,
20,31,1,0,0,0,0,0,1,0,0,1602,0,1,0,0,,,,,,,,,,,,,,,,,,,,,,,,,,606519592.99123,,,,,,,,,,,276A8061-1523-4162-97BE-991ACE726255,,,,,,,,,,,,,,
21,31,2,0,0,0,0,0,1,0,0,1623,0,1,0,0,,,,,19.0,,,,,,,,,,,,,,,,,,,,77.0,606519592.993507,,,,,,,,,,,ACA696F3-549E-448F-8544-B051F8547F79,,,,,,,,,,,,,,
22,31,2,0,0,0,0,0,1,0,0,1621,0,1,0,0,,,,,19.0,,,,,,,,,,,,,,,,,,,,75.0,606519592.986545,,,,,,,,,,,CAC7AF80-FCCE-45EE-AA6A-62B8AF941165,,,,,,,,,,,,,,
23,31,2,0,0,0,0,0,1,0,0,1618,0,1,0,0,,,,,19.0,,,,,,,,,,,,,,,,,,,,110.0,606519592.984825,,,,,,,,,,,155DB412-7BA0-4E07-8976-032C350F4410,,,,,,,,,,,,,,
24,32,2,0,0,0,0,0,1,0,0,4004,0,1,0,0,,,,,19.0,,,,,,,,,,,,,,,,,,,,141.0,606519592.985596,,,,,,,,,,,C7FE95BD-3BDB-4094-B748-4ADDFC21FDEB,,,,,,,,,,,,,,
25,31,1,0,0,0,0,0,1,0,0,1625,0,1,0,0,,,,,,,,,,,,,,,,,,,,,,,,,,606519592.994101,,,,,,,,,,,A02BC44A-EBC8-4C2E-B29F-D7085AFA5EF5,,,,,,,,,,,,,,
26,31,2,0,0,0,0,0,1,0,0,1627,0,1,0,0,,,,,19.0,,,,,,,,,,,,,,,,,,,,112.0,606519592.994572,,,,,,,,,,,AC88E613-DB5A-40CF-9AB4-7EFA33308192,,,,,,,,,,,,,,
27,26,4,0,0,0,0,0,1,0,0,3573,0,1,0,0,,,,,,,,,,,,,,,,,,,,,,,,,,606519592.992708,,,,,,,,,,progress-fs-import,E64FC8C3-F599-4B74-A9EF-2B21D4A7D2CB,,,,,,,,,,,,,,
28,32,2,0,0,0,0,0,1,0,0,4005,0,1,0,0,,,,,19.0,,,,,,,,,,,,,,,,,,,,161.0,606519592.985804,,,,,,,,,,,19034B5D-C90C-4467-A346-7F1BEF5EA04D,,,,,,,,,,,,,,
29,31,2,0,0,0,0,0,1,0,0,1624,0,1,0,0,,,,,19.0,,,,,,,,,,,,,,,,,,,,275.0,606519592.993791,,,,,,,,,,,434752C2-DAED-499D-BE91-50F6C9E2E64D,,,,,,,,,,,,,,
30,31,2,0,0,0,0,0,1,0,0,1605,0,1,0,0,,,,,19.0,,,,,,,,,,,,,,,,,,,,80.0,606519592.98273,,,,,,,,,,,49643B2E-54D5-4313-8C26-DA2AA56CDB02,,,,,,,,,,,,,,
31,26,2,0,0,0,0,0,1,0,0,4001,0,1,0,0,,,,,19.0,,,,,,,,,,,,,,,,,,,,153.0,606519592.988402,,,,,,,,,,,3F5A79C0-2D8F-4221-BA23-2F4DD2FBC771,,,,,,,,,,,,,,
32,31,2,0,0,0,0,0,1,0,0,1615,0,1,0,0,,,,,19.0,,,,,,,,,,,,,,,,,,,,92.0,606519592.984122,,,,,,,,,,,A0E1789E-5374-4727-AEAF-3E3375B1E24E,,,,,,,,,,,,,,
33,31,2,0,0,0,0,0,1,0,0,1620,0,1,0,0,,,,,19.0,,,,,,,,,,,,,,,,,,,,76.0,606519592.986267,,,,,,,,,,,2B8606BD-D341-4F52-AF52-741B8ADFC671,,,,,,,,,,,,,,
34,31,2,0,0,0,0,0,1,0,0,1552,0,1,0,0,,,,,19.0,,,,,,,,,,,,,,,,,,,,170.0,606519592.991431,,,,,,,,,,,03AC0ED9-C209-40D6-A677-B3DE65CE1A8D,,,,,,,,,,,,,,
35,32,1,0,0,0,0,0,1,0,0,3998,0,1,0,0,,,,,,,,,,,,,,,,,,,,,,,,,,606519592.979877,,,,,,,,,,,8B49A2C5-0EF6-4CDA-9674-E08A166A71D5,,,,,,,,,,,,,,
36,31,2,0,0,0,0,0,1,0,0,1616,0,1,0,0,,,,,19.0,,,,,,,,,,,,,,,,,,,,15.0,606519592.985127,,,,,,,,,,,739DEB9D-DCDB-4188-9729-A65EB406576C,,,,,,,,,,,,,,
37,31,2,0,0,0,0,0,1,0,0,1612,0,1,0,0,,,,,19.0,,,,,,,,,,,,,,,,,,,,280.0,606519592.991728,,,,,,,,,,,BC4DD4EC-F9FB-4CB0-A881-CAF8B38B8081,,,,,,,,,,,,,,
38,31,2,0,0,0,0,0,1,0,0,1626,0,1,0,0,,,,,19.0,,,,,,,,,,,,,,,,,,,,285.0,606519592.994338,,,,,,,,,,,D7E68047-A8B5-4417-8AF0-573A0E98A4A8,,,,,,,,,,,,,,
39,26,12,3,3,0,0,1,1,0,0,2,0,1,0,0,,,12.0,35.0,19.0,13.0,35.0,14.0,35.0,,,,,,,,,,,,,,,,24576.0,606582401.049068,606582556.2506679,606582401.1259888,,,,,,1B27FC0E-4038-4595-B52E-2BB89B547FD0,,Imgur,1B27FC0E-4038-4595-B52E-2BB89B547FD0,,,,,,,,,,,,,,
40,26,9,2,2,0,0,1,1,0,0,2,0,1,0,0,,,28.0,35.0,19.0,29.0,35.0,,,,,,,,,,,,,,,,,,25600.0,606962281.147714,606962280.0,606962280.0,,,,,,C8373F26-565D-4DEB-85C6-7D3129B2782E,,WhatsApp,C8373F26-565D-4DEB-85C6-7D3129B2782E,,,,,,,,,,,,,,
