Z_PK,Z_ENT,Z_OPT,ZKIND,ZMETADATA,ZTAG,ZHASPROCESS,ZBILLCYCLEEND,ZTIMESTAMP,ZWIFIIN,ZWIFIOUT,ZWWANIN,ZWWANOUT
2,5,5452,255,0,1,32,,606519546.380537,0.0,0.0,1878404189.0,0.0
4,5,7,0,0,1,34,,606519805.551831,0.0,0.0,2813.0,1242.0
5,5,22,0,0,1,35,,606519809.577647,0.0,0.0,217109.0,203359.0
8,5,12,0,0,1,38,,606519854.556089,0.0,0.0,34751.0,14862.0
9,5,1,0,0,1,39,,606519854.573973,0.0,0.0,5269.0,2231.0
11,5,13,0,0,1,41,,606519855.658624,0.0,0.0,10532.0,4933.0
13,5,2,0,0,1,43,,606519855.686877,0.0,0.0,6097.0,2208.0
14,5,80,0,0,1,44,,606519855.691126,0.0,0.0,784011.0,401840.0
17,5,9,0,0,1,47,,606519855.725475,0.0,0.0,60708.0,24249.0
18,5,2,0,0,1,48,,606519855.987347,0.0,0.0,2348.0,1726.0
19,5,191,0,0,1,49,,606519856.0875,0.0,0.0,83380.0,46086.0
24,5,6,0,0,1,54,,606519858.437116,0.0,0.0,34213.0,9229.0
25,5,3,0,0,1,55,,606519858.440696,0.0,0.0,21543.0,2907.0
26,5,399,0,0,1,56,,606519858.445738,0.0,0.0,1299995151.0,34417514.0
28,5,19,0,0,1,58,,606519858.453146,0.0,0.0,431923.0,60120.0
29,5,110,0,0,1,59,,606519858.456451,0.0,0.0,845614.0,371669.0
31,5,12,0,0,1,61,,606519973.455231,0.0,0.0,36897.0,26369.0
34,5,21,0,0,1,64,,606520063.675844,0.0,0.0,129520.0,67082.0
35,5,49,0,0,1,65,,606520063.70541,0.0,0.0,447224.0,222396.0
36,5,18,0,0,1,66,,606520064.423917,0.0,0.0,98174.0,77800.0
37,5,12,0,0,1,67,,606520064.427162,0.0,0.0,73647.0,26483.0
39,5,2,0,0,1,69,,606520081.89006,0.0,0.0,173002.0,16771.0
40,5,12,0,0,1,70,,606520083.785667,0.0,0.0,91204.0,65831.0
41,5,6,0,0,1,71,,606520084.138174,0.0,0.0,71800.0,39015.0
42,5,4,0,0,1,72,,606520084.153583,0.0,0.0,36553.0,16949.0
44,5,6,0,0,1,74,,606520085.687165,0.0,0.0,26863.0,13735.0
46,5,3,0,0,1,76,,606520086.692058,0.0,0.0,6763.0,24737.0
49,5,10,0,0,1,79,,606520095.143507,0.0,0.0,56834.0,25060.0
50,5,23,0,0,1,80,,606520097.798629,0.0,0.0,83414.0,53811.0
51,5,5,0,0,1,81,,606520110.919671,0.0,0.0,13108.0,5646.0
52,5,13,0,0,1,82,,606520111.292023,0.0,0.0,176712.0,31139.0
54,5,3,0,0,1,84,,606520156.084351,0.0,0.0,759211.0,56720.0
57,5,33,0,0,1,87,,606520156.09453,0.0,0.0,281973.0,237510.0
58,5,10,0,0,1,88,,606520156.097156,0.0,0.0,72254.0,64291.0
59,5,15,0,0,1,89,,606520156.09931,0.0,0.0,81384.0,29773.0
60,5,7,0,0,1,90,,606520156.102717,0.0,0.0,51616.0,17783.0
61,5,6,0,0,1,91,,606520158.65022,0.0,0.0,35066.0,22560.0
62,5,2,0,0,1,92,,606520159.160681,0.0,0.0,22286.0,6414.0
63,5,3,0,0,1,93,,606520159.276551,0.0,0.0,19420.0,8408.0
64,5,57,0,0,1,94,,606520161.73367,0.0,0.0,25041.0,8991.0
65,5,6,0,0,1,95,,606520162.563356,0.0,0.0,53444.0,33675.0
66,5,22,0,0,1,96,,606520162.697406,0.0,0.0,113121.0,122574.0
67,5,80,0,0,1,97,,606520163.534082,0.0,0.0,1580609.0,731365.0
68,5,61,0,0,1,98,,606520163.553231,0.0,0.0,742684.0,489100.0
69,5,47,0,0,1,99,,606520163.560518,0.0,0.0,382942.0,205846.0
70,5,5,0,0,1,100,,606520163.569559,0.0,0.0,36789.0,29847.0
71,5,2,0,0,1,101,,606520163.575357,0.0,0.0,10392.0,6810.0
73,5,1,0,0,1,103,,606520169.424182,0.0,0.0,6892.0,3034.0
75,5,12,0,0,1,105,,606520174.802042,0.0,0.0,264412.0,52173.0
76,5,9,0,0,1,106,,606520178.047863,0.0,0.0,168123.0,36046.0
78,5,7,0,0,1,108,,606520179.639653,0.0,0.0,186022.0,52163.0
80,5,14,0,0,1,110,,606520179.71365,0.0,0.0,275625.0,238312.0
81,5,4,0,0,1,111,,606520179.752722,0.0,0.0,28947.0,22971.0
82,5,5,0,0,1,112,,606520179.773911,0.0,0.0,3042.0,1150.0
83,5,3,0,0,1,113,,606520179.780989,0.0,0.0,11757.0,6676.0
84,5,3,0,0,1,114,,606520181.108081,0.0,0.0,1181.0,706.0
85,5,3,0,0,1,115,,606520183.485137,0.0,0.0,191757.0,20298.0
87,5,4,0,0,1,117,,606520183.880324,0.0,0.0,1256.0,810.0
89,5,1,0,0,1,119,,606520186.980162,0.0,0.0,4713.0,3525.0
90,5,4,0,0,1,120,,606520205.63204,0.0,0.0,47303.0,21569.0
91,5,20,0,0,1,121,,606520209.326081,0.0,0.0,12128.0,4624.0
92,5,28,0,0,1,122,,606520211.301214,0.0,0.0,361749.0,144958.0
93,5,9,0,0,1,123,,606520211.309726,0.0,0.0,211331.0,35522.0
94,5,2,0,0,1,124,,606520218.640245,0.0,0.0,6506.0,2883.0
95,5,5,0,0,1,125,,606520233.976282,0.0,0.0,82739.0,56269.0
96,5,2,0,0,1,126,,606520382.632243,0.0,0.0,1598.0,752.0
97,5,6,0,0,1,127,,606520385.948282,0.0,0.0,435697.0,56504.0
98,5,1,0,0,1,128,,606520421.621712,0.0,0.0,2350.0,1724.0
99,5,11,0,0,1,129,,606520458.0448,0.0,0.0,3019.0,1311.0
100,5,41,0,0,1,130,,606520458.551872,0.0,0.0,18239.0,5862.0
101,5,2,0,0,1,131,,606520482.805088,0.0,0.0,1684.0,613.0
102,5,2,0,0,1,132,,606520482.853412,0.0,0.0,46756.0,10809.0
104,5,1,0,0,1,134,,606520692.435572,0.0,0.0,222.0,140.0
105,5,5,0,0,1,135,,606520699.248112,0.0,0.0,97360.0,114586.0
107,5,11,0,0,1,137,,606520996.436183,0.0,0.0,95480.0,63484.0
108,5,8,0,0,1,138,,606521030.142306,0.0,0.0,29954.0,17870.0
109,5,8,0,0,1,139,,606521030.157731,0.0,0.0,34240.0,23236.0
110,5,1,0,0,1,140,,606521814.950855,0.0,0.0,9199.0,3734.0
111,5,2,0,0,1,141,,606524546.404727,0.0,0.0,92412.0,8494.0
112,5,3,0,0,1,142,,606524572.831345,0.0,0.0,13456.0,4728.0
113,5,2,0,0,1,143,,606524585.047198,0.0,0.0,1175.0,860.0
114,5,8,0,0,1,144,,606524585.067377,0.0,0.0,63281.0,67408.0
115,5,8,0,0,1,145,,606524630.251308,0.0,0.0,37767.0,25061.0
116,5,4,0,0,1,146,,606524728.17674,0.0,0.0,29122.0,18914.0
117,5,2,0,0,1,147,,606525167.661413,0.0,0.0,11016.0,6902.0
118,5,7,0,0,1,148,,606530933.672008,0.0,0.0,4038.0,3024.0
119,5,10,0,0,1,149,,606530934.388787,0.0,0.0,197324.0,150513.0
120,5,1,0,0,1,150,,606530936.199546,0.0,0.0,3902.0,1980.0
122,5,5,0,0,1,152,,606530971.641399,0.0,0.0,32572.0,14661.0
123,5,8,0,0,1,153,,606530997.917187,0.0,0.0,58686.0,23940.0
124,5,2,0,0,1,154,,606531064.164713,0.0,0.0,59565.0,16489.0
125,5,3,0,0,1,155,,606531070.337971,0.0,0.0,41122.0,35503.0
126,5,5,0,0,1,156,,606531094.477524,0.0,0.0,32500.0,12889.0
127,5,13,0,0,1,157,,606531094.482052,0.0,0.0,49291.0,23296.0
128,5,18,0,0,1,158,,606531125.922857,0.0,0.0,99825.0,30720.0
129,5,1,0,0,1,159,,606531128.221788,0.0,0.0,4547.0,5448.0
131,5,17,0,0,1,161,,606531133.466467,0.0,0.0,85943.0,68336.0
132,5,2,0,0,1,162,,606531142.050076,0.0,0.0,13716.0,9911.0
133,5,14,0,0,1,163,,606531146.37714,0.0,0.0,67767.0,408467.0
134,5,48,0,0,1,164,,606531146.380007,0.0,0.0,37639908.0,1742308.0
136,5,7,0,0,1,166,,606531164.798777,0.0,0.0,17278.0,16870.0
137,5,3,0,0,1,167,,606531182.108032,0.0,0.0,7574.0,3508.0
139,5,2,0,0,1,169,,606531415.934347,0.0,0.0,13607.0,5908.0
141,5,15,0,0,1,171,,606531455.537303,0.0,0.0,70221.0,67845.0
142,5,10,0,0,1,172,,606531480.23226,0.0,0.0,50017.0,27206.0
143,5,5,0,0,1,173,,606531483.289363,0.0,0.0,54309.0,18681.0
145,5,4,0,0,1,175,,606531489.324959,0.0,0.0,21763.0,9193.0
146,5,3,0,0,1,176,,606531489.349301,0.0,0.0,340961.0,47091.0
147,5,5,0,0,1,177,,606531505.205032,0.0,0.0,56845.0,16032.0
149,5,1,0,0,1,179,,606531526.650636,0.0,0.0,9079.0,6963.0
150,5,1,0,0,1,180,,606532130.730538,0.0,0.0,2350.0,1730.0
151,5,1,0,0,1,181,,606532133.542577,0.0,0.0,828.0,500.0
152,5,1,0,0,1,182,,606532136.022047,0.0,0.0,8920.0,3043.0
153,5,1,0,0,1,183,,606532137.028739,0.0,0.0,9052.0,3006.0
154,5,1,0,0,1,184,,606532285.276445,0.0,0.0,665193.0,96115.0
156,5,1,0,0,1,186,,606532374.92064,0.0,0.0,7128.0,3846.0
158,5,2,0,0,1,188,,606532438.520933,0.0,0.0,198289.0,28495.0
159,5,252,0,0,1,189,,606532584.592246,0.0,0.0,16360753.0,3561330.0
160,5,5,0,0,1,190,,606532593.618146,0.0,0.0,545.0,664.0
161,5,10,0,0,1,191,,606532596.905044,0.0,0.0,1426158.0,181504.0
162,5,14,0,0,1,192,,606532598.25907,0.0,0.0,50238.0,30671.0
163,5,2,0,0,1,193,,606532598.267499,0.0,0.0,41975.0,6686.0
164,5,1,0,0,1,194,,606532679.48797,0.0,0.0,13879.0,6161.0
165,5,37,0,0,1,195,,606533327.174778,0.0,0.0,4941142.0,375543.0
166,5,5,0,0,1,196,,606533327.179367,0.0,0.0,40189.0,8958.0
167,5,1,0,0,1,197,,606535220.939068,0.0,0.0,11157.0,3318.0
168,5,1,0,0,1,198,,606535253.062416,0.0,0.0,213.0,110.0
169,5,7,0,0,1,199,,606536924.585424,0.0,0.0,50052.0,18128.0
171,5,4,0,0,1,201,,606538632.247286,0.0,0.0,143846.0,37619.0
172,5,16,0,0,1,202,,606539126.054272,0.0,0.0,10208.0,4147.0
173,5,30,0,0,1,203,,606539126.117529,0.0,0.0,387415.0,3040369.0
174,5,4,0,0,1,204,,606539127.939385,0.0,0.0,126080.0,46136.0
175,5,4,0,0,1,205,,606539129.850375,0.0,0.0,39557.0,30632.0
176,5,4,0,0,1,206,,606539138.102526,0.0,0.0,18464.0,14757.0
180,5,18,0,0,1,210,,606575013.206652,0.0,0.0,9421.0,5634.0
181,5,38,0,0,1,211,,606575013.698645,0.0,0.0,11603547.0,1167231.0
182,5,1,0,0,1,212,,606575014.021704,0.0,0.0,1175.0,860.0
183,5,2,0,0,1,213,,606575085.468944,0.0,0.0,842372.0,82943.0
184,5,27,0,0,1,214,,606578406.792723,0.0,0.0,6677.0,6194.0
185,5,36,0,0,1,215,,606578476.270758,0.0,0.0,5004524.0,1605539.0
186,5,10,0,0,1,216,,606578579.120523,0.0,0.0,937194.0,95842.0
187,5,54,0,0,1,217,,606581971.747199,0.0,0.0,20987.0,12239.0
188,5,1,0,0,1,218,,606581973.216312,0.0,0.0,1839.0,1231.0
189,5,141,0,0,1,219,,606581973.31134,0.0,0.0,45061512.0,3045170.0
190,5,13,0,0,1,220,,606582029.197308,0.0,0.0,3102060.0,275109.0
191,5,87,0,0,1,221,,606582039.262209,0.0,0.0,114007059.0,3366467.0
192,5,5,0,0,1,222,,606582426.916091,0.0,0.0,926878.0,45097.0
195,5,2,0,0,1,225,,606590658.023529,0.0,0.0,8978.0,6276.0
196,5,14,0,0,1,226,,606595063.022167,0.0,0.0,5521.0,3440.0
197,5,36,0,0,1,227,,606595064.412751,0.0,0.0,15820543.0,662197.0
198,5,5,0,0,1,228,,606595570.158054,0.0,0.0,28270.0,20203.0
206,5,3,0,0,1,229,,606621373.271836,0.0,0.0,12204.0,15216.0
223,5,4,0,0,1,231,,606794252.476771,0.0,0.0,6336.0,23244.0
245,5,3,0,0,1,233,,606880272.187231,0.0,0.0,43603.0,52451.0
274,5,1,0,0,1,234,,607028507.700426,0.0,0.0,2157.0,1134.0
275,5,4,0,0,1,235,,607028510.103736,0.0,0.0,46479.0,29962.0
277,5,1,0,0,1,236,,607028550.194341,0.0,0.0,14819.0,5875.0
289,5,1,0,0,1,239,,607123643.928897,0.0,0.0,558.0,278.0
305,5,5,0,0,1,240,,607277048.757458,0.0,0.0,1452.0,1645.0
307,5,2,0,0,1,241,,607277055.554232,0.0,0.0,14913.0,8634.0
350,5,29,0,0,1,242,,607455918.490598,0.0,0.0,5599490.0,867884.0
351,5,15,0,0,1,243,,607455919.491241,0.0,0.0,148186.0,76431.0
353,5,3,0,0,1,244,,607455945.742855,0.0,0.0,15106.0,20039.0
359,5,17,0,0,1,68,,607513361.985174,0.0,0.0,320.0,5778.0
360,5,12,0,0,1,46,,607519734.285405,0.0,0.0,309558.0,412093.0
361,5,10,0,0,1,73,,607519710.226566,0.0,0.0,22346.0,13769.0
362,5,2,0,0,1,53,,607519735.423196,0.0,0.0,8362.0,5694.0
363,5,2,0,0,1,62,,607520444.350614,0.0,0.0,11080.0,4935.0
364,5,1,0,0,1,45,,607520446.638834,0.0,0.0,10840.0,7541.0
365,5,11,0,0,1,36,,607522864.163694,0.0,0.0,3151.0,6311.0
366,5,5,0,0,1,133,,607527286.991916,0.0,0.0,0.0,13803.0
367,5,8,0,0,1,85,,607527541.477542,0.0,0.0,51273.0,12271.0
368,5,2,0,0,1,40,,607527541.589499,0.0,0.0,20466.0,3567.0
369,5,2,0,0,1,189,,607527541.134201,0.0,0.0,130110.0,27804.0
370,5,2,0,0,1,49,,607527540.994929,0.0,0.0,3401.0,1176.0
371,5,1,0,0,1,192,,607527544.721447,0.0,0.0,2053.0,2700.0
372,5,4,0,0,1,230,,607534633.331798,0.0,0.0,332.0,388.0
373,5,2,0,0,1,59,,607564940.265139,0.0,0.0,0.0,1376.0
374,5,7,0,0,1,83,,607564940.232602,0.0,0.0,1070.0,2790.0
375,5,2,0,0,1,165,,607564940.179294,0.0,0.0,0.0,1528.0
376,5,1,0,0,1,60,,607564972.554853,0.0,0.0,0.0,4072.0
377,5,15,0,0,1,33,,607564982.843413,0.0,0.0,2760.0,1248.0
378,5,6,0,0,1,68,,607600895.934529,0.0,0.0,558.0,4616.0
379,5,2,0,0,1,107,,607606115.509415,0.0,0.0,226.0,478.0
380,5,3,0,0,1,73,,607606115.469395,0.0,0.0,56.0,930.0
381,5,12,0,0,1,46,,607606175.074478,0.0,0.0,245959.0,335005.0
382,5,5,0,0,1,36,,607610892.780607,0.0,0.0,362.0,1318.0
383,5,8,0,0,1,133,,607633326.672105,0.0,0.0,120.0,11493.0
384,5,5,0,0,1,232,,607635543.247723,0.0,0.0,2512.0,31380.0
385,5,7,0,0,1,83,,607690456.815472,0.0,0.0,1336.0,1314.0
386,5,6,0,0,1,33,,607690470.098944,0.0,0.0,1152.0,576.0
387,5,24,0,0,1,46,,607700227.029396,0.0,0.0,167907.0,284605.0
388,5,44,0,0,1,85,,607700227.211107,0.0,0.0,1693392.0,303615.0
389,5,50,0,0,1,36,,607700226.76565,0.0,0.0,1802082.0,1811643.0
390,5,8,0,0,1,40,,607709809.127706,0.0,0.0,88688.0,38877.0
391,5,27,0,0,1,68,,607709806.999638,0.0,0.0,382020.0,208960.0
392,5,7,0,0,1,86,,607709810.372009,0.0,0.0,33476.0,22030.0
393,5,65,0,0,1,73,,607709810.367236,0.0,0.0,297583.0,211611.0
394,5,6,0,0,1,70,,607709810.573726,0.0,0.0,55953.0,31108.0
395,5,46,0,0,1,50,,607709810.575709,0.0,0.0,1699473.0,196569.0
396,5,2,0,0,1,245,,607709810.380329,0.0,0.0,367.0,485.0
397,5,2,0,0,1,93,,607709810.574757,0.0,0.0,9997.0,7330.0
398,5,6,0,0,1,90,,607709810.585708,0.0,0.0,57724.0,17443.0
399,5,3,0,0,1,246,,607709810.581537,0.0,0.0,23428.0,21847.0
400,5,2,0,0,1,187,,607709811.163829,0.0,0.0,360.0,464.0
401,5,7,0,0,1,42,,607709810.591309,0.0,0.0,87626.0,15427.0
402,5,12,0,0,1,75,,607709810.595673,0.0,0.0,62304.0,20339.0
403,5,16,0,0,1,247,,607709810.588902,0.0,0.0,14388.0,9274.0
404,5,9,0,0,1,185,,607709811.790677,0.0,0.0,53253.0,28500.0
405,5,7,0,0,1,51,,607709813.908006,0.0,0.0,33220.0,12192.0
406,5,22,0,0,1,248,,607709813.915016,0.0,0.0,306673.0,241849.0
407,5,18,0,0,1,53,,607709816.964039,0.0,0.0,246357.0,91215.0
408,5,1,0,0,1,57,,607709816.619591,0.0,0.0,43172.0,6907.0
409,5,7,0,0,1,96,,607709816.647443,0.0,0.0,35168.0,42047.0
410,5,4,0,0,1,44,,607709816.571559,0.0,0.0,43046.0,12315.0
411,5,5,0,0,1,80,,607709816.639192,0.0,0.0,21246.0,11546.0
412,5,3,0,0,1,64,,607709816.691938,0.0,0.0,26379.0,8348.0
413,5,2,0,0,1,142,,607709816.676408,0.0,0.0,19094.0,6713.0
414,5,8,0,0,1,137,,607709816.974708,0.0,0.0,41813.0,37071.0
415,5,5,0,0,1,45,,607709816.580911,0.0,0.0,50364.0,51083.0
416,5,1,0,0,1,136,,607709816.47091,0.0,0.0,7383.0,5428.0
417,5,6,0,0,1,62,,607709816.569859,0.0,0.0,62606.0,41316.0
418,5,11,0,0,1,145,,607709867.196538,0.0,0.0,39355.0,40187.0
419,5,12,0,0,1,133,,607725741.514423,0.0,0.0,176504.0,137907.0
420,5,9,0,0,1,52,,607726344.175633,0.0,0.0,39845.0,21140.0
421,5,65,0,0,1,207,,607726406.159957,0.0,0.0,30201.0,15513.0
422,5,2,0,0,1,141,,607726408.637029,0.0,0.0,67868.0,7001.0
423,5,1,0,0,1,91,,607726411.002971,0.0,0.0,8206.0,4380.0
424,5,1,0,0,1,249,,607726422.388786,0.0,0.0,778.0,399.0
425,5,2,0,0,1,250,,607726422.658323,0.0,0.0,18332.0,8466.0
426,5,1,0,0,1,120,,607729766.229767,0.0,0.0,17150.0,5969.0
427,5,26,0,0,1,237,,607729798.556644,0.0,0.0,16709.0,7502.0
428,5,37,0,0,1,238,,607729806.009155,0.0,0.0,1763321.0,404201.0
429,5,3,0,0,1,82,,607729809.61637,0.0,0.0,34357.0,7053.0
430,5,1,0,0,1,66,,607729809.824309,0.0,0.0,7772.0,5040.0
431,5,85,0,0,1,242,,607729809.779612,0.0,0.0,7164569.0,1537828.0
432,5,4,0,0,1,251,,607729809.748924,0.0,0.0,80632.0,21965.0
433,5,3,0,0,1,59,,607729809.828129,0.0,0.0,32831.0,20178.0
434,5,7,2,0,1,252,,607729822.576786,0.0,0.0,5559771.0,822911.0
435,5,2,0,0,1,169,,607729835.577481,0.0,0.0,12424.0,3700.0
436,5,3,0,0,1,47,,607729835.564474,0.0,0.0,14275.0,4919.0
437,5,2,0,0,1,54,,607729835.562921,0.0,0.0,8874.0,3227.0
438,5,4,0,0,1,87,,607729844.534872,0.0,0.0,28391.0,21751.0
439,5,3,0,0,1,105,,607729889.429523,0.0,0.0,67512.0,17392.0
440,5,8,0,0,1,244,,607729904.392947,0.0,0.0,61402.0,51646.0
441,5,2,0,0,1,139,,607729904.382674,0.0,0.0,8996.0,5451.0
442,5,2,0,0,1,253,,607729904.395418,0.0,0.0,34874.0,16253.0
443,5,2,0,0,1,196,,607729922.361593,0.0,0.0,9785.0,3218.0
444,5,3,0,0,1,254,,607729922.363388,0.0,0.0,3022060.0,1514.0
445,5,37,0,0,1,243,,607730494.858248,0.0,0.0,419582.0,201538.0
446,5,3,0,0,1,204,,607730864.567134,0.0,0.0,24902.0,48135.0
447,5,5,0,0,1,230,,607742012.206215,0.0,0.0,372.0,372.0
448,5,8,0,0,1,33,,607779769.244843,0.0,0.0,1464.0,672.0
449,5,10,0,0,1,46,,607800390.265664,0.0,0.0,100920.0,127798.0
450,5,13,0,0,1,36,,607807169.375612,0.0,0.0,6010.0,7835.0
451,5,4,0,0,1,83,,607807169.389699,0.0,0.0,1474.0,1140.0
452,5,23,0,0,1,85,,607807169.397104,0.0,0.0,205474.0,82338.0
453,5,20,0,0,1,50,,607811569.43555,0.0,0.0,101010.0,45027.0
454,5,74,0,0,1,73,,607811696.795056,0.0,0.0,323045.0,319083.0
455,5,7,0,0,1,60,,607811957.76768,0.0,0.0,4108.0,2396.0
456,5,1,0,0,1,117,,607812140.661658,0.0,0.0,391.0,210.0
457,5,1,0,0,1,119,,607812143.408129,0.0,0.0,4805.0,8223.0
458,5,2,0,0,1,107,,607812141.929046,0.0,0.0,59521.0,18619.0
459,5,4,0,0,1,146,,607812163.875091,0.0,0.0,18225.0,10778.0
460,5,1,0,0,1,62,,607812230.668701,0.0,0.0,10424.0,7231.0
461,5,19,0,0,1,133,,607812237.244836,0.0,0.0,267236.0,24126.0
462,5,3,0,0,1,45,,607812412.485872,0.0,0.0,9894.0,5989.0
463,5,4,0,0,1,247,,607812418.301949,0.0,0.0,3342.0,2038.0
464,5,2,0,0,1,248,,607812434.360967,0.0,0.0,36228.0,27993.0
465,5,1,0,0,1,255,,607812609.372465,0.0,0.0,8826.0,6139.0
466,5,1,0,0,1,207,,607812818.046717,0.0,0.0,1066.0,430.0
467,5,2,0,0,1,75,,607812821.577489,0.0,0.0,14789.0,8301.0
468,5,1,0,0,1,51,,607812821.055332,0.0,0.0,4225.0,1418.0
474,5,1,0,0,1,77,,606520086.698608,0.0,0.0,264383.0,173236.0
476,5,1,0,0,1,232,,607822438.079974,0.0,0.0,192.0,4672.0
477,5,2,0,0,1,256,,607829002.486971,0.0,0.0,3208.0,2864.0
478,5,2,0,0,1,37,,607883748.137251,0.0,0.0,456.0,456.0
479,5,1,0,0,1,187,,607883747.936281,0.0,0.0,92.0,176.0
480,5,4,0,0,1,133,,607898831.566243,0.0,0.0,40.0,339.0
487,5,6,0,0,1,36,,607906112.869921,0.0,0.0,229720.0,226618.0
488,5,1,0,0,1,83,,607906112.864975,0.0,0.0,88.0,159.0
489,5,157,0,0,1,46,,607906112.879149,0.0,0.0,192935.0,481755.0
490,5,3,0,0,1,73,,607906114.080176,0.0,0.0,127286.0,17219.0
491,5,1,0,0,1,62,,607911945.749193,0.0,0.0,15343.0,7493.0
492,5,1,0,0,1,50,,607911945.894401,0.0,0.0,73429.0,5728.0
493,5,1,0,0,1,59,,607911945.887623,0.0,0.0,14744.0,4011.0
494,5,1,0,0,1,53,,607911945.750499,0.0,0.0,16118.0,13733.0
495,5,1,0,0,1,42,,607911945.441323,0.0,0.0,46433.0,8808.0
496,5,1,0,0,1,44,,607911945.884948,0.0,0.0,16622.0,3987.0
497,5,2,0,0,1,33,,607911945.434298,0.0,0.0,528.0,240.0
498,5,1,0,0,1,75,,607911965.053252,0.0,0.0,9827.0,1942.0
499,5,3,0,0,1,68,,607912008.160462,0.0,0.0,0.0,213.0
500,5,7,0,0,1,145,,607912014.339176,0.0,0.0,3336.0,40828.0
501,5,3,0,0,1,230,,607956209.650453,0.0,0.0,248.0,248.0
505,5,1,0,0,1,42,,606519855.676637,0.0,0.0,115110.0,29437.0
511,5,23,0,0,1,68,,607999476.009207,0.0,0.0,10865.0,84981.0
512,5,10,0,0,1,46,,608001220.061566,0.0,0.0,203463.0,204230.0
513,5,1,0,0,1,247,,608044470.312179,0.0,0.0,975.0,891.0
514,5,1,0,0,1,248,,608044471.000806,0.0,0.0,5354.0,7916.0
515,5,9,0,0,1,36,,608044470.326514,0.0,0.0,3944.0,4611.0
516,5,7,0,0,1,83,,608044470.319938,0.0,0.0,1280.0,1391.0
517,5,3,0,0,1,230,,608044470.335414,0.0,0.0,164.0,164.0
518,5,5,0,0,1,85,,608044475.405883,0.0,0.0,84281.0,15137.0
519,5,15,0,0,1,33,,608054868.87134,0.0,0.0,2136.0,912.0
520,5,2,0,0,1,200,,608063907.343144,0.0,0.0,1786.0,542.0
521,5,1,0,0,1,257,,608063913.812407,0.0,0.0,112602.0,21071.0
524,5,1,0,0,1,37,,606830621.065092,0.0,0.0,8667.0,7420.0
534,5,1,0,0,1,104,,606520173.132223,0.0,0.0,19689.0,21102.0
542,5,4,0,0,1,107,,608077325.156716,0.0,0.0,510605.0,61864.0
543,5,12,0,0,1,46,,608103538.940344,0.0,0.0,198577.0,232740.0
544,5,3,0,0,1,145,,608121098.012613,0.0,0.0,768.0,13984.0
545,5,9,0,0,1,68,,608122145.835203,0.0,0.0,587.0,17023.0
546,5,1,0,0,1,59,,608143586.542658,0.0,0.0,418.0,249.0
547,5,7,0,0,1,36,,608143586.397022,0.0,0.0,1783.0,2173.0
548,5,2,0,0,1,83,,608143586.372131,0.0,0.0,548.0,517.0
549,5,7,0,0,1,85,,608143586.60213,0.0,0.0,98915.0,25337.0
564,5,1,0,0,1,178,,606531523.497087,0.0,0.0,823248.0,65572.0
565,5,1,0,0,1,200,,606536972.569484,0.0,0.0,1754.0,948.0
567,5,11,0,0,1,133,,608174246.787146,0.0,0.0,0.0,5682.0
568,5,98,0,0,1,33,,608177096.925793,0.0,0.0,17172.0,8640.0
569,5,2,0,0,1,224,,608209911.287744,0.0,0.0,1400.0,4952.0
570,5,9,0,0,1,46,,608209911.008316,0.0,0.0,95311.0,137297.0
571,5,2,0,0,1,45,,608209911.279564,0.0,0.0,0.0,1456.0
572,5,4,0,0,1,235,,608209911.21549,0.0,0.0,32542.0,11808.0
573,5,1,0,0,1,248,,608209911.203237,0.0,0.0,92.0,104.0
574,5,2,0,0,1,247,,608209910.957855,0.0,0.0,1441.0,1133.0
575,5,2,0,0,1,234,,608209910.913005,0.0,0.0,474.0,775.0
576,5,3,0,0,1,53,,608209911.149459,0.0,0.0,28379.0,19068.0
577,5,2,0,0,1,107,,608209911.049783,0.0,0.0,7773.0,16094.0
578,5,1,0,0,1,223,,608209911.081499,0.0,0.0,76.0,60.0
579,5,2,0,0,1,232,,608209940.587108,0.0,0.0,384.0,12096.0
580,5,10,0,0,1,60,,608209948.420793,0.0,0.0,866.0,1600.0
581,5,1,0,0,1,258,,608220703.794127,0.0,0.0,130.0,70.0
582,5,1,0,0,1,259,,608220706.316596,0.0,0.0,4875.0,2346.0
583,5,24,0,0,1,36,,608241622.780818,0.0,0.0,10566.0,8494.0
584,5,6,0,0,1,85,,608241623.291655,0.0,0.0,126282.0,20951.0
585,5,6,0,0,1,83,,608241937.54616,0.0,0.0,11930.0,3946.0
588,5,1,0,0,1,45,,606519855.700117,0.0,0.0,797052.0,319414.0
593,5,1,0,0,1,86,,606520156.091404,0.0,0.0,67110.0,49834.0
595,5,1,0,0,1,116,,607046837.857046,0.0,0.0,8477.0,7099.0
596,5,1,0,0,1,118,,607046842.009707,0.0,0.0,216280.0,70815.0
603,5,25,0,0,1,133,,608260899.647997,0.0,0.0,14292.0,49613.0
604,5,16,0,0,1,60,,608297716.359965,0.0,0.0,6865.0,3486.0
605,5,26,0,0,1,46,,608297716.384058,0.0,0.0,243485.0,318685.0
606,5,26,0,0,1,247,,608320095.238208,0.0,0.0,12289.0,7278.0
607,5,22,0,0,1,248,,608320108.985088,0.0,0.0,299854.0,238371.0
608,5,16,0,0,1,50,,608320389.597577,0.0,0.0,92404.0,39891.0
609,5,23,0,0,1,107,,608320389.606342,0.0,0.0,1960077.0,181190.0
610,5,13,0,0,1,62,,608320530.152597,0.0,0.0,79889.0,31663.0
611,5,4,0,0,1,51,,608320533.743949,0.0,0.0,25183.0,9101.0
612,5,3,0,0,1,187,,608320645.122579,0.0,0.0,764.0,498.0
613,5,5,0,0,1,75,,608320649.858774,0.0,0.0,36259.0,13886.0
614,5,1,0,0,1,188,,608320663.099406,0.0,0.0,99876.0,14656.0
615,5,3,0,0,1,146,,608320667.011433,0.0,0.0,9358.0,5376.0
616,5,3,0,0,1,130,,608320666.13833,0.0,0.0,1608.0,642.0
617,5,1,0,0,1,40,,608320669.082701,0.0,0.0,15606.0,2021.0
618,5,2,0,0,1,98,,608320669.637414,0.0,0.0,64738.0,35674.0
619,5,1,0,0,1,102,,608320668.876469,0.0,0.0,10664.0,2751.0
620,5,10,0,0,1,214,,608320675.37473,0.0,0.0,4466.0,3207.0
621,5,1,0,0,1,54,,608320675.594793,0.0,0.0,11393.0,3009.0
622,5,1,0,0,1,104,,608320701.296635,0.0,0.0,0.0,104.0
623,5,9,0,0,1,215,,608320705.083515,0.0,0.0,187018.0,120152.0
624,5,1,0,0,1,105,,608320711.023345,0.0,0.0,42267.0,8052.0
625,5,3,0,0,1,216,,608320715.68011,0.0,0.0,875026.0,59416.0
626,5,7,0,0,1,185,,608320715.703579,0.0,0.0,38565.0,29502.0
627,5,2,0,0,1,101,,608320715.693514,0.0,0.0,9959.0,6348.0
628,5,1,0,0,1,121,,608320917.761221,0.0,0.0,383.0,211.0
629,5,17,0,0,1,53,,608320918.986979,0.0,0.0,110625.0,55754.0
630,5,2,0,0,1,260,,608320917.903568,0.0,0.0,498629.0,82415.0
631,5,2,0,0,1,123,,608320920.797709,0.0,0.0,42395.0,7467.0
632,5,2,0,0,1,122,,608320920.792642,0.0,0.0,0.0,1128.0
633,5,99,0,0,1,73,,608320939.768259,0.0,0.0,514114.0,297773.0
634,5,8,0,0,1,261,,608321022.298774,0.0,0.0,4859.0,2264.0
635,5,14,0,0,1,262,,608321022.887526,0.0,0.0,2445118.0,226938.0
636,5,5,0,0,1,59,,608321033.423563,0.0,0.0,31579.0,9687.0
637,5,4,0,0,1,263,,608321043.461898,0.0,0.0,12707.0,8977.0
638,5,2,0,0,1,264,,608321043.468826,0.0,0.0,11203.0,4562.0
639,5,5,0,0,1,265,,608321109.432346,0.0,0.0,4949.0,2159.0
640,5,10,0,0,1,266,,608321111.035001,0.0,0.0,4869038.0,408497.0
641,5,3,0,0,1,267,,608321128.733951,0.0,0.0,178073.0,25940.0
642,5,6,0,0,1,229,,608321166.170309,0.0,0.0,310172.0,98719.0
643,5,2,0,0,1,268,,608321165.035992,0.0,0.0,1743.0,656.0
644,5,4,0,0,1,269,,608321174.321502,0.0,0.0,95001.0,26142.0
645,5,2,0,0,1,270,,608321206.101063,0.0,0.0,661.0,355.0
646,5,3,0,0,1,271,,608321211.565118,0.0,0.0,18500.0,10955.0
647,5,12,0,0,1,272,,608321246.129071,0.0,0.0,14372.0,7570.0
648,5,14,0,0,1,273,,608321249.608163,0.0,0.0,464359.0,278473.0
649,5,1,0,0,1,274,,608321253.26446,0.0,0.0,1175.0,864.0
650,5,4,0,0,1,275,,608321259.013069,0.0,0.0,362055.0,49365.0
651,5,2,0,0,1,276,,608321281.297469,0.0,0.0,21972.0,9036.0
652,5,4,0,0,1,277,,608321314.843499,0.0,0.0,1628.0,750.0
653,5,4,0,0,1,278,,608321316.061891,0.0,0.0,74385.0,23292.0
654,5,6,0,0,1,279,,608321319.805979,0.0,0.0,124255.0,70855.0
655,5,5,0,0,1,202,,608321500.049196,0.0,0.0,4798.0,1830.0
656,5,14,0,0,1,45,,608321499.02469,0.0,0.0,71133.0,48957.0
657,5,2,0,0,1,38,,608321502.3233,0.0,0.0,9618.0,3751.0
658,5,4,0,0,1,71,,608321502.706367,0.0,0.0,12609.0,11188.0
659,5,26,0,0,1,203,,608321502.76397,0.0,0.0,1289588.0,29189117.0
660,5,16,0,0,1,255,,608321503.523539,0.0,0.0,157315.0,181108.0
661,5,1,0,0,1,152,,608321511.998238,0.0,0.0,9661.0,3813.0
662,5,6,0,0,1,280,,608321661.497256,0.0,0.0,2136.0,1959.0
663,5,8,0,0,1,233,,608321666.189739,0.0,0.0,40650.0,24558.0
664,5,3,0,0,1,281,,608321668.61286,0.0,0.0,24329.0,16487.0
665,5,58,0,0,1,282,,608321762.825057,0.0,0.0,31258.0,16463.0
666,5,66,0,0,1,283,,608321762.96195,0.0,0.0,10068655.0,1398999.0
667,5,2,0,0,1,284,,608322024.891657,0.0,0.0,11829.0,7504.0
668,5,1,0,0,1,223,,608322125.973633,0.0,0.0,244.0,120.0
669,5,5,0,0,1,285,,608322198.585789,0.0,0.0,2809.0,1694.0
670,5,3,0,0,1,286,,608322209.941399,0.0,0.0,12790.0,9915.0
671,5,5,0,0,1,287,,608322212.274129,0.0,0.0,84853.0,33059.0
672,5,2,0,0,1,224,,608322278.026132,0.0,0.0,296.0,1024.0
673,5,3,0,0,1,288,,608322493.304954,0.0,0.0,2357.0,1370.0
674,5,9,0,0,1,289,,608322494.474063,0.0,0.0,86727.0,34548.0
675,5,5,0,0,1,290,,608322504.192117,0.0,0.0,4580.0,2378.0
676,5,7,0,0,1,291,,608322504.358982,0.0,0.0,590731.0,134943.0
677,5,1,0,0,1,292,,608322504.807457,0.0,0.0,1175.0,864.0
678,5,3,0,0,1,80,,608322507.610893,0.0,0.0,17018.0,8495.0
679,5,1,0,0,1,293,,608322510.087227,0.0,0.0,252.0,102.0
680,5,6,0,0,1,294,,608322532.252235,0.0,0.0,7057.0,3226.0
681,5,15,0,0,1,256,,608322532.738581,0.0,0.0,641962.0,175547.0
682,5,2,0,0,1,295,,608322535.124089,0.0,0.0,20221.0,9418.0
683,5,4,0,0,1,296,,608322535.128684,0.0,0.0,16767.0,9617.0
684,5,2,0,0,1,297,,608322535.149484,0.0,0.0,16368.0,5918.0
685,5,1,0,0,1,298,,608322535.747704,0.0,0.0,2460.0,1115.0
686,5,1,0,0,1,299,,608322538.606485,0.0,0.0,5307.0,3132.0
687,5,12,0,0,1,300,,608322556.851273,0.0,0.0,24015.0,10875.0
688,5,26,0,0,1,301,,608322558.352583,0.0,0.0,21567090.0,370018.0
689,5,12,0,0,1,239,,608322560.716355,0.0,0.0,2939.0,2026.0
690,5,22,0,0,1,302,,608322560.936204,0.0,0.0,192565.0,87902.0
691,5,2,0,0,1,303,,608322564.406907,0.0,0.0,12046.0,4904.0
692,5,5,0,0,1,304,,608322572.489695,0.0,0.0,260886.0,47879.0
693,5,17,0,0,1,305,,608322886.220685,0.0,0.0,7130.0,2985.0
694,5,1,0,0,1,306,,608322886.456359,0.0,0.0,4064.0,1252.0
695,5,51,0,0,1,307,,608322886.503535,0.0,0.0,762710.0,374630.0
696,5,8,0,0,1,308,,608322888.324307,0.0,0.0,26923.0,23415.0
697,5,24,0,0,1,96,,608322888.810636,0.0,0.0,209211.0,312190.0
698,5,10,0,0,1,93,,608322974.226784,0.0,0.0,59546.0,38282.0
699,5,3,0,0,1,72,,608322975.541954,0.0,0.0,25293.0,16935.0
700,5,5,0,0,1,91,,608322976.680663,0.0,0.0,33672.0,33345.0
701,5,4,0,0,1,258,,608323098.923123,0.0,0.0,1553.0,1249.0
702,5,4,0,0,1,259,,608323104.832468,0.0,0.0,29239.0,23074.0
703,5,4,0,0,1,309,,608323598.302241,0.0,0.0,3469.0,2084.0
704,5,3,0,0,1,310,,608323598.958641,0.0,0.0,104286.0,71657.0
705,5,2,0,0,1,311,,608323599.080044,0.0,0.0,6999.0,34977.0
706,5,2,0,0,1,201,,608323677.206639,0.0,0.0,102425.0,26464.0
713,5,12,0,0,1,33,,608337236.079304,0.0,0.0,2280.0,1056.0
714,5,37,0,0,1,133,,608351720.982497,0.0,0.0,196722.0,126877.0
715,5,12,0,0,1,230,,608352445.247621,0.0,0.0,602670.0,49700.0
716,5,49,0,0,1,46,,608391710.570777,0.0,0.0,351804.0,580275.0
717,5,51,0,0,1,36,,608392417.312027,0.0,0.0,595101.0,599086.0
718,5,2,0,0,1,83,,608392417.299819,0.0,0.0,826.0,333.0
719,5,5,0,0,1,60,,608392417.447523,0.0,0.0,16973.0,7168.0
720,5,3,0,0,1,312,,608392417.379947,0.0,0.0,529.0,275.0
721,5,11,0,0,1,237,,608392535.260768,0.0,0.0,7144.0,2890.0
722,5,31,0,0,1,85,,608392535.214087,0.0,0.0,443767.0,205020.0
723,5,1,0,0,1,313,,608392536.941905,0.0,0.0,1175.0,860.0
724,5,18,0,0,1,238,,608392540.332649,0.0,0.0,997646.0,179812.0
725,5,2,0,0,1,251,,608392540.341859,0.0,0.0,16416.0,7590.0
726,5,24,0,0,1,242,,608392551.66463,0.0,0.0,3942245.0,524748.0
727,5,20,0,0,1,207,,608392549.125902,0.0,0.0,11896.0,6766.0
728,5,12,0,0,1,243,,608392556.194636,0.0,0.0,234689.0,71302.0
729,5,2,0,0,1,244,,608392566.234595,0.0,0.0,18293.0,22566.0
730,5,3,0,0,1,253,,608392566.228702,0.0,0.0,36798.0,21669.0
731,5,3,0,0,1,117,,608392763.504628,0.0,0.0,750.0,466.0
732,5,1,0,0,1,314,,608393122.986377,0.0,0.0,223.0,146.0
733,5,1,0,0,1,315,,608393152.51912,0.0,0.0,51370.0,4514.0
734,5,1,0,0,1,257,,608393201.347475,0.0,0.0,20461.0,6461.0
735,5,1,0,0,1,200,,608393200.95969,0.0,0.0,636.0,268.0
736,5,3,0,0,1,316,,608393372.495333,0.0,0.0,11924.0,6242.0
737,5,4,0,0,1,206,,608394240.741892,0.0,0.0,9366.0,6605.0
738,5,1,0,0,1,317,,608394372.218886,0.0,0.0,538.0,372.0
739,5,3,0,0,1,318,,608394373.768762,0.0,0.0,66917.0,8698.0
740,5,3,0,0,1,196,,608397993.108003,0.0,0.0,748.0,1804.0
741,5,1,0,0,1,319,,608398106.409143,0.0,0.0,1864.0,7020.0
742,5,1,0,0,1,320,,608404619.00377,0.0,0.0,513.0,354.0
743,5,8,0,0,1,50,,608407377.022051,0.0,0.0,1485010.0,113762.0
744,5,4,0,0,1,82,,608407376.976479,0.0,0.0,60976.0,9185.0
745,5,1,0,0,1,40,,608407377.001542,0.0,0.0,13146.0,2082.0
746,5,8,0,0,1,73,,608407380.40581,0.0,0.0,53476.0,27989.0
747,5,1,0,0,1,49,,608407380.26425,0.0,0.0,646.0,201.0
748,5,6,0,0,1,44,,608407380.292994,0.0,0.0,45934.0,17490.0
749,5,2,0,0,1,141,,608407381.048433,0.0,0.0,130862.0,9422.0
750,5,2,0,0,1,174,,608407380.552697,0.0,0.0,11132.0,5861.0
751,5,11,0,0,1,53,,608407385.914928,0.0,0.0,175502.0,65461.0
752,5,4,0,0,1,42,,608407388.095192,0.0,0.0,74676.0,9080.0
753,5,4,0,0,1,64,,608407395.564609,0.0,0.0,26121.0,8497.0
754,5,3,0,0,1,66,,608407395.552923,0.0,0.0,8586.0,6720.0
755,5,2,0,0,1,47,,608407395.557936,0.0,0.0,14533.0,4672.0
756,5,2,0,0,1,151,,608407413.23026,0.0,0.0,16246.0,2458.0
757,5,2,0,0,1,52,,608407448.504544,0.0,0.0,8106.0,5562.0
758,5,3,0,0,1,68,,608407502.099618,0.0,0.0,1374.0,572.0
759,5,8,0,0,1,62,,608407594.211734,0.0,0.0,87559.0,60214.0
760,5,1,0,0,1,86,,608407593.77522,0.0,0.0,339.0,138.0
761,5,4,0,0,1,59,,608407594.325948,0.0,0.0,27376.0,7320.0
762,5,4,0,0,1,75,,608407594.323936,0.0,0.0,26403.0,17052.0
763,5,4,0,0,1,321,,608407594.305807,0.0,0.0,28474.0,12091.0
764,5,3,0,0,1,120,,608407597.910927,0.0,0.0,20438.0,9295.0
765,5,20,0,0,1,247,,608407597.222264,0.0,0.0,13728.0,16921.0
766,5,11,0,0,1,248,,608407597.91447,0.0,0.0,245730.0,251783.0
767,5,2,0,0,1,78,,608407599.823624,0.0,0.0,8913.0,4545.0
768,5,2,0,0,1,88,,608407599.862416,0.0,0.0,10504.0,7691.0
769,5,2,0,0,1,136,,608407599.864977,0.0,0.0,8831.0,9498.0
770,5,4,0,0,1,70,,608407599.842477,0.0,0.0,22618.0,7323.0
771,5,1,0,0,1,57,,608407601.277976,0.0,0.0,40038.0,4709.0
772,5,1,0,0,1,145,,608407699.317047,0.0,0.0,868.0,936.0
773,5,2,0,0,1,38,,608408523.957481,0.0,0.0,4108.0,1529.0
774,5,1,0,0,1,187,,608408523.689175,0.0,0.0,92.0,176.0
775,5,2,0,0,1,51,,608409873.137828,0.0,0.0,9000.0,3429.0
776,5,1,0,0,1,41,,608410301.662662,0.0,0.0,540.0,205.0
777,5,6,0,0,1,322,,608410317.564301,0.0,0.0,11336.0,5274.0
778,5,1,0,0,1,323,,608410318.592833,0.0,0.0,1715.0,1365.0
779,5,6,0,0,1,324,,608410318.619722,0.0,0.0,481108.0,192189.0
780,5,2,0,0,1,71,,608410320.08436,0.0,0.0,11969.0,7817.0
781,5,2,0,0,1,80,,608410320.072714,0.0,0.0,6599.0,3787.0
782,5,2,0,0,1,325,,608410320.08643,0.0,0.0,18448.0,6628.0
783,5,2,0,0,1,58,,608410320.119977,0.0,0.0,42388.0,7456.0
784,5,2,0,0,1,232,,608410320.117976,0.0,0.0,17689.0,17080.0
785,5,1,0,0,1,326,,608410326.966578,0.0,0.0,8376.0,5017.0
786,5,6,0,0,1,107,,608410435.67983,0.0,0.0,266162.0,70222.0
787,5,2,0,0,1,106,,608410435.433618,0.0,0.0,900.0,1712.0
788,5,7,0,0,1,45,,608410719.89835,0.0,0.0,14481.0,79001.0
789,5,2,0,0,1,87,,608410793.436734,0.0,0.0,26893.0,17808.0
798,5,1,0,0,1,129,,608431055.952997,0.0,0.0,478.0,259.0
799,5,1,0,0,1,54,,608431059.404974,0.0,0.0,14075.0,3285.0
800,5,1,0,0,1,99,,608431058.429362,0.0,0.0,20963.0,10339.0
801,5,3,0,0,1,133,,608444231.966777,0.0,0.0,40.0,3874.0
802,5,4,0,0,1,230,,608466406.409662,0.0,0.0,372.0,372.0
803,5,6,0,0,1,33,,608466778.494381,0.0,0.0,1200.0,624.0
804,5,19,0,0,1,46,,608478877.765923,0.0,0.0,217251.0,356083.0
805,5,11,0,0,1,85,,608484925.67042,0.0,0.0,60543.0,21843.0
806,5,15,0,0,1,36,,608484925.433431,0.0,0.0,75076.0,77518.0
807,5,2,0,0,1,89,,608484926.30515,0.0,0.0,215.0,381.0
812,5,1,0,0,1,62,,606519987.264855,0.0,0.0,670367.0,477046.0
816,5,1,0,0,1,133,,607311661.111595,0.0,0.0,260780.0,527720.0
819,5,1,0,0,1,42,,608498174.490072,0.0,0.0,37549.0,4445.0
820,5,14,0,0,1,327,,608498358.192677,0.0,0.0,280.0,37065.0
821,5,1,0,0,1,256,,608499094.354587,0.0,0.0,216.0,176.0
822,5,4,0,0,1,83,,608499411.176154,0.0,0.0,1224.0,1012.0
823,5,1,0,0,1,223,,608499411.386376,0.0,0.0,244.0,120.0
824,5,11,0,0,1,247,,608499411.183952,0.0,0.0,5337.0,9984.0
825,5,2,0,0,1,187,,608499411.191114,0.0,0.0,180.0,352.0
826,5,2,0,0,1,224,,608506873.87571,0.0,0.0,120.0,944.0
827,5,2,0,0,1,248,,608511813.163506,0.0,0.0,20062.0,8717.0
828,5,3,0,0,1,232,,608519693.369137,0.0,0.0,5552.0,33540.0
829,5,2,0,0,1,60,,608553138.372258,0.0,0.0,376.0,992.0
830,5,8,0,0,1,230,,608560948.239358,0.0,0.0,632.0,940.0
831,5,3,0,0,1,133,,608565266.084256,0.0,0.0,40.0,213.0
832,5,22,0,0,1,46,,608576148.376123,0.0,0.0,388896.0,611598.0
833,5,27,0,0,1,36,,608582545.612844,0.0,0.0,8695.0,14255.0
834,5,17,0,0,1,85,,608582545.589798,0.0,0.0,365091.0,59881.0
835,5,2,0,0,1,328,,608582545.655479,0.0,0.0,9360.0,4696.0
836,5,1,0,0,1,258,,608582545.685401,0.0,0.0,272.0,140.0
838,5,1,0,0,1,40,,607350102.012891,0.0,0.0,925849.0,776679.0
839,5,1,0,0,1,46,,607371523.010747,0.0,0.0,2989903.0,4734204.0
840,5,1,0,0,1,50,,607372189.872608,0.0,0.0,3909089.0,462472.0
841,5,1,0,0,1,51,,606519856.775969,0.0,0.0,1645069.0,332669.0
842,5,1,0,0,1,53,,606519858.396834,0.0,0.0,2439351.0,1049515.0
843,5,1,0,0,1,57,,606519858.450343,0.0,0.0,920839.0,215859.0
845,5,1,0,0,1,73,,607372274.817801,0.0,0.0,15224852.0,1357709.0
846,5,1,0,0,1,75,,607379080.857507,0.0,0.0,574602.0,726105.0
848,5,1,0,0,1,102,,607350101.330289,0.0,0.0,104225.0,27510.0
849,5,1,0,0,1,107,,607372926.45242,0.0,0.0,3880265.0,469647.0
850,5,1,0,0,1,136,,606520918.927688,0.0,0.0,365183.0,290913.0
851,5,1,0,0,1,151,,607372200.744734,0.0,0.0,567374.0,437522.0
852,5,1,0,0,1,174,,607371608.402763,0.0,0.0,87397.0,44827.0
853,5,1,0,0,1,185,,606532294.313661,0.0,0.0,5946517.0,451385.0
855,5,1,0,0,1,223,,606582909.20463,0.0,0.0,5560.0,6185.0
856,5,1,0,0,1,224,,606583055.628534,0.0,0.0,2443917.0,6041970.0
858,5,14,0,0,1,247,,608596460.301009,0.0,0.0,6920.0,6281.0
859,5,14,0,0,1,329,,608598703.001009,0.0,0.0,9112.0,15453.0
860,5,27,0,0,1,327,,608599409.90453,0.0,0.0,495753.0,543087.0
861,5,9,0,0,1,83,,608600769.043906,0.0,0.0,2600.0,1382.0
862,5,1,0,0,1,330,,608600768.964815,0.0,0.0,512.0,335.0
863,5,9,0,0,1,40,,608600771.157995,0.0,0.0,117863.0,118040.0
864,5,52,0,0,1,33,,608641155.837723,0.0,0.0,9960.0,4560.0
865,5,8,0,0,1,151,,608647458.38172,0.0,0.0,90579.0,88074.0
866,5,4,0,0,1,102,,608659377.115733,0.0,0.0,10934.0,2986.0
867,5,15,0,0,1,50,,608659460.373418,0.0,0.0,562089.0,73104.0
868,5,4,0,0,1,165,,608659654.78837,0.0,0.0,23285.0,7230.0
869,5,22,0,0,1,73,,608659677.238076,0.0,0.0,118976.0,77468.0
870,5,10,0,0,1,207,,608659776.121261,0.0,0.0,6669.0,3347.0
871,5,2,0,0,1,141,,608659778.602735,0.0,0.0,70123.0,7619.0
872,5,3,0,0,1,107,,608659831.533759,0.0,0.0,413049.0,59750.0
873,5,2,0,0,1,52,,608660139.84064,0.0,0.0,18220.0,9285.0
874,5,3,0,0,1,51,,608660174.300175,0.0,0.0,471.0,390.0
875,5,4,0,0,1,62,,608660173.803772,0.0,0.0,35004.0,16899.0
876,5,2,0,0,1,320,,608660178.872699,0.0,0.0,972.0,1170.0
877,5,4,0,0,1,230,,608660178.868363,0.0,0.0,484.0,1044.0
878,5,2,0,0,1,120,,608660178.995188,0.0,0.0,20642.0,6262.0
879,5,6,0,0,1,237,,608660178.931582,0.0,0.0,4932.0,1693.0
880,5,3,0,0,1,82,,608660181.234047,0.0,0.0,58396.0,10131.0
881,5,12,0,0,1,242,,608660184.337676,0.0,0.0,309316.0,75883.0
882,5,3,0,0,1,53,,608660184.328784,0.0,0.0,14958.0,9861.0
883,5,10,0,0,1,238,,608660184.32591,0.0,0.0,1044603.0,158412.0
884,5,2,0,0,1,251,,608660184.654587,0.0,0.0,44793.0,8028.0
885,5,8,0,0,1,243,,608660184.334099,0.0,0.0,65589.0,26762.0
886,5,2,0,0,1,196,,608660184.379557,0.0,0.0,9668.0,3087.0
887,5,1,0,0,1,254,,608660184.529876,0.0,0.0,4407227.0,2124.0
888,5,3,0,0,1,253,,608660185.807794,0.0,0.0,15638.0,12426.0
889,5,3,0,0,1,57,,608660191.042709,0.0,0.0,92017.0,20322.0
890,5,4,0,0,1,168,,608660190.718883,0.0,0.0,85402.0,24049.0
891,5,2,0,0,1,244,,608660195.81937,0.0,0.0,13909.0,10626.0
892,5,3,0,0,1,89,,608660193.908025,0.0,0.0,20574.0,6522.0
893,5,2,0,0,1,45,,608660216.431794,0.0,0.0,9631.0,5691.0
894,5,3,0,0,1,331,,608660281.586144,0.0,0.0,24569.0,7065.0
895,5,2,0,0,1,170,,608660314.141212,0.0,0.0,8152.0,2531.0
896,5,5,0,0,1,136,,608660426.863531,0.0,0.0,28924.0,22866.0
897,5,4,0,0,1,139,,608660459.577035,0.0,0.0,357153.0,109755.0
898,5,2,0,0,1,90,,608660543.508599,0.0,0.0,47462.0,13246.0
899,5,1,0,0,1,33,,607431972.459063,0.0,0.0,52740.0,24624.0
900,5,1,0,0,1,36,,607435056.548067,0.0,0.0,77685.0,193952.0
901,5,1,0,0,1,52,,606519858.393365,0.0,0.0,1821053.0,202879.0
902,5,1,0,0,1,60,,607456824.87233,0.0,0.0,989547.0,387440.0
903,5,1,0,0,1,63,,606520063.671607,0.0,0.0,386998.0,262390.0
904,5,1,0,0,1,68,,607426894.252161,0.0,0.0,1017551.0,1406332.0
905,5,1,0,0,1,78,,606520093.950649,0.0,0.0,207422.0,119494.0
906,5,1,0,0,1,83,,607455027.739578,0.0,0.0,111628.0,86897.0
907,5,1,0,0,1,85,,607435059.462108,0.0,0.0,2689482.0,651671.0
908,5,1,0,0,1,109,,606520179.700703,0.0,0.0,46014.0,31560.0
909,5,1,0,0,1,160,,607455276.942127,0.0,0.0,276857.0,280060.0
910,5,1,0,0,1,165,,607455027.69828,0.0,0.0,696437.0,250905.0
911,5,1,0,0,1,168,,607455320.567002,0.0,0.0,444996.0,95905.0
912,5,1,0,0,1,170,,607455659.50987,0.0,0.0,80660.0,20594.0
913,5,1,0,0,1,187,,607455266.650157,0.0,0.0,1974.0,2971.0
914,5,1,0,0,1,207,,606539193.656372,0.0,0.0,9497.0,5707.0
915,5,1,0,0,1,208,,606562785.723169,0.0,0.0,18022.0,6482.0
916,5,1,0,0,1,209,,606574958.319536,0.0,0.0,100788.0,51169.0
917,5,1,0,0,1,230,,607435056.584895,0.0,0.0,2662.0,1932.0
918,5,1,0,0,1,232,,607461214.439001,0.0,0.0,16247.0,62593.0
919,5,1,0,0,1,237,,607029014.860036,0.0,0.0,3284.0,1179.0
920,5,1,0,0,1,238,,607029056.340228,0.0,0.0,153325.0,99470.0
921,5,4,0,0,1,232,,608675154.469092,0.0,0.0,50085.0,60899.0
922,5,10,0,0,1,46,,608681828.003051,0.0,0.0,385055.0,492661.0
923,5,4,0,0,1,329,,608691283.046209,0.0,0.0,479.0,63.0
924,5,24,0,0,1,327,,608691732.252298,0.0,0.0,1180953.0,991637.0
925,5,14,0,0,1,36,,608701256.566952,0.0,0.0,290300.0,309720.0
926,5,4,0,0,1,85,,608730085.087048,0.0,0.0,82041.0,13376.0
927,5,5,0,0,1,83,,608730085.223141,0.0,0.0,806.0,573.0
928,5,6,0,0,1,247,,608730085.105575,0.0,0.0,2135.0,1773.0
929,5,1,0,0,1,256,,608731578.34871,0.0,0.0,1427.0,1560.0
930,5,2,0,0,1,239,,608732005.395766,0.0,0.0,262.0,195.0
931,5,5,0,0,1,332,,608732005.280621,0.0,0.0,3066.0,1840.0
932,5,2,0,0,1,187,,608732005.397782,0.0,0.0,92.0,144.0
933,5,2,0,0,1,60,,608732005.443201,0.0,0.0,265.0,119.0
934,5,11,0,0,1,333,,608732005.401595,0.0,0.0,6650223.0,1153357.0
935,5,1,0,0,1,302,,608732009.240183,0.0,0.0,17184.0,10274.0
936,5,2,0,0,1,40,,608736275.511047,0.0,0.0,12605.0,12604.0
937,5,5,0,0,1,334,,608743991.195241,0.0,0.0,1716.0,851.0
938,5,6,0,0,1,335,,608743995.135701,0.0,0.0,53098.0,39450.0
939,5,7,2,0,1,252,,608744052.394485,0.0,0.0,92281.0,47527.0
940,5,3,0,0,1,336,,608744138.255411,0.0,0.0,43731.0,9146.0
941,5,2,0,0,1,42,,608745189.818167,0.0,0.0,44415.0,8889.0
942,5,2,0,0,1,75,,608745207.900993,0.0,0.0,10379.0,2180.0
943,5,1,0,0,1,44,,608745207.899718,0.0,0.0,16751.0,2872.0
944,5,1,0,0,1,91,,608745207.938272,0.0,0.0,18593.0,5920.0
