mcc,mnc,earfcn,bandinfo,bandwidth
202,1,1700,0,50
202,1,3050,0,50
202,1,6400,0,50
202,10,1251,0,50
202,10,1276,0,50
202,10,1301,0,50
202,10,3350,0,50
202,10,6200,0,50
202,5,1426,0,50
202,5,1451,0,50
202,5,2850,0,50
202,5,3724,0,50
202,5,53,0,50
202,5,6300,0,50
204,16,1656,0,50
204,16,1800,0,50
204,16,3700,0,50
204,2,3300,0,50
204,2,6200,0,50
204,30,1900,0,50
204,4,1500,0,50
204,4,2850,0,50
204,4,50,0,50
204,4,6300,0,50
204,8,1300,0,50
204,8,6400,0,50
206,1,1303,0,50
206,1,2850,0,50
206,1,6300,0,50
206,10,1599,0,50
206,10,3350,0,50
206,10,6400,0,50
206,20,1805,0,50
206,20,227,0,50
206,20,251,0,50
206,20,3175,0,50
206,20,6200,0,50
208,1,1300,0,50
208,1,3000,0,50
208,1,524,0,50
208,1,547,0,50
208,1,6275,0,50
208,1,6400,0,50
208,1,9310,0,50
208,10,1501,0,50
208,10,2825,0,50
208,10,6275,0,50
208,10,6300,0,50
208,10,78,0,50
208,15,1675,0,50
208,15,3350,0,50
208,15,9460,0,50
208,20,1850,0,50
208,20,227,0,50
208,20,3175,0,50
208,20,6200,0,50
208,20,6275,0,50
208,20,9385,0,50
212,1,1799,0,50
212,1,1825,0,50
213,3,1850,0,50
213,3,200,0,50
213,3,6250,0,50
213,3,6400,0,50
214,1,1480,0,50
214,1,1501,0,50
214,1,1526,0,50
214,1,1849,0,50
214,1,3250,0,50
214,1,3724,0,50
214,1,3774,0,50
214,1,401,0,50
214,1,426,0,50
214,1,6200,0,50
214,1,6300,0,50
214,3,1849,0,50
214,3,3050,0,50
214,3,6200,0,50
214,3,6300,0,50
214,4,101,0,50
214,4,1655,0,50
214,4,1675,0,50
214,7,1301,0,50
214,7,1326,0,50
214,7,2850,0,50
214,7,3600,0,50
214,7,500,0,50
214,7,525,0,50
214,7,550,0,50
214,7,6400,0,50
214,8,3400,0,50
216,1,1848,0,50
216,1,1898,0,50
216,1,3350,0,50
216,1,6350,0,50
216,1,6400,0,50
216,30,1500,0,50
216,30,2850,0,50
216,30,2994,0,50
216,30,6300,0,50
216,30,6350,0,50
216,70,1276,0,50
216,70,201,0,50
216,70,3150,0,50
216,70,3600,0,50
216,70,6200,0,50
218,3,1550,0,50
218,3,6300,0,50
218,5,1850,0,50
218,5,6400,0,50
218,90,1351,0,50
218,90,6200,0,50
219,1,100,0,50
219,1,1501,0,50
219,1,1899,0,50
219,1,3250,0,50
219,1,6375,0,50
219,10,1749,0,50
219,10,3050,0,50
219,10,500,0,50
219,10,6225,0,50
219,2,1301,0,50
219,2,325,0,50
220,1,1300,0,50
220,1,6300,0,50
220,3,1500,0,50
220,3,6200,0,50
220,5,1651,0,50
220,5,1741,0,50
220,5,1795,0,50
220,5,6400,0,50
221,2,1326,0,50
222,1,1350,0,50
222,1,300,0,50
222,1,3175,0,50
222,1,6300,0,50
222,10,1850,0,50
222,10,3025,0,50
222,10,501,0,50
222,10,525,0,50
222,10,6400,0,50
222,50,150,0,50
222,50,1500,0,50
222,50,1650,0,50
222,50,2900,0,50
222,50,3350,0,50
222,50,6200,0,50
222,88,150,0,50
222,88,1650,0,50
222,88,1675,0,50
222,88,3350,0,50
222,88,6200,0,50
222,99,150,0,50
222,99,1650,0,50
222,99,3350,0,50
222,99,6200,0,50
226,1,1300,0,50
226,1,1444,0,50
226,1,1450,0,50
226,1,473,0,50
226,1,6250,0,50
226,10,1600,0,50
226,10,2950,0,50
226,10,6350,0,50
226,3,1798,0,50
226,3,251,0,50
226,3,3650,0,50
226,3,6425,0,50
226,5,103,0,50
226,5,3578,0,50
226,5,37950,0,50
228,1,1301,0,50
228,1,1445,0,50
228,1,203,0,50
228,1,3100,0,50
228,1,6300,0,50
228,1,9435,0,50
228,2,1850,0,50
228,2,2850,0,50
228,2,6200,0,50
228,3,1601,0,50
228,3,3300,0,50
228,3,522,0,50
228,3,6400,0,50
230,1,1579,0,50
230,1,3050,0,50
230,1,473,0,50
230,1,6200,0,50
230,2,127,0,50
230,2,1379,0,50
230,2,1579,0,50
230,2,2850,0,50
230,2,6200,0,50
230,2,6300,0,50
230,3,1849,0,50
230,3,275,0,50
230,3,6400,0,50
231,1,1300,0,50
231,1,2950,0,50
231,1,6300,0,50
231,2,1403,0,50
231,2,3150,0,50
231,2,3348,0,50
231,2,6200,0,50
231,3,1811,0,50
231,6,1679,0,50
231,6,1686,0,50
231,6,550,0,50
231,6,6400,0,50
232,1,1700,0,50
232,1,1871,0,50
232,1,2850,0,50
232,1,6200,0,50
232,1,6250,0,50
232,1,6300,0,50
232,10,1525,0,50
232,3,1300,0,50
232,3,3050,0,50
232,3,497,0,50
232,3,522,0,50
232,3,6400,0,50
232,5,1525,0,50
232,5,3350,0,50
232,5,3632,0,50
232,5,372,0,50
234,10,1226,0,50
234,10,199,0,50
234,10,39250,0,50
234,10,39448,0,50
234,10,6300,0,50
234,10,6400,0,50
234,15,2850,0,50
234,15,299,0,50
234,15,323,0,50
234,15,347,0,50
234,15,6300,0,50
234,15,6400,0,50
234,20,1392,0,50
234,20,6175,0,50
234,20,99,0,50
234,3,1500,0,50
234,3,6400,0,50
234,30,1617,0,50
234,30,1761,0,50
234,30,1788,0,50
234,30,3179,0,50
234,30,3350,0,50
234,30,522,0,50
234,30,6225,0,50
234,50,1300,0,50
234,50,3050,0,50
234,50,6300,0,50
234,55,1300,0,50
234,55,1500,0,50
234,55,1700,0,50
234,55,2850,0,50
234,55,400,0,50
234,55,6200,0,50
234,55,6225,0,50
234,55,6250,0,50
234,58,1850,0,50
234,58,200,0,50
234,58,6375,0,50
238,1,1300,0,50
238,1,199,0,50
238,1,2850,0,50
238,1,6350,0,50
238,2,1850,0,50
238,2,3150,0,50
238,2,3348,0,50
238,2,500,0,50
238,2,6200,0,50
238,20,1850,0,50
238,20,3150,0,50
238,20,3348,0,50
238,20,500,0,50
238,20,6200,0,50
238,6,1500,0,50
238,6,1644,0,50
238,6,1650,0,50
238,6,3000,0,50
240,1,1300,0,50
240,1,1471,0,50
240,1,3150,0,50
240,1,6300,0,50
240,1,9335,0,50
240,1,9360,0,50
240,1,9385,0,50
240,2,251,0,50
240,2,3000,0,50
240,2,350,0,50
240,2,37902,0,50
240,2,38100,0,50
240,2,6200,0,50
240,7,1724,0,50
240,7,2850,0,50
240,7,3350,0,50
240,7,3562,0,50
240,7,6400,0,50
240,7,9460,0,50
240,8,1724,0,50
240,8,2850,0,50
240,8,3350,0,50
240,8,3562,0,50
240,8,6400,0,50
240,8,9460,0,50
242,1,1306,0,50
242,1,1450,0,50
242,1,1850,0,50
242,1,251,0,50
242,1,3050,0,50
242,1,3248,0,50
242,1,3750,0,50
242,1,6350,0,50
242,1,6400,0,50
242,14,1850,0,50
242,14,6200,0,50
242,2,150,0,50
242,2,151,0,50
242,2,1650,0,50
242,2,2850,0,50
242,2,3551,0,50
242,2,6300,0,50
242,99,1275,0,50
242,99,1500,0,50
242,99,3500,0,50
242,99,6200,0,50
242,99,6250,0,50
242,99,6300,0,50
244,12,1351,0,50
244,12,1549,0,50
244,12,1598,0,50
244,12,2850,0,50
244,12,300,0,50
244,12,347,0,50
244,12,3501,0,50
244,12,497,0,50
244,12,6200,0,50
244,12,6250,0,50
244,12,9260,0,50
244,14,1825,0,50
244,14,3250,0,50
244,14,6375,0,50
244,5,100,0,50
244,5,1825,0,50
244,5,3300,0,50
244,5,6400,0,50
244,5,9360,0,50
244,91,1300,0,50
244,91,1351,0,50
244,91,1549,0,50
244,91,2850,0,50
244,91,3048,0,50
244,91,3050,0,50
244,91,3125,0,50
244,91,347,0,50
244,91,3501,0,50
244,91,449,0,50
244,91,497,0,50
244,91,499,0,50
244,91,6225,0,50
244,91,6250,0,50
244,91,6300,0,50
244,91,9460,0,50
246,1,1348,0,50
246,1,3050,0,50
246,1,324,0,50
246,1,3616,0,50
246,1,6300,0,50
246,2,101,0,50
246,2,1850,0,50
246,2,3250,0,50
246,2,6200,0,50
246,2,76,0,50
246,3,1574,0,50
246,3,2850,0,50
246,3,499,0,50
246,3,524,0,50
246,3,6400,0,50
247,1,100,0,50
247,1,125,0,50
247,1,1300,0,50
247,1,1417,0,50
247,1,150,0,50
247,1,2850,0,50
247,1,38800,0,50
247,1,6300,0,50
247,2,1574,0,50
247,2,3050,0,50
247,2,499,0,50
247,2,524,0,50
247,2,549,0,50
247,2,6400,0,50
247,5,1820,0,50
247,5,301,0,50
247,5,3250,0,50
247,5,351,0,50
247,5,6200,0,50
248,1,1344,0,50
248,1,3050,0,50
248,1,3248,0,50
248,1,399,0,50
248,1,6300,0,50
248,2,1849,0,50
248,2,2850,0,50
248,2,6200,0,50
248,3,103,0,50
248,3,1574,0,50
248,3,6400,0,50
250,1,1299,0,50
250,1,1300,0,50
250,1,1304,0,50
250,1,1324,0,50
250,1,1385,0,50
250,1,1400,0,50
250,1,1401,0,50
250,1,1424,0,50
250,1,1425,0,50
250,1,1448,0,50
250,1,1450,0,50
250,1,1459,0,50
250,1,1462,0,50
250,1,1550,0,50
250,1,1551,0,50
250,1,1555,0,50
250,1,1575,0,50
250,1,1600,0,50
250,1,1626,0,50
250,1,1628,0,50
250,1,1631,0,50
250,1,1656,0,50
250,1,1685,0,50
250,1,1698,0,50
250,1,1700,0,50
250,1,1701,0,50
250,1,1716,0,50
250,1,1721,0,50
250,1,1724,0,50
250,1,1725,0,50
250,1,1726,0,50
250,1,1727,0,50
250,1,1740,0,50
250,1,1741,0,50
250,1,1744,0,50
250,1,1750,0,50
250,1,1752,0,50
250,1,1755,0,50
250,1,1771,0,50
250,1,1777,0,50
250,1,1778,0,50
250,1,1779,0,50
250,1,1794,0,50
250,1,1800,0,50
250,1,1802,0,50
250,1,1807,0,50
250,1,1826,0,50
250,1,1827,0,50
250,1,1832,0,50
250,1,1835,0,50
250,1,1849,0,50
250,1,1851,0,50
250,1,1875,0,50
250,1,1899,0,50
250,1,3200,0,50
250,1,3250,0,50
250,1,326,0,50
250,1,3300,0,50
250,1,3567,0,50
250,1,3638,0,50
250,1,3684,0,50
250,1,3735,0,50
250,1,38100,0,50
250,1,424,0,50
250,1,425,0,50
250,1,6275,0,50
250,1,75,0,50
250,11,1251,0,50
250,11,1252,0,50
250,11,1275,0,50
250,11,1276,0,50
250,11,1277,0,50
250,11,1299,0,50
250,11,1400,0,50
250,11,1401,0,50
250,11,1402,0,50
250,11,1425,0,50
250,11,1446,0,50
250,11,1550,0,50
250,11,1551,0,50
250,11,1575,0,50
250,11,1596,0,50
250,11,1602,0,50
250,11,1661,0,50
250,11,1665,0,50
250,11,1670,0,50
250,11,1697,0,50
250,11,1701,0,50
250,11,1702,0,50
250,11,1725,0,50
250,11,1850,0,50
250,11,1852,0,50
250,11,1875,0,50
250,11,1900,0,50
250,11,200,0,50
250,11,2825,0,50
250,11,2850,0,50
250,11,3048,0,50
250,11,3100,0,50
250,11,3757,0,50
250,11,6350,0,50
250,2,1251,0,50
250,2,1252,0,50
250,2,1275,0,50
250,2,1276,0,50
250,2,1277,0,50
250,2,1299,0,50
250,2,1300,0,50
250,2,1400,0,50
250,2,1401,0,50
250,2,1402,0,50
250,2,1425,0,50
250,2,1446,0,50
250,2,1550,0,50
250,2,1551,0,50
250,2,1575,0,50
250,2,1596,0,50
250,2,1598,0,50
250,2,1600,0,50
250,2,1602,0,50
250,2,1629,0,50
250,2,1661,0,50
250,2,1665,0,50
250,2,1670,0,50
250,2,1697,0,50
250,2,1701,0,50
250,2,1702,0,50
250,2,1725,0,50
250,2,1748,0,50
250,2,175,0,50
250,2,1850,0,50
250,2,1852,0,50
250,2,1875,0,50
250,2,1900,0,50
250,2,200,0,50
250,2,250,0,50
250,2,2825,0,50
250,2,2850,0,50
250,2,2975,0,50
250,2,3048,0,50
250,2,3100,0,50
250,2,3681,0,50
250,2,3682,0,50
250,2,3702,0,50
250,2,3757,0,50
250,2,6350,0,50
250,20,100,0,50
250,20,125,0,50
250,20,1275,0,50
250,20,1300,0,50
250,20,1355,0,50
250,20,1400,0,50
250,20,1424,0,50
250,20,1425,0,50
250,20,1427,0,50
250,20,1450,0,50
250,20,1475,0,50
250,20,1498,0,50
250,20,1525,0,50
250,20,1548,0,50
250,20,1564,0,50
250,20,1573,0,50
250,20,1574,0,50
250,20,1575,0,50
250,20,1591,0,50
250,20,1599,0,50
250,20,1601,0,50
250,20,1615,0,50
250,20,1624,0,50
250,20,1632,0,50
250,20,1644,0,50
250,20,1657,0,50
250,20,1674,0,50
250,20,1675,0,50
250,20,1678,0,50
250,20,1700,0,50
250,20,1715,0,50
250,20,1725,0,50
250,20,1750,0,50
250,20,1780,0,50
250,20,1848,0,50
250,20,1850,0,50
250,20,1862,0,50
250,20,1874,0,50
250,20,1875,0,50
250,20,1890,0,50
250,20,1900,0,50
250,20,1902,0,50
250,20,1923,0,50
250,20,1925,0,50
250,20,3400,0,50
250,20,6175,0,50
250,20,6200,0,50
250,20,75,0,50
250,27,1876,0,50
250,27,37900,0,50
250,30,3100,0,50
250,30,6300,0,50
250,32,1379,0,50
250,32,3250,0,50
250,35,1276,0,50
250,35,1574,0,50
250,35,1604,0,50
250,35,1726,0,50
250,35,1780,0,50
250,35,1850,0,50
250,35,1899,0,50
250,35,1900,0,50
250,35,37900,0,50
250,60,1379,0,50
250,60,3250,0,50
250,99,1250,0,50
250,99,1251,0,50
250,99,1275,0,50
250,99,1298,0,50
250,99,1299,0,50
250,99,1300,0,50
250,99,1301,0,50
250,99,1351,0,50
250,99,1400,0,50
250,99,1401,0,50
250,99,1414,0,50
250,99,1425,0,50
250,99,1448,0,50
250,99,1450,0,50
250,99,1462,0,50
250,99,1474,0,50
250,99,1481,0,50
250,99,1487,0,50
250,99,1490,0,50
250,99,1502,0,50
250,99,1509,0,50
250,99,1520,0,50
250,99,1533,0,50
250,99,1550,0,50
250,99,1551,0,50
250,99,1575,0,50
250,99,1599,0,50
250,99,1685,0,50
250,99,1700,0,50
250,99,1701,0,50
250,99,1725,0,50
250,99,1752,0,50
250,99,1839,0,50
250,99,1850,0,50
250,99,1851,0,50
250,99,1875,0,50
250,99,1879,0,50
250,99,1898,0,50
250,99,1900,0,50
250,99,3200,0,50
250,99,3250,0,50
250,99,3300,0,50
250,99,37900,0,50
250,99,550,0,50
250,99,575,0,50
250,99,6413,0,50
255,1,1700,0,50
255,1,2900,0,50
255,3,1500,0,50
255,3,1525,0,50
255,3,3025,0,50
255,6,1275,0,50
255,6,1300,0,50
255,6,3150,0,50
255,99,1377,0,50
255,99,6350,0,50
255,99,6375,0,50
257,1,1750,0,50
257,2,1600,0,50
257,2,3150,0,50
257,2,3325,0,50
257,4,1600,0,50
257,4,3150,0,50
257,6,1600,0,50
257,6,1750,0,50
257,6,3150,0,50
257,6,3325,0,50
259,1,1276,0,50
259,1,1301,0,50
259,1,3250,0,50
259,1,6200,0,50
259,1,6250,0,50
259,15,6350,0,50
259,2,1575,0,50
259,2,3050,0,50
259,2,6400,0,50
259,5,1800,0,50
260,1,1300,0,50
260,1,2850,0,50
260,1,326,0,50
260,1,350,0,50
260,1,3526,0,50
260,1,37900,0,50
260,1,38098,0,50
260,2,1599,0,50
260,2,1749,0,50
260,2,1798,0,50
260,2,202,0,50
260,2,227,0,50
260,2,3025,0,50
260,2,3175,0,50
260,2,54,0,50
260,2,6200,0,50
260,2,6350,0,50
260,3,1599,0,50
260,3,1749,0,50
260,3,1798,0,50
260,3,202,0,50
260,3,3025,0,50
260,3,3175,0,50
260,3,54,0,50
260,3,6200,0,50
260,3,6350,0,50
260,6,1474,0,50
260,6,3350,0,50
260,6,499,0,50
260,6,523,0,50
260,6,6275,0,50
262,1,1300,0,50
262,1,1444,0,50
262,1,3050,0,50
262,1,3749,0,50
262,1,6400,0,50
262,2,101,0,50
262,2,1801,0,50
262,2,2850,0,50
262,2,3600,0,50
262,2,37975,0,50
262,2,6300,0,50
262,2,9460,0,50
262,3,1600,0,50
262,3,1650,0,50
262,3,252,0,50
262,3,3350,0,50
262,3,6200,0,50
266,1,1492,0,50
266,1,2850,0,50
266,1,6200,0,50
268,1,103,0,50
268,1,1300,0,50
268,1,2950,0,50
268,1,6300,0,50
268,1,78,0,50
268,3,1500,0,50
268,3,226,0,50
268,3,3150,0,50
268,3,6400,0,50
268,6,1700,0,50
268,6,3350,0,50
268,6,525,0,50
268,6,550,0,50
268,6,6200,0,50
270,1,1800,0,50
270,1,2850,0,50
270,1,6200,0,50
270,77,1596,0,50
270,77,3250,0,50
270,77,6300,0,50
270,99,1350,0,50
270,99,6400,0,50
272,1,1450,0,50
272,1,6400,0,50
272,3,1875,0,50
272,3,6200,0,50
272,5,1275,0,50
272,5,1700,0,50
272,5,6300,0,50
274,1,100,0,50
274,1,1252,0,50
274,1,1401,0,50
274,1,3701,0,50
274,1,9410,0,50
274,11,1841,0,50
274,11,274,0,50
274,11,299,0,50
274,11,3250,0,50
274,11,3575,0,50
274,11,6200,0,50
274,11,6350,0,50
274,11,6400,0,50
274,2,1641,0,50
274,2,3050,0,50
274,2,3575,0,50
274,2,499,0,50
274,2,524,0,50
274,2,6300,0,50
274,2,6350,0,50
276,1,1275,0,50
276,1,1300,0,50
276,1,2950,0,50
276,1,6400,0,50
276,2,1638,0,50
276,2,3150,0,50
276,2,3481,0,50
276,2,53,0,50
276,2,6300,0,50
276,3,1789,0,50
276,3,1813,0,50
276,3,1840,0,50
276,3,3350,0,50
278,1,1600,0,50
278,1,449,0,50
278,1,6300,0,50
278,21,1301,0,50
278,21,6200,0,50
278,77,6400,0,50
280,1,1350,0,50
280,1,3100,0,50
280,1,50,0,50
280,1,6400,0,50
280,10,1600,0,50
280,10,2850,0,50
280,10,6300,0,50
280,20,1800,0,50
282,1,1300,0,50
282,1,3642,0,50
282,1,6225,0,50
282,2,1699,0,50
282,2,1701,0,50
282,2,6275,0,50
282,4,6350,0,50
283,1,1458,0,50
283,10,1650,0,50
283,10,3250,0,50
283,10,6300,0,50
283,5,1250,0,50
283,5,2850,0,50
283,5,6400,0,50
284,1,1275,0,50
284,1,250,0,50
284,1,275,0,50
284,1,2950,0,50
284,1,3678,0,50
284,3,1575,0,50
284,3,3150,0,50
284,3,3516,0,50
284,3,525,0,50
284,3,550,0,50
284,5,1425,0,50
284,5,3350,0,50
284,5,3774,0,50
284,5,3780,0,50
284,5,75,0,50
286,1,100,0,50
286,1,1651,0,50
286,1,1795,0,50
286,1,2850,0,50
286,1,2975,0,50
286,1,50,0,50
286,1,550,0,50
286,1,6400,0,50
286,2,1899,0,50
286,2,301,0,50
286,2,3075,0,50
286,2,325,0,50
286,2,3725,0,50
286,2,37950,0,50
286,2,6300,0,50
286,3,1300,0,50
286,3,1306,0,50
286,3,1450,0,50
286,3,3200,0,50
286,3,6200,0,50
288,1,1300,0,50
288,1,1471,0,50
288,1,6200,0,50
288,1,6225,0,50
288,2,1675,0,50
288,2,1850,0,50
288,2,6375,0,50
289,67,1646,0,50
289,67,2850,0,50
289,67,6225,0,50
289,88,1850,0,50
289,88,3400,0,50
289,88,6375,0,50
290,1,1300,0,50
290,1,1498,0,50
290,1,3500,0,50
290,1,3599,0,50
290,1,6250,0,50
290,1,6400,0,50
293,40,1256,0,50
293,40,1400,0,50
293,40,6400,0,50
293,41,1657,0,50
293,41,2851,0,50
293,41,3675,0,50
293,41,6201,0,50
293,70,1850,0,50
293,70,350,0,50
293,70,6300,0,50
294,1,1700,0,50
294,1,6300,0,50
294,3,1279,0,50
294,3,1450,0,50
294,3,6200,0,50
294,3,6400,0,50
295,1,1301,0,50
295,2,1601,0,50
297,1,1350,0,50
297,1,250,0,50
297,1,3601,0,50
297,1,3649,0,50
297,2,1850,0,50
297,2,6350,0,50
297,3,1600,0,50
297,3,6200,0,50
302,220,1100,0,50
302,220,1125,0,50
302,220,2000,0,50
302,220,2050,0,50
302,220,2150,0,50
302,220,2200,0,50
302,220,2250,0,50
302,220,2300,0,50
302,220,2325,0,50
302,220,2350,0,50
302,220,2535,0,50
302,220,2560,0,50
302,220,2585,0,50
302,220,2800,0,50
302,220,2850,0,50
302,220,2950,0,50
302,220,3150,0,50
302,220,3200,0,50
302,220,3250,0,50
302,220,3300,0,50
302,220,3348,0,50
302,220,3350,0,50
302,220,5035,0,50
302,220,5060,0,50
302,220,5110,0,50
302,220,5230,0,50
302,220,5255,0,50
302,220,5760,0,50
302,220,5780,0,50
302,220,5815,0,50
302,220,66786,0,50
302,220,66811,0,50
302,220,66836,0,50
302,220,66986,0,50
302,220,67086,0,50
302,220,700,0,50
302,220,800,0,50
302,220,825,0,50
302,220,850,0,50
302,220,8615,0,50
302,220,875,0,50
302,220,900,0,50
302,220,925,0,50
302,220,9820,0,50
302,236,5330,0,50
302,270,2100,0,50
302,270,2125,0,50
302,270,5205,0,50
302,300,1125,0,50
302,300,2450,0,50
302,300,3645,0,50
302,425,2125,0,50
302,480,2850,0,50
302,490,2175,0,50
302,490,2200,0,50
302,490,2225,0,50
302,490,2800,0,50
302,490,3200,0,50
302,490,5205,0,50
302,490,66961,0,50
302,500,2025,0,50
302,500,2050,0,50
302,500,5047,0,50
302,500,5060,0,50
302,500,5765,0,50
302,520,2025,0,50
302,520,2050,0,50
302,610,1100,0,50
302,610,1125,0,50
302,610,2000,0,50
302,610,2025,0,50
302,610,2050,0,50
302,610,2150,0,50
302,610,2175,0,50
302,610,2200,0,50
302,610,2250,0,50
302,610,2300,0,50
302,610,2325,0,50
302,610,2350,0,50
302,610,2535,0,50
302,610,2560,0,50
302,610,2585,0,50
302,610,2800,0,50
302,610,2850,0,50
302,610,2950,0,50
302,610,3150,0,50
302,610,3200,0,50
302,610,3250,0,50
302,610,3294,0,50
302,610,3300,0,50
302,610,3348,0,50
302,610,3350,0,50
302,610,5035,0,50
302,610,5060,0,50
302,610,5230,0,50
302,610,5255,0,50
302,610,5760,0,50
302,610,5780,0,50
302,610,5815,0,50
302,610,700,0,50
302,610,800,0,50
302,610,825,0,50
302,610,850,0,50
302,610,8615,0,50
302,610,875,0,50
302,610,900,0,50
302,610,925,0,50
302,620,2450,0,50
302,620,2475,0,50
302,620,2525,0,50
302,620,2575,0,50
302,620,2600,0,50
302,620,2850,0,50
302,660,2050,0,50
302,660,2200,0,50
302,660,2585,0,50
302,660,2950,0,50
302,660,3150,0,50
302,660,5060,0,50
302,660,5815,0,50
302,660,700,0,50
302,660,8615,0,50
302,720,1025,0,50
302,720,1050,0,50
302,720,1075,0,50
302,720,2000,0,50
302,720,2025,0,50
302,720,2050,0,50
302,720,2200,0,50
302,720,2350,0,50
302,720,2426,0,50
302,720,2436,0,50
302,720,2585,0,50
302,720,2900,0,50
302,720,2950,0,50
302,720,3050,0,50
302,720,3150,0,50
302,720,5047,0,50
302,720,5060,0,50
302,720,5070,0,50
302,720,5205,0,50
302,720,5765,0,50
302,720,5815,0,50
302,720,650,0,50
302,720,675,0,50
302,720,68636,0,50
302,720,700,0,50
302,720,8615,0,50
302,780,1100,0,50
302,780,1125,0,50
302,780,2025,0,50
302,780,2150,0,50
302,780,2200,0,50
302,780,2325,0,50
302,780,2535,0,50
302,780,2850,0,50
302,780,5230,0,50
302,99,5760,0,50
308,2,6230,0,50
310,110,5035,0,50
310,110,700,0,50
310,120,39750,0,50
310,120,39758,0,50
310,120,39763,0,50
310,120,39793,0,50
310,120,39810,0,50
310,120,39874,0,50
310,120,39948,0,50
310,120,39958,0,50
310,120,39991,0,50
310,120,40008,0,50
310,120,40072,0,50
310,120,40123,0,50
310,120,40146,0,50
310,120,40154,0,50
310,120,40189,0,50
310,120,40270,0,50
310,120,40468,0,50
310,120,40582,0,50
310,120,40780,0,50
310,120,40896,0,50
310,120,40913,0,50
310,120,40950,0,50
310,120,40978,0,50
310,120,41046,0,50
310,120,41078,0,50
310,120,41094,0,50
310,120,41111,0,50
310,120,41127,0,50
310,120,41176,0,50
310,120,41244,0,50
310,120,41276,0,50
310,120,41292,0,50
310,120,41309,0,50
310,120,41320,0,50
310,120,41325,0,50
310,120,41343,0,50
310,120,41347,0,50
310,120,41349,0,50
310,120,41368,0,50
310,120,41374,0,50
310,120,41442,0,50
310,120,41474,0,50
310,120,41490,0,50
310,120,5230,0,50
310,120,8065,0,50
310,120,8071,0,50
310,120,8090,0,50
310,120,8096,0,50
310,120,8109,0,50
310,120,8115,0,50
310,120,8140,0,50
310,120,8165,0,50
310,120,8171,0,50
310,120,8265,0,50
310,120,8270,0,50
310,120,8290,0,50
310,120,8296,0,50
310,120,8309,0,50
310,120,8315,0,50
310,120,8321,0,50
310,120,8334,0,50
310,120,8340,0,50
310,120,8364,0,50
310,120,8365,0,50
310,120,8390,0,50
310,120,8415,0,50
310,120,8465,0,50
310,120,8515,0,50
310,120,8540,0,50
310,120,8565,0,50
310,120,8615,0,50
310,120,8640,0,50
310,120,8665,0,50
310,120,8745,0,50
310,120,8763,0,50
310,120,8775,0,50
310,130,2000,0,50
310,130,2585,0,50
310,130,5145,0,50
310,140,2125,0,50
310,140,2535,0,50
310,140,5230,0,50
310,180,2000,0,50
310,180,2050,0,50
310,180,2100,0,50
310,180,5060,0,50
310,180,5090,0,50
310,20,1075,0,50
310,20,1125,0,50
310,20,2175,0,50
310,20,5035,0,50
310,20,5060,0,50
310,20,5150,0,50
310,20,5820,0,50
310,20,825,0,50
310,260,1000,0,50
310,260,1001,0,50
310,260,1025,0,50
310,260,1026,0,50
310,260,1050,0,50
310,260,1051,0,50
310,260,1075,0,50
310,260,1076,0,50
310,260,1077,0,50
310,260,1100,0,50
310,260,1101,0,50
310,260,1102,0,50
310,260,1124,0,50
310,260,1125,0,50
310,260,1126,0,50
310,260,1150,0,50
310,260,1174,0,50
310,260,1175,0,50
310,260,1200,0,50
310,260,1250,0,50
310,260,2001,0,50
310,260,2050,0,50
310,260,2075,0,50
310,260,2100,0,50
310,260,2125,0,50
310,260,2150,0,50
310,260,2175,0,50
310,260,2200,0,50
310,260,2225,0,50
310,260,2250,0,50
310,260,2275,0,50
310,260,2300,0,50
310,260,2325,0,50
310,260,2350,0,50
310,260,2375,0,50
310,260,2450,0,50
310,260,5035,0,50
310,260,5060,0,50
310,260,5095,0,50
310,260,5155,0,50
310,260,625,0,50
310,260,626,0,50
310,260,650,0,50
310,260,653,0,50
310,260,66487,0,50
310,260,66536,0,50
310,260,66561,0,50
310,260,66586,0,50
310,260,66611,0,50
310,260,66636,0,50
310,260,66661,0,50
310,260,66686,0,50
310,260,66711,0,50
310,260,66736,0,50
310,260,66761,0,50
310,260,66786,0,50
310,260,66811,0,50
310,260,66836,0,50
310,260,66861,0,50
310,260,66903,0,50
310,260,66907,0,50
310,260,66911,0,50
310,260,66935,0,50
310,260,66961,0,50
310,260,66986,0,50
310,260,67011,0,50
310,260,675,0,50
310,260,676,0,50
310,260,68661,0,50
310,260,68686,0,50
310,260,68711,0,50
310,260,68736,0,50
310,260,68761,0,50
310,260,700,0,50
310,260,725,0,50
310,260,726,0,50
310,260,750,0,50
310,260,775,0,50
310,260,776,0,50
310,260,801,0,50
310,260,8115,0,50
310,260,825,0,50
310,260,826,0,50
310,260,850,0,50
310,260,851,0,50
310,260,853,0,50
310,260,875,0,50
310,260,876,0,50
310,260,8840,0,50
310,260,900,0,50
310,260,901,0,50
310,260,924,0,50
310,260,925,0,50
310,260,926,0,50
310,260,950,0,50
310,260,975,0,50
310,260,976,0,50
310,320,1150,0,50
310,320,1175,0,50
310,320,5145,0,50
310,320,5790,0,50
310,320,5815,0,50
310,320,625,0,50
310,320,635,0,50
310,320,66941,0,50
310,320,68886,0,50
310,410,1000,0,50
310,410,1025,0,50
310,410,1050,0,50
310,410,1075,0,50
310,410,1100,0,50
310,410,1125,0,50
310,410,1150,0,50
310,410,1175,0,50
310,410,1975,0,50
310,410,2000,0,50
310,410,2025,0,50
310,410,2050,0,50
310,410,2100,0,50
310,410,2125,0,50
310,410,2150,0,50
310,410,2175,0,50
310,410,2200,0,50
310,410,2225,0,50
310,410,2250,0,50
310,410,2275,0,50
310,410,2350,0,50
310,410,2425,0,50
310,410,2426,0,50
310,410,2428,0,50
310,410,2430,0,50
310,410,2435,0,50
310,410,2450,0,50
310,410,2475,0,50
310,410,2476,0,50
310,410,2485,0,50
310,410,2501,0,50
310,410,2510,0,50
310,410,2535,0,50
310,410,2536,0,50
310,410,2538,0,50
310,410,2549,0,50
310,410,2550,0,50
310,410,2560,0,50
310,410,2585,0,50
310,410,2600,0,50
310,410,5035,0,50
310,410,5038,0,50
310,410,5090,0,50
310,410,5110,0,50
310,410,5145,0,50
310,410,5330,0,50
310,410,5760,0,50
310,410,5780,0,50
310,410,5815,0,50
310,410,625,0,50
310,410,650,0,50
310,410,66461,0,50
310,410,66486,0,50
310,410,66511,0,50
310,410,66536,0,50
310,410,66586,0,50
310,410,66611,0,50
310,410,66636,0,50
310,410,66661,0,50
310,410,66686,0,50
310,410,66711,0,50
310,410,66736,0,50
310,410,66761,0,50
310,410,66836,0,50
310,410,66936,0,50
310,410,66961,0,50
310,410,66986,0,50
310,410,67011,0,50
310,410,67060,0,50
310,410,67061,0,50
310,410,67086,0,50
310,410,675,0,50
310,410,700,0,50
310,410,725,0,50
310,410,750,0,50
310,410,775,0,50
310,410,800,0,50
310,410,825,0,50
310,410,850,0,50
310,410,875,0,50
310,410,900,0,50
310,410,925,0,50
310,410,950,0,50
310,410,975,0,50
310,410,9820,0,50
310,410,9840,0,50
310,450,1024,0,50
310,450,1099,0,50
310,450,1124,0,50
310,450,1125,0,50
310,450,1150,0,50
310,450,2000,0,50
310,450,2050,0,50
310,450,2125,0,50
310,450,2175,0,50
310,450,2200,0,50
310,450,2225,0,50
310,450,2434,0,50
310,450,2459,0,50
310,450,41040,0,50
310,450,41238,0,50
310,450,5060,0,50
310,450,5090,0,50
310,450,5120,0,50
310,450,5150,0,50
310,450,5760,0,50
310,450,5820,0,50
310,450,66961,0,50
310,450,67086,0,50
310,450,774,0,50
310,450,825,0,50
310,450,850,0,50
310,450,875,0,50
310,450,900,0,50
310,450,924,0,50
310,450,949,0,50
310,450,974,0,50
310,450,999,0,50
310,470,2000,0,50
310,470,2350,0,50
310,470,5145,0,50
310,470,5815,0,50
310,580,2585,0,50
310,580,650,0,50
311,170,2125,0,50
311,170,2460,0,50
311,170,2476,0,50
311,170,2560,0,50
311,170,2562,0,50
311,170,2631,0,50
311,230,2585,0,50
311,230,40086,0,50
311,230,40284,0,50
311,230,40482,0,50
311,230,5035,0,50
311,230,5065,0,50
311,230,5090,0,50
311,230,5145,0,50
311,230,5815,0,50
311,230,8065,0,50
311,230,8165,0,50
311,230,8190,0,50
311,230,8215,0,50
311,230,8240,0,50
311,230,8265,0,50
311,230,8290,0,50
311,230,8390,0,50
311,230,8440,0,50
311,230,8465,0,50
311,230,8490,0,50
311,230,8515,0,50
311,230,8540,0,50
311,230,8565,0,50
311,230,8590,0,50
311,320,1125,0,50
311,320,2536,0,50
311,320,2850,0,50
311,320,3050,0,50
311,320,3250,0,50
311,320,3400,0,50
311,340,2585,0,50
311,370,2100,0,50
311,370,2125,0,50
311,370,2415,0,50
311,370,2435,0,50
311,370,2535,0,50
311,370,2560,0,50
311,370,2562,0,50
311,370,5035,0,50
311,370,625,0,50
311,370,675,0,50
311,370,900,0,50
311,370,925,0,50
311,40,1025,0,50
311,40,1075,0,50
311,40,2225,0,50
311,40,2460,0,50
311,40,2585,0,50
311,40,2600,0,50
311,40,5035,0,50
311,40,5085,0,50
311,40,5120,0,50
311,40,5755,0,50
311,40,5760,0,50
311,40,5780,0,50
311,40,5790,0,50
311,40,5820,0,50
311,40,650,0,50
311,40,725,0,50
311,40,825,0,50
311,40,900,0,50
311,40,925,0,50
311,480,1000,0,50
311,480,1025,0,50
311,480,1050,0,50
311,480,1075,0,50
311,480,1087,0,50
311,480,1100,0,50
311,480,1125,0,50
311,480,1150,0,50
311,480,1175,0,50
311,480,1250,0,50
311,480,1275,0,50
311,480,1300,0,50
311,480,2000,0,50
311,480,2025,0,50
311,480,2050,0,50
311,480,2075,0,50
311,480,2100,0,50
311,480,2125,0,50
311,480,2150,0,50
311,480,2175,0,50
311,480,2200,0,50
311,480,2225,0,50
311,480,2250,0,50
311,480,2275,0,50
311,480,2300,0,50
311,480,2325,0,50
311,480,2350,0,50
311,480,2375,0,50
311,480,2435,0,50
311,480,2439,0,50
311,480,2450,0,50
311,480,2451,0,50
311,480,2454,0,50
311,480,2460,0,50
311,480,2476,0,50
311,480,2485,0,50
311,480,2535,0,50
311,480,2560,0,50
311,480,2561,0,50
311,480,2581,0,50
311,480,2585,0,50
311,480,2600,0,50
311,480,5230,0,50
311,480,625,0,50
311,480,650,0,50
311,480,66486,0,50
311,480,66511,0,50
311,480,66536,0,50
311,480,66561,0,50
311,480,66586,0,50
311,480,66611,0,50
311,480,66636,0,50
311,480,66661,0,50
311,480,66686,0,50
311,480,66711,0,50
311,480,66736,0,50
311,480,66761,0,50
311,480,66786,0,50
311,480,66811,0,50
311,480,66836,0,50
311,480,66861,0,50
311,480,66886,0,50
311,480,66911,0,50
311,480,66936,0,50
311,480,66961,0,50
311,480,66986,0,50
311,480,67011,0,50
311,480,67086,0,50
311,480,675,0,50
311,480,700,0,50
311,480,725,0,50
311,480,750,0,50
311,480,775,0,50
311,480,800,0,50
311,480,825,0,50
311,480,850,0,50
311,480,875,0,50
311,480,900,0,50
311,480,925,0,50
311,480,950,0,50
311,480,975,0,50
311,490,1000,0,50
311,490,1025,0,50
311,490,1050,0,50
311,490,1075,0,50
311,490,1100,0,50
311,490,1125,0,50
311,490,1150,0,50
311,490,2200,0,50
311,490,2300,0,50
311,490,2325,0,50
311,490,2350,0,50
311,490,5035,0,50
311,490,650,0,50
311,490,66736,0,50
311,490,66786,0,50
311,490,66811,0,50
311,490,66836,0,50
311,490,675,0,50
311,490,676,0,50
311,490,700,0,50
311,490,775,0,50
311,490,776,0,50
311,490,825,0,50
311,490,850,0,50
311,490,851,0,50
311,490,875,0,50
311,490,876,0,50
311,490,900,0,50
311,490,901,0,50
311,490,925,0,50
311,490,950,0,50
311,490,975,0,50
311,530,5035,0,50
311,560,2460,0,50
311,580,1000,0,50
311,580,1025,0,50
311,580,1050,0,50
311,580,1075,0,50
311,580,1100,0,50
311,580,1110,0,50
311,580,1125,0,50
311,580,1150,0,50
311,580,1175,0,50
311,580,2000,0,50
311,580,2050,0,50
311,580,2075,0,50
311,580,2100,0,50
311,580,2175,0,50
311,580,2225,0,50
311,580,2350,0,50
311,580,2425,0,50
311,580,2438,0,50
311,580,2463,0,50
311,580,2585,0,50
311,580,5035,0,50
311,580,5070,0,50
311,580,5090,0,50
311,580,5120,0,50
311,580,5145,0,50
311,580,625,0,50
311,580,635,0,50
311,580,650,0,50
311,580,66486,0,50
311,580,66586,0,50
311,580,66961,0,50
311,580,67011,0,50
311,580,675,0,50
311,580,68861,0,50
311,580,700,0,50
311,580,725,0,50
311,580,775,0,50
311,580,800,0,50
311,580,825,0,50
311,580,850,0,50
311,580,950,0,50
311,580,975,0,50
311,650,5120,0,50
311,650,5790,0,50
311,650,8340,0,50
311,650,8390,0,50
311,650,8540,0,50
311,650,8565,0,50
311,670,2535,0,50
311,710,650,0,50
311,780,1100,0,50
311,780,5145,0,50
311,780,700,0,50
311,80,2000,0,50
311,80,5120,0,50
311,80,5760,0,50
311,80,5790,0,50
311,850,1025,0,50
311,850,1100,0,50
311,850,2000,0,50
311,850,2100,0,50
311,850,2175,0,50
311,850,2350,0,50
311,850,2581,0,50
311,850,5230,0,50
311,850,5765,0,50
311,850,975,0,50
311,990,5815,0,50
312,130,5120,0,50
312,190,2585,0,50
312,190,5035,0,50
312,190,5065,0,50
312,190,5090,0,50
312,190,8065,0,50
312,190,8190,0,50
312,190,8265,0,50
312,190,8390,0,50
312,190,8440,0,50
312,190,8465,0,50
312,190,8490,0,50
312,190,8565,0,50
312,190,8590,0,50
312,20,5035,0,50
312,20,5060,0,50
312,260,2200,0,50
312,280,5035,0,50
312,280,5145,0,50
312,280,5815,0,50
312,280,66911,0,50
312,280,68886,0,50
312,280,8215,0,50
312,280,8315,0,50
312,280,8415,0,50
312,280,8665,0,50
312,280,875,0,50
312,280,975,0,50
312,290,1100,0,50
312,290,2000,0,50
312,290,2585,0,50
312,290,850,0,50
312,290,975,0,50
312,350,5760,0,50
312,350,5790,0,50
312,420,40978,0,50
312,420,41176,0,50
312,420,5090,0,50
312,420,5120,0,50
312,420,5145,0,50
312,420,5790,0,50
312,420,8315,0,50
312,420,8340,0,50
312,420,8565,0,50
312,420,8590,0,50
312,420,8615,0,50
312,420,8640,0,50
312,420,8665,0,50
312,420,8750,0,50
312,430,5090,0,50
312,480,5095,0,50
312,480,5120,0,50
312,480,5145,0,50
312,480,5765,0,50
312,480,5790,0,50
312,480,5815,0,50
312,530,39680,0,50
312,530,39750,0,50
312,530,39758,0,50
312,530,39793,0,50
312,530,39810,0,50
312,530,39874,0,50
312,530,39948,0,50
312,530,39958,0,50
312,530,39991,0,50
312,530,40008,0,50
312,530,40072,0,50
312,530,40123,0,50
312,530,40146,0,50
312,530,40154,0,50
312,530,40189,0,50
312,530,40270,0,50
312,530,40468,0,50
312,530,40780,0,50
312,530,40896,0,50
312,530,40913,0,50
312,530,40950,0,50
312,530,40978,0,50
312,530,41046,0,50
312,530,41078,0,50
312,530,41094,0,50
312,530,41111,0,50
312,530,41127,0,50
312,530,41176,0,50
312,530,41211,0,50
312,530,41244,0,50
312,530,41276,0,50
312,530,41292,0,50
312,530,41309,0,50
312,530,41320,0,50
312,530,41325,0,50
312,530,41343,0,50
312,530,41347,0,50
312,530,41349,0,50
312,530,41368,0,50
312,530,41374,0,50
312,530,41442,0,50
312,530,41474,0,50
312,530,41490,0,50
312,530,5230,0,50
312,530,8065,0,50
312,530,8071,0,50
312,530,8090,0,50
312,530,8096,0,50
312,530,8109,0,50
312,530,8115,0,50
312,530,8134,0,50
312,530,8140,0,50
312,530,8165,0,50
312,530,8171,0,50
312,530,8265,0,50
312,530,8270,0,50
312,530,8290,0,50
312,530,8296,0,50
312,530,8309,0,50
312,530,8315,0,50
312,530,8321,0,50
312,530,8334,0,50
312,530,8340,0,50
312,530,8364,0,50
312,530,8365,0,50
312,530,8390,0,50
312,530,8415,0,50
312,530,8465,0,50
312,530,8515,0,50
312,530,8540,0,50
312,530,8565,0,50
312,530,8615,0,50
312,530,8640,0,50
312,530,8665,0,50
312,530,8745,0,50
312,530,8763,0,50
312,530,8775,0,50
312,590,39810,0,50
312,720,8706,0,50
312,720,8763,0,50
313,100,1100,0,50
313,100,5110,0,50
330,110,2100,0,50
330,110,39955,0,50
330,110,40285,0,50
330,110,5035,0,50
330,110,5060,0,50
330,110,66936,0,50
330,120,5230,0,50
330,120,8165,0,50
330,120,8665,0,50
334,140,9310,0,50
334,140,9435,0,50
334,20,1500,0,50
334,20,2050,0,50
334,20,2800,0,50
334,20,2825,0,50
334,20,2850,0,50
334,20,2975,0,50
334,20,66536,0,50
334,20,67036,0,50
334,3,875,0,50
334,3,900,0,50
334,3,925,0,50
334,50,2250,0,50
334,50,2435,0,50
334,50,2475,0,50
334,90,2250,0,50
334,90,2375,0,50
334,90,2435,0,50
334,90,2475,0,50
338,180,2300,0,50
338,180,5035,0,50
338,180,900,0,50
338,180,925,0,50
338,5,1070,0,50
338,5,1100,0,50
338,5,1300,0,50
338,5,1450,0,50
338,5,2025,0,50
338,5,2060,0,50
338,5,2300,0,50
338,5,5110,0,50
338,5,5120,0,50
338,5,5230,0,50
338,5,5780,0,50
338,5,5790,0,50
338,5,5816,0,50
338,5,675,0,50
338,5,700,0,50
338,5,900,0,50
338,5,950,0,50
338,50,1590,0,50
338,50,2550,0,50
338,50,5230,0,50
338,50,700,0,50
338,50,875,0,50
340,1,1300,0,50
340,1,1450,0,50
340,1,1500,0,50
340,1,3000,0,50
340,1,3050,0,50
340,1,6300,0,50
340,2,1500,0,50
340,2,1650,0,50
340,2,1675,0,50
340,2,3375,0,50
340,2,6200,0,50
340,2,6400,0,50
340,20,1275,0,50
340,20,1700,0,50
340,20,1850,0,50
340,20,2850,0,50
340,20,6400,0,50
340,8,1675,0,50
342,600,2450,0,50
342,600,910,0,50
344,3,1100,0,50
344,920,2050,0,50
344,920,2200,0,50
344,920,800,0,50
346,140,5790,0,50
346,140,875,0,50
348,170,1125,0,50
348,170,2325,0,50
348,170,5790,0,50
348,570,825,0,50
348,770,2175,0,50
348,770,5230,0,50
350,0,1125,0,50
350,0,5790,0,50
352,110,1075,0,50
352,110,5205,0,50
356,110,1125,0,50
356,110,5230,0,50
358,110,1125,0,50
358,110,5230,0,50
360,110,5230,0,50
362,51,1500,0,50
362,69,1500,0,50
362,69,1550,0,50
362,78,1250,0,50
362,91,1225,0,50
362,91,1300,0,50
362,91,1350,0,50
363,1,1850,0,50
363,1,6350,0,50
363,1,9310,0,50
363,2,1350,0,50
364,39,1125,0,50
364,39,2000,0,50
364,39,5780,0,50
364,49,2125,0,50
364,49,5230,0,50
364,49,725,0,50
364,49,750,0,50
365,840,1175,0,50
365,840,5230,0,50
366,110,1125,0,50
366,110,5230,0,50
368,1,1600,0,50
370,1,2450,0,50
370,1,700,0,50
370,2,2300,0,50
370,2,2850,0,50
370,2,3048,0,50
370,2,900,0,50
370,4,2000,0,50
372,3,1800,0,50
372,3,1850,0,50
372,3,2000,0,50
374,12,755,0,50
374,130,1049,0,50
376,350,5230,0,50
376,350,725,0,50
400,1,1750,0,50
400,1,1850,0,50
400,1,1874,0,50
400,2,1400,0,50
400,2,1456,0,50
400,2,1600,0,50
400,6,1600,0,50
400,6,1800,0,50
400,6,6200,0,50
400,6,6365,0,50
401,1,1302,0,50
401,1,1350,0,50
401,1,1450,0,50
401,1,1475,0,50
401,1,1500,0,50
401,1,250,0,50
401,1,275,0,50
401,1,300,0,50
401,1,350,0,50
401,1,6200,0,50
401,1,6225,0,50
401,1,6300,0,50
401,1,6350,0,50
401,1,6400,0,50
401,2,1302,0,50
401,2,1325,0,50
401,2,1350,0,50
401,2,150,0,50
401,2,1500,0,50
401,2,6300,0,50
401,2,6350,0,50
401,2,6400,0,50
401,77,1652,0,50
401,77,1679,0,50
401,77,1706,0,50
401,77,1850,0,50
401,77,550,0,50
402,11,1350,0,50
402,11,1500,0,50
402,11,9560,0,50
402,77,1250,0,50
402,77,1700,0,50
402,77,9310,0,50
404,1,1276,0,50
404,1,240,0,50
404,1,3623,0,50
404,1,40140,0,50
404,10,1300,0,50
404,10,240,0,50
404,10,3665,0,50
404,10,39025,0,50
404,10,39050,0,50
404,10,39175,0,50
404,10,39200,0,50
404,11,1375,0,50
404,11,3601,0,50
404,11,3626,0,50
404,11,41140,0,50
404,12,1276,0,50
404,12,240,0,50
404,12,40140,0,50
404,14,1434,0,50
404,14,40090,0,50
404,15,1345,0,50
404,15,1362,0,50
404,15,265,0,50
404,15,290,0,50
404,15,315,0,50
404,15,3638,0,50
404,15,40140,0,50
404,16,1500,0,50
404,16,1509,0,50
404,16,3633,0,50
404,16,39125,0,50
404,16,39150,0,50
404,16,39275,0,50
404,16,39300,0,50
404,19,1251,0,50
404,19,1301,0,50
404,19,3613,0,50
404,19,39200,0,50
404,19,40090,0,50
404,19,40140,0,50
404,19,415,0,50
404,2,1251,0,50
404,2,3626,0,50
404,2,38950,0,50
404,20,1324,0,50
404,20,215,0,50
404,20,3626,0,50
404,20,41140,0,50
404,22,1256,0,50
404,22,215,0,50
404,22,240,0,50
404,22,3576,0,50
404,22,39200,0,50
404,22,40090,0,50
404,22,41140,0,50
404,24,1309,0,50
404,24,3576,0,50
404,24,41140,0,50
404,24,514,0,50
404,27,1256,0,50
404,27,215,0,50
404,27,40090,0,50
404,27,41140,0,50
404,3,1250,0,50
404,3,3626,0,50
404,3,39100,0,50
404,3,39250,0,50
404,30,1466,0,50
404,30,365,0,50
404,30,41140,0,50
404,31,1366,0,50
404,31,3620,0,50
404,31,39050,0,50
404,31,39051,0,50
404,31,39200,0,50
404,34,464,0,50
404,38,464,0,50
404,40,1508,0,50
404,40,390,0,50
404,40,39150,0,50
404,40,39300,0,50
404,43,1418,0,50
404,43,240,0,50
404,44,1405,0,50
404,45,1264,0,50
404,45,240,0,50
404,45,3626,0,50
404,45,39025,0,50
404,45,39050,0,50
404,45,39175,0,50
404,46,1301,0,50
404,46,1351,0,50
404,46,3613,0,50
404,46,39200,0,50
404,46,40140,0,50
404,46,40190,0,50
404,46,415,0,50
404,49,1373,0,50
404,49,3646,0,50
404,49,39025,0,50
404,49,39175,0,50
404,5,1309,0,50
404,5,3576,0,50
404,5,40090,0,50
404,5,41140,0,50
404,5,565,0,50
404,53,364,0,50
404,56,1250,0,50
404,56,1275,0,50
404,56,215,0,50
404,56,3638,0,50
404,56,40140,0,50
404,57,465,0,50
404,58,465,0,50
404,60,1451,0,50
404,60,290,0,50
404,60,315,0,50
404,60,3636,0,50
404,60,40140,0,50
404,66,465,0,50
404,7,1498,0,50
404,7,41090,0,50
404,7,515,0,50
404,70,1351,0,50
404,70,3584,0,50
404,70,39250,0,50
404,70,515,0,50
404,70,539,0,50
404,71,465,0,50
404,72,465,0,50
404,73,465,0,50
404,74,364,0,50
404,75,464,0,50
404,76,464,0,50
404,77,164,0,50
404,77,364,0,50
404,78,1276,0,50
404,78,3626,0,50
404,78,39200,0,50
404,78,40140,0,50
404,80,465,0,50
404,82,1432,0,50
404,82,1457,0,50
404,84,240,0,50
404,86,1405,0,50
404,86,3576,0,50
404,86,365,0,50
404,90,1450,0,50
404,90,390,0,50
404,90,39350,0,50
404,92,1425,0,50
404,92,3686,0,50
404,92,39050,0,50
404,92,39200,0,50
404,93,1501,0,50
404,93,340,0,50
404,93,39050,0,50
404,94,1508,0,50
404,94,390,0,50
404,94,39150,0,50
404,94,39300,0,50
404,95,1476,0,50
404,95,240,0,50
404,95,39050,0,50
404,96,1409,0,50
404,96,390,0,50
404,96,39250,0,50
404,97,1455,0,50
404,97,390,0,50
404,97,39250,0,50
404,98,1519,0,50
404,98,340,0,50
404,98,39050,0,50
404,98,39200,0,50
405,51,1566,0,50
405,51,39150,0,50
405,51,39300,0,50
405,52,1457,0,50
405,52,290,0,50
405,52,39050,0,50
405,52,39200,0,50
405,53,1521,0,50
405,53,365,0,50
405,53,39050,0,50
405,53,39200,0,50
405,54,1251,0,50
405,54,39050,0,50
405,55,1395,0,50
405,55,265,0,50
405,55,39250,0,50
405,55,565,0,50
405,56,1565,0,50
405,56,3650,0,50
405,56,39025,0,50
405,56,39050,0,50
405,56,39175,0,50
405,66,1320,0,50
405,67,1421,0,50
405,67,40140,0,50
405,70,1315,0,50
405,70,215,0,50
405,70,40090,0,50
405,751,1405,0,50
405,751,40140,0,50
405,753,1250,0,50
405,755,1360,0,50
405,755,40140,0,50
405,799,215,0,50
405,840,1254,0,50
405,840,2565,0,50
405,840,38750,0,50
405,840,38900,0,50
405,850,1250,0,50
405,852,1418,0,50
405,854,1234,0,50
405,854,2540,0,50
405,854,38750,0,50
405,854,38900,0,50
405,855,1230,0,50
405,855,2539,0,50
405,855,38750,0,50
405,855,38900,0,50
405,856,1226,0,50
405,856,2539,0,50
405,856,38750,0,50
405,856,38900,0,50
405,857,1444,0,50
405,857,2568,0,50
405,857,38750,0,50
405,857,38900,0,50
405,858,1484,0,50
405,858,2460,0,50
405,858,2569,0,50
405,858,38750,0,50
405,859,1355,0,50
405,859,2539,0,50
405,859,38750,0,50
405,859,38900,0,50
405,860,1471,0,50
405,860,2516,0,50
405,860,38750,0,50
405,861,1314,0,50
405,861,2540,0,50
405,861,38750,0,50
405,861,38900,0,50
405,862,1426,0,50
405,862,2540,0,50
405,862,38750,0,50
405,862,38900,0,50
405,863,1426,0,50
405,863,2515,0,50
405,863,38750,0,50
405,863,38900,0,50
405,864,1350,0,50
405,864,2543,0,50
405,864,38750,0,50
405,864,38900,0,50
405,865,1598,0,50
405,865,2539,0,50
405,865,38750,0,50
405,865,38900,0,50
405,866,1396,0,50
405,866,2539,0,50
405,866,38750,0,50
405,866,38900,0,50
405,867,1328,0,50
405,867,2502,0,50
405,867,38750,0,50
405,868,1251,0,50
405,868,2534,0,50
405,868,38750,0,50
405,869,1344,0,50
405,869,2540,0,50
405,869,38750,0,50
405,869,38900,0,50
405,870,1370,0,50
405,870,2484,0,50
405,870,38750,0,50
405,871,1437,0,50
405,871,2539,0,50
405,871,38750,0,50
405,872,1228,0,50
405,872,2485,0,50
405,872,38750,0,50
405,872,38900,0,50
405,873,1251,0,50
405,873,2559,0,50
405,873,38750,0,50
405,873,38900,0,50
405,874,1234,0,50
405,874,2539,0,50
405,874,38750,0,50
405,874,38900,0,50
410,1,1509,0,50
410,1,1818,0,50
410,1,1836,0,50
410,3,1320,0,50
410,4,1572,0,50
410,4,1577,0,50
410,4,1578,0,50
410,4,1582,0,50
410,4,1590,0,50
410,4,1597,0,50
410,4,1607,0,50
410,4,1613,0,50
410,4,1623,0,50
410,5,1741,0,50
410,6,1392,0,50
410,6,1420,0,50
410,6,2425,0,50
410,6,2450,0,50
410,7,1818,0,50
410,7,1836,0,50
412,1,1455,0,50
412,20,1557,0,50
412,40,1277,0,50
412,50,1354,0,50
412,50,1379,0,50
412,50,1850,0,50
413,1,1275,0,50
413,1,2490,0,50
413,2,1650,0,50
413,2,3750,0,50
414,1,1500,0,50
414,1,250,0,50
414,1,274,0,50
414,1,3724,0,50
414,5,1850,0,50
414,5,3575,0,50
414,5,425,0,50
414,6,1300,0,50
414,6,3624,0,50
414,6,549,0,50
414,6,550,0,50
414,6,574,0,50
414,9,1675,0,50
414,9,3492,0,50
414,9,525,0,50
414,9,75,0,50
415,1,1650,0,50
415,1,6375,0,50
415,3,1300,0,50
415,3,6225,0,50
416,1,1850,0,50
416,3,1450,0,50
416,3,1475,0,50
416,77,1700,0,50
416,77,3300,0,50
416,77,3601,0,50
417,1,1875,0,50
417,2,1625,0,50
417,50,2850,0,50
417,50,6250,0,50
418,66,2850,0,50
418,66,2900,0,50
418,66,3098,0,50
418,66,6330,0,50
418,71,9435,0,50
418,77,38900,0,50
418,77,39098,0,50
418,77,39350,0,50
418,82,37850,0,50
418,82,37950,0,50
418,82,38048,0,50
418,82,38148,0,50
419,2,1724,0,50
419,2,301,0,50
419,2,3050,0,50
419,2,351,0,50
419,2,6200,0,50
419,3,100,0,50
419,3,150,0,50
419,3,1548,0,50
419,3,2850,0,50
419,3,6300,0,50
419,4,1875,0,50
419,4,3250,0,50
419,4,3394,0,50
419,4,476,0,50
419,4,6400,0,50
420,1,1279,0,50
420,1,1306,0,50
420,1,1450,0,50
420,1,1776,0,50
420,1,38750,0,50
420,1,38810,0,50
420,1,39008,0,50
420,1,39146,0,50
420,1,39210,0,50
420,1,39344,0,50
420,1,450,0,50
420,1,451,0,50
420,1,475,0,50
420,1,476,0,50
420,1,500,0,50
420,1,9310,0,50
420,3,1825,0,50
420,3,1850,0,50
420,3,1900,0,50
420,3,326,0,50
420,3,351,0,50
420,3,37950,0,50
420,3,39994,0,50
420,3,40194,0,50
420,3,40392,0,50
420,3,40590,0,50
420,3,6200,0,50
420,4,100,0,50
420,4,124,0,50
420,4,149,0,50
420,4,1650,0,50
420,4,3510,0,50
420,4,6300,0,50
421,3,1652,0,50
421,3,1850,0,50
421,5,40540,0,50
421,5,40940,0,50
422,2,1700,0,50
422,2,174,0,50
422,2,1871,0,50
422,2,3050,0,50
422,2,3526,0,50
422,2,3550,0,50
422,2,6300,0,50
422,3,124,0,50
422,3,1500,0,50
422,3,2850,0,50
422,3,3702,0,50
422,3,6400,0,50
424,10,9260,0,50
424,2,1300,0,50
424,2,1350,0,50
424,2,1651,0,50
424,2,3618,0,50
424,2,3643,0,50
424,2,499,0,50
424,2,524,0,50
424,2,549,0,50
424,2,6225,0,50
424,3,1850,0,50
424,3,6375,0,50
425,1,1600,0,50
425,1,3050,0,50
425,1,550,0,50
425,1,9460,0,50
425,2,1283,0,50
425,2,1325,0,50
425,2,1400,0,50
425,3,1800,0,50
425,3,1825,0,50
425,7,1600,0,50
425,7,3050,0,50
425,7,550,0,50
425,7,9460,0,50
425,8,1400,0,50
425,9,1400,0,50
426,1,1850,0,50
426,1,225,0,50
426,2,101,0,50
426,2,1350,0,50
426,2,6300,0,50
426,4,1600,0,50
426,4,450,0,50
426,4,6200,0,50
427,1,101,0,50
427,1,1600,0,50
427,1,2850,0,50
427,1,6400,0,50
427,2,1850,0,50
427,2,3050,0,50
427,2,400,0,50
427,2,6300,0,50
428,1,1725,0,50
428,6,1850,0,50
428,88,1350,0,50
428,88,1375,0,50
428,88,1400,0,50
428,88,3350,0,50
428,88,3375,0,50
428,88,9410,0,50
428,88,9460,0,50
428,99,1500,0,50
428,99,1550,0,50
428,99,2850,0,50
428,99,9560,0,50
428,99,9585,0,50
429,1,1300,0,50
429,2,1478,0,50
429,2,1481,0,50
429,4,1683,0,50
432,11,1398,0,50
432,11,1423,0,50
432,11,1425,0,50
432,11,1524,0,50
432,11,3025,0,50
432,11,3075,0,50
432,11,3300,0,50
432,11,3325,0,50
432,11,3650,0,50
432,11,3692,0,50
432,11,3750,0,50
432,12,6180,0,50
432,12,6250,0,50
432,12,6340,0,50
432,20,1650,0,50
432,20,300,0,50
432,20,3525,0,50
432,35,1775,0,50
432,35,1800,0,50
432,35,199,0,50
432,35,2850,0,50
432,35,3050,0,50
432,35,3550,0,50
434,4,1480,0,50
434,4,1502,0,50
434,4,1528,0,50
434,4,2435,0,50
434,4,3050,0,50
434,4,5900,0,50
434,4,5925,0,50
434,5,1295,0,50
434,5,3225,0,50
434,5,3250,0,50
434,5,3375,0,50
434,5,3400,0,50
434,5,5230,0,50
434,7,1688,0,50
434,7,1689,0,50
434,7,2850,0,50
434,7,6330,0,50
434,8,1857,0,50
436,1,1450,0,50
436,1,6300,0,50
436,2,1450,0,50
436,2,6300,0,50
436,3,1675,0,50
436,3,1897,0,50
436,3,2850,0,50
436,3,3048,0,50
436,3,6200,0,50
436,4,1575,0,50
437,1,1251,0,50
437,1,6200,0,50
437,5,151,0,50
437,5,1700,0,50
437,5,1850,0,50
437,5,351,0,50
437,5,401,0,50
437,5,6400,0,50
437,9,1525,0,50
437,9,2950,0,50
437,9,3350,0,50
437,9,50,0,50
437,9,6300,0,50
438,2,2825,0,50
440,0,1675,0,50
440,10,1850,0,50
440,10,276,0,50
440,10,6100,0,50
440,10,6525,0,50
440,10,9510,0,50
440,20,1674,0,50
440,20,1675,0,50
440,20,3750,0,50
440,20,40196,0,50
440,20,40340,0,50
440,20,43291,0,50
440,20,43489,0,50
440,20,475,0,50
440,20,4800,0,50
440,20,9610,0,50
440,5,40340,0,50
440,50,100,0,50
440,50,40842,0,50
440,50,41040,0,50
440,50,42892,0,50
440,50,43090,0,50
440,50,4900,0,50
440,50,5900,0,50
440,50,9410,0,50
440,51,100,0,50
440,51,1300,0,50
440,51,40842,0,50
440,51,41040,0,50
440,51,42892,0,50
440,51,43090,0,50
440,51,4900,0,50
440,51,5900,0,50
440,51,9410,0,50
441,10,40842,0,50
441,10,41040,0,50
441,91,3625,0,50
450,32,9410,0,50
450,5,1350,0,50
450,5,2500,0,50
450,5,275,0,50
450,5,2850,0,50
450,5,3200,0,50
450,6,100,0,50
450,6,2600,0,50
450,6,3050,0,50
450,8,1550,0,50
450,8,1650,0,50
450,8,1694,0,50
450,8,3743,0,50
450,8,3745,0,50
450,8,450,0,50
450,8,475,0,50
452,1,1477,0,50
452,1,1501,0,50
452,2,1300,0,50
452,2,1324,0,50
452,2,1325,0,50
452,2,575,0,50
452,4,1700,0,50
452,4,2850,0,50
452,4,2950,0,50
452,4,3050,0,50
452,4,350,0,50
452,5,3480,0,50
452,5,376,0,50
454,0,1385,0,50
454,0,1851,0,50
454,0,2850,0,50
454,0,3150,0,50
454,12,102,0,50
454,12,1651,0,50
454,12,3350,0,50
454,12,38852,0,50
454,12,39050,0,50
454,3,1751,0,50
454,3,2850,0,50
454,3,3649,0,50
454,3,39350,0,50
454,3,499,0,50
454,6,1551,0,50
454,6,3000,0,50
454,6,374,0,50
454,6,3750,0,50
455,0,1650,0,50
455,1,1500,0,50
455,1,3175,0,50
455,1,475,0,50
455,5,1250,0,50
455,7,1875,0,50
456,1,1700,0,50
456,1,1844,0,50
456,1,550,0,50
456,11,2427,0,50
456,11,2450,0,50
456,6,1400,0,50
456,6,3350,0,50
456,6,37900,0,50
456,6,38100,0,50
456,6,39310,0,50
456,6,75,0,50
456,8,1250,0,50
456,8,1575,0,50
456,8,2482,0,50
456,8,2510,0,50
456,8,2800,0,50
456,8,2850,0,50
456,8,2900,0,50
456,8,3100,0,50
457,1,100,0,50
457,1,1725,0,50
457,1,1750,0,50
457,1,1894,0,50
457,1,2850,0,50
457,1,3700,0,50
457,1,3724,0,50
457,1,38850,0,50
457,1,50,0,50
457,1,75,0,50
457,2,1576,0,50
457,2,3350,0,50
457,3,1250,0,50
457,3,1400,0,50
457,3,2450,0,50
457,3,3075,0,50
457,3,3100,0,50
457,3,3300,0,50
460,0,1250,0,50
460,0,1275,0,50
460,0,1276,0,50
460,0,1282,0,50
460,0,1300,0,50
460,0,1301,0,50
460,0,1302,0,50
460,0,1303,0,50
460,0,1309,0,50
460,0,1321,0,50
460,0,1322,0,50
460,0,1327,0,50
460,0,1350,0,50
460,0,1375,0,50
460,0,1400,0,50
460,0,1425,0,50
460,0,1450,0,50
460,0,3552,0,50
460,0,3576,0,50
460,0,3577,0,50
460,0,3588,0,50
460,0,3590,0,50
460,0,3591,0,50
460,0,3596,0,50
460,0,3600,0,50
460,0,3603,0,50
460,0,3615,0,50
460,0,3621,0,50
460,0,36275,0,50
460,0,36300,0,50
460,0,3641,0,50
460,0,3656,0,50
460,0,3658,0,50
460,0,3680,0,50
460,0,3682,0,50
460,0,3683,0,50
460,0,3692,0,50
460,0,3705,0,50
460,0,3714,0,50
460,0,37900,0,50
460,0,38092,0,50
460,0,38098,0,50
460,0,38100,0,50
460,0,38107,0,50
460,0,38350,0,50
460,0,38352,0,50
460,0,38355,0,50
460,0,38356,0,50
460,0,38375,0,50
460,0,38382,0,50
460,0,38400,0,50
460,0,38448,0,50
460,0,38450,0,50
460,0,38496,0,50
460,0,38500,0,50
460,0,38544,0,50
460,0,38548,0,50
460,0,38550,0,50
460,0,38950,0,50
460,0,39050,0,50
460,0,39148,0,50
460,0,39150,0,50
460,0,39248,0,50
460,0,39292,0,50
460,0,39300,0,50
460,0,39340,0,50
460,0,40540,0,50
460,0,40738,0,50
460,0,40740,0,50
460,0,40936,0,50
460,0,40937,0,50
460,0,40938,0,50
460,0,40939,0,50
460,0,40940,0,50
460,0,41134,0,50
460,0,41138,0,50
460,0,41140,0,50
460,0,41143,0,50
460,0,41332,0,50
460,1,1452,0,50
460,1,1475,0,50
460,1,1500,0,50
460,1,1505,0,50
460,1,1506,0,50
460,1,1515,0,50
460,1,1524,0,50
460,1,1525,0,50
460,1,1550,0,50
460,1,1556,0,50
460,1,1600,0,50
460,1,1650,0,50
460,1,1675,0,50
460,1,1825,0,50
460,1,2452,0,50
460,1,300,0,50
460,1,325,0,50
460,1,350,0,50
460,1,351,0,50
460,1,355,0,50
460,1,3713,0,50
460,1,3714,0,50
460,1,3715,0,50
460,1,3716,0,50
460,1,3717,0,50
460,1,3724,0,50
460,1,3725,0,50
460,1,3726,0,50
460,1,3730,0,50
460,1,3731,0,50
460,1,3732,0,50
460,1,3739,0,50
460,1,3740,0,50
460,1,3741,0,50
460,1,3742,0,50
460,1,3743,0,50
460,1,3744,0,50
460,1,3745,0,50
460,1,375,0,50
460,1,3750,0,50
460,1,3755,0,50
460,1,376,0,50
460,1,3765,0,50
460,1,3768,0,50
460,1,3770,0,50
460,1,3771,0,50
460,1,400,0,50
460,1,401,0,50
460,1,450,0,50
460,1,475,0,50
460,1,500,0,50
460,11,100,0,50
460,11,1650,0,50
460,11,1823,0,50
460,11,1825,0,50
460,11,1843,0,50
460,11,1850,0,50
460,11,2446,0,50
460,11,2452,0,50
460,11,2458,0,50
460,11,500,0,50
460,11,575,0,50
460,11,75,0,50
460,35,100,0,50
460,35,1850,0,50
460,60,39400,0,50
460,60,9460,0,50
460,60,9530,0,50
460,66,37825,0,50
466,1,1550,0,50
466,1,3250,0,50
466,1,9360,0,50
466,5,9260,0,50
466,89,2850,0,50
466,89,3550,0,50
466,89,3575,0,50
466,92,1400,0,50
466,92,1750,0,50
466,92,3050,0,50
466,92,3400,0,50
466,92,3625,0,50
466,92,3650,0,50
466,97,1275,0,50
466,97,275,0,50
466,97,9485,0,50
466,97,9560,0,50
470,1,1547,0,50
470,1,3772,0,50
470,2,1387,0,50
470,2,1388,0,50
470,2,3690,0,50
470,3,1700,0,50
470,3,1726,0,50
472,1,1302,0,50
472,1,1500,0,50
472,1,1525,0,50
472,1,3350,0,50
472,2,100,0,50
472,2,1704,0,50
472,2,1848,0,50
472,2,50,0,50
502,12,1300,0,50
502,12,249,0,50
502,12,2850,0,50
502,12,3750,0,50
502,153,2425,0,50
502,153,39350,0,50
502,16,1850,0,50
502,16,3350,0,50
502,16,3524,0,50
502,16,549,0,50
502,18,100,0,50
502,18,1475,0,50
502,18,3000,0,50
502,18,75,0,50
502,19,1650,0,50
502,19,3100,0,50
505,1,100,0,50
505,1,1225,0,50
505,1,1250,0,50
505,1,1275,0,50
505,1,1300,0,50
505,1,1350,0,50
505,1,1471,0,50
505,1,1498,0,50
505,1,1521,0,50
505,1,1550,0,50
505,1,2950,0,50
505,1,3148,0,50
505,1,3608,0,50
505,1,9410,0,50
505,111,9310,0,50
505,2,1575,0,50
505,2,1700,0,50
505,2,1725,0,50
505,2,1750,0,50
505,2,1800,0,50
505,2,1850,0,50
505,2,250,0,50
505,2,275,0,50
505,2,3350,0,50
505,2,350,0,50
505,2,3702,0,50
505,2,38770,0,50
505,2,38968,0,50
505,2,39010,0,50
505,2,39050,0,50
505,2,39132,0,50
505,2,39166,0,50
505,2,39208,0,50
505,2,39248,0,50
505,2,39330,0,50
505,2,39364,0,50
505,2,400,0,50
505,2,426,0,50
505,2,9260,0,50
505,23,250,0,50
505,25,150,0,50
505,25,1800,0,50
505,3,1225,0,50
505,3,1400,0,50
505,3,1406,0,50
505,3,1425,0,50
505,3,1550,0,50
505,3,1825,0,50
505,3,1875,0,50
505,3,1900,0,50
505,3,2435,0,50
505,3,2460,0,50
505,3,25,0,50
505,3,250,0,50
505,3,50,0,50
505,3,550,0,50
505,3,575,0,50
505,3,75,0,50
505,31,50,0,50
505,34,350,0,50
505,37,250,0,50
510,1,1625,0,50
510,1,3676,0,50
510,1,500,0,50
510,10,1850,0,50
510,10,1875,0,50
510,10,250,0,50
510,10,251,0,50
510,10,275,0,50
510,10,276,0,50
510,10,3500,0,50
510,10,38750,0,50
510,10,38894,0,50
510,11,1313,0,50
510,11,1325,0,50
510,11,326,0,50
510,11,351,0,50
510,11,3750,0,50
510,28,2450,0,50
510,28,2477,0,50
510,89,100,0,50
510,89,1475,0,50
510,9,2450,0,50
510,9,39050,0,50
510,9,39194,0,50
514,1,1425,0,50
514,1,2425,0,50
514,1,2450,0,50
514,2,1276,0,50
514,3,1699,0,50
515,2,1525,0,50
515,2,1650,0,50
515,2,1875,0,50
515,2,38725,0,50
515,2,39525,0,50
515,2,39790,0,50
515,2,40364,0,50
515,2,40562,0,50
515,2,40760,0,50
515,2,9305,0,50
515,3,1350,0,50
515,3,150,0,50
515,3,1750,0,50
515,3,200,0,50
515,3,2460,0,50
515,3,38927,0,50
515,3,39125,0,50
515,3,39323,0,50
515,3,9475,0,50
515,3,9485,0,50
520,0,2450,0,50
520,15,550,0,50
520,18,1675,0,50
520,3,1450,0,50
520,3,350,0,50
520,3,3625,0,50
520,3,3637,0,50
520,3,3650,0,50
520,3,3672,0,50
520,4,1275,0,50
520,4,226,0,50
520,4,250,0,50
520,4,3750,0,50
520,4,3775,0,50
520,47,38852,0,50
520,47,39050,0,50
520,47,39248,0,50
520,5,100,0,50
520,5,1575,0,50
520,5,76,0,50
525,1,1300,0,50
525,1,1444,0,50
525,1,3250,0,50
525,3,1850,0,50
525,3,3050,0,50
525,5,1600,0,50
525,5,2850,0,50
528,11,1650,0,50
528,11,1850,0,50
528,2,1850,0,50
530,1,176,0,50
530,1,1800,0,50
530,1,3375,0,50
530,1,9310,0,50
530,1,9485,0,50
530,24,1250,0,50
530,24,1350,0,50
530,24,3622,0,50
530,24,9310,0,50
530,24,9485,0,50
530,24,9610,0,50
530,5,1550,0,50
530,5,1600,0,50
530,5,1625,0,50
530,5,1650,0,50
530,5,3050,0,50
530,5,350,0,50
530,5,375,0,50
530,5,38854,0,50
530,5,39052,0,50
530,5,39250,0,50
530,5,9310,0,50
530,5,9485,0,50
537,2,1800,0,50
537,3,1400,0,50
537,3,9435,0,50
539,1,1356,0,50
539,1,1500,0,50
539,88,1800,0,50
539,88,9585,0,50
540,1,1355,0,50
540,1,9435,0,50
541,1,1300,0,50
541,1,1471,0,50
541,5,1700,0,50
541,5,1850,0,50
541,5,1875,0,50
542,1,1300,0,50
542,1,1498,0,50
542,2,1300,0,50
542,2,1850,0,50
542,2,40380,0,50
542,2,9310,0,50
543,1,3600,0,50
544,110,5060,0,50
544,110,875,0,50
545,1,1300,0,50
546,1,1500,0,50
546,1,1700,0,50
546,1,6225,0,50
546,1,6375,0,50
547,15,353,0,50
547,15,497,0,50
547,15,6400,0,50
547,20,3050,0,50
547,20,6200,0,50
547,5,6300,0,50
548,1,1300,0,50
548,1,9310,0,50
549,0,1300,0,50
549,0,9285,0,50
549,27,1550,0,50
549,27,9435,0,50
550,1,1300,0,50
551,1,9430,0,50
552,1,9310,0,50
553,1,2450,0,50
602,1,1634,0,50
602,1,199,0,50
602,1,224,0,50
602,10,6240,0,50
602,2,1760,0,50
602,2,3724,0,50
602,2,3728,0,50
602,2,450,0,50
602,2,500,0,50
602,2,525,0,50
602,2,550,0,50
602,2,575,0,50
602,3,1301,0,50
602,3,1325,0,50
602,3,3524,0,50
602,4,1535,0,50
602,4,9260,0,50
603,1,1680,0,50
603,2,1500,0,50
603,3,1860,0,50
603,3,376,0,50
604,0,1850,0,50
604,0,1875,0,50
604,0,3250,0,50
604,0,6200,0,50
604,0,6225,0,50
604,1,1350,0,50
604,1,1375,0,50
604,1,1400,0,50
604,1,3050,0,50
604,1,6275,0,50
604,1,6300,0,50
604,2,1500,0,50
604,2,1650,0,50
604,2,2850,0,50
604,2,6400,0,50
605,1,1475,0,50
605,1,1600,0,50
605,1,425,0,50
605,1,6300,0,50
605,2,1350,0,50
605,2,1375,0,50
605,2,6200,0,50
605,3,151,0,50
605,3,1775,0,50
605,3,1800,0,50
605,3,6400,0,50
606,0,1400,0,50
606,0,1401,0,50
606,0,150,0,50
606,1,1600,0,50
606,1,1700,0,50
606,3,6350,0,50
607,2,3350,0,50
607,2,6350,0,50
607,4,1896,0,50
607,4,6200,0,50
608,1,1464,0,50
608,1,6300,0,50
608,2,1800,0,50
608,2,6400,0,50
610,1,1533,0,50
610,2,1761,0,50
610,2,6400,0,50
611,1,3350,0,50
611,1,6400,0,50
612,2,3350,0,50
612,2,6400,0,50
612,3,2850,0,50
612,3,39500,0,50
612,3,6300,0,50
612,5,3150,0,50
612,5,6200,0,50
613,1,1276,0,50
613,1,6200,0,50
613,2,1575,0,50
613,2,6300,0,50
614,2,1895,0,50
615,1,1900,0,50
615,1,2850,0,50
615,1,6200,0,50
615,3,1400,0,50
615,3,3250,0,50
616,2,2850,0,50
616,2,6300,0,50
616,3,3050,0,50
616,3,6400,0,50
617,1,1800,0,50
617,10,1350,0,50
617,10,3619,0,50
618,1,1800,0,50
618,1,1826,0,50
618,1,6350,0,50
618,7,1301,0,50
619,1,1375,0,50
619,5,6375,0,50
620,1,3200,0,50
620,1,6375,0,50
620,2,6250,0,50
621,20,1723,0,50
621,20,2850,0,50
621,30,1570,0,50
621,30,1575,0,50
621,30,1576,0,50
621,30,3000,0,50
621,30,3150,0,50
621,30,6200,0,50
621,30,9385,0,50
621,50,1449,0,50
621,50,9460,0,50
621,50,9485,0,50
621,60,1875,0,50
622,1,1760,0,50
622,1,1770,0,50
622,3,1645,0,50
624,1,1819,0,50
624,1,1869,0,50
624,1,6375,0,50
624,1,9460,0,50
624,2,1251,0,50
624,2,6300,0,50
625,1,1350,0,50
625,1,1400,0,50
625,1,6400,0,50
625,2,6300,0,50
627,1,6400,0,50
628,1,1510,0,50
628,1,3330,0,50
628,1,6200,0,50
628,3,1350,0,50
628,3,6300,0,50
629,1,1702,0,50
629,1,3648,0,50
629,10,1425,0,50
629,10,400,0,50
630,1,1898,0,50
630,1,1899,0,50
630,1,6300,0,50
630,2,1296,0,50
630,2,6400,0,50
630,86,1453,0,50
630,90,6200,0,50
631,2,1850,0,50
631,2,1875,0,50
631,2,6200,0,50
632,2,1510,0,50
632,2,6350,0,50
632,3,1714,0,50
632,3,6200,0,50
633,1,1849,0,50
633,1,6300,0,50
633,10,1300,0,50
633,10,6400,0,50
634,1,1799,0,50
634,1,1824,0,50
634,1,1848,0,50
634,2,1350,0,50
634,7,1550,0,50
634,7,6200,0,50
635,10,6350,0,50
635,17,6350,0,50
636,1,1765,0,50
637,1,1900,0,50
637,20,1848,0,50
637,20,6225,0,50
637,30,1500,0,50
637,30,6250,0,50
637,50,1848,0,50
637,50,6225,0,50
637,71,1720,0,50
637,71,1850,0,50
637,71,6350,0,50
637,71,6400,0,50
637,82,1452,0,50
637,82,6375,0,50
638,1,1302,0,50
638,1,6340,0,50
639,2,1650,0,50
639,2,1700,0,50
639,2,6400,0,50
639,3,6300,0,50
639,7,6200,0,50
640,2,1250,0,50
640,2,1350,0,50
640,2,6300,0,50
640,4,1650,0,50
640,4,9360,0,50
640,5,1499,0,50
640,7,1750,0,50
640,7,6200,0,50
640,9,2975,0,50
641,1,1600,0,50
641,1,2900,0,50
641,10,1874,0,50
641,10,3000,0,50
641,14,3100,0,50
641,14,6300,0,50
642,8,1530,0,50
642,8,6300,0,50
642,82,6400,0,50
643,3,1525,0,50
643,3,6200,0,50
643,3,6400,0,50
643,4,1423,0,50
643,4,1725,0,50
643,4,6300,0,50
645,1,1326,0,50
645,1,1350,0,50
645,1,550,0,50
645,2,1501,0,50
646,1,1251,0,50
646,2,1456,0,50
646,2,1479,0,50
646,4,1804,0,50
646,4,2850,0,50
647,0,1300,0,50
647,0,1500,0,50
647,0,3050,0,50
647,0,6400,0,50
647,10,1875,0,50
647,10,2850,0,50
647,10,6300,0,50
647,2,1302,0,50
647,3,1500,0,50
647,3,6200,0,50
647,4,1700,0,50
648,1,1375,0,50
648,4,1622,0,50
648,4,1627,0,50
648,5,39462,0,50
649,1,1279,0,50
649,1,1306,0,50
649,1,1450,0,50
649,1,150,0,50
649,3,1850,0,50
650,1,1347,0,50
650,1,37950,0,50
650,10,1574,0,50
651,1,1550,0,50
651,1,6350,0,50
651,2,1300,0,50
652,1,1354,0,50
652,1,2850,0,50
652,2,1898,0,50
652,2,3050,0,50
652,4,1600,0,50
653,10,1300,0,50
653,10,6200,0,50
653,2,1700,0,50
653,2,6275,0,50
653,2,6350,0,50
654,1,1548,0,50
654,1,300,0,50
654,1,6225,0,50
654,2,6400,0,50
655,1,125,0,50
655,1,1771,0,50
655,1,1776,0,50
655,1,1800,0,50
655,1,1877,0,50
655,1,3574,0,50
655,1,3576,0,50
655,1,3604,0,50
655,1,3614,0,50
655,1,37900,0,50
655,1,75,0,50
655,1,99,0,50
655,10,1273,0,50
655,10,1377,0,50
655,10,1625,0,50
655,10,3734,0,50
655,10,375,0,50
655,10,3750,0,50
655,10,400,0,50
655,10,425,0,50
655,19,1877,0,50
655,19,37900,0,50
655,2,1511,0,50
655,2,38750,0,50
655,2,38948,0,50
655,2,39146,0,50
655,2,476,0,50
655,38,1877,0,50
655,5,1771,0,50
655,5,1776,0,50
655,5,99,0,50
655,7,1377,0,50
655,7,1625,0,50
655,7,1629,0,50
655,7,274,0,50
655,7,3734,0,50
655,7,3750,0,50
655,7,400,0,50
658,1,1600,0,50
702,67,1150,0,50
702,67,5780,0,50
702,69,5230,0,50
704,1,1097,0,50
704,1,899,0,50
704,2,2486,0,50
704,2,2561,0,50
704,2,3350,0,50
704,2,3400,0,50
704,3,899,0,50
706,1,1025,0,50
706,1,725,0,50
706,3,2225,0,50
706,3,2250,0,50
706,3,2434,0,50
706,3,37850,0,50
706,3,775,0,50
706,4,1125,0,50
706,4,1150,0,50
706,4,2585,0,50
708,1,2250,0,50
708,1,750,0,50
708,2,2050,0,50
708,2,2543,0,50
710,21,1150,0,50
710,21,2050,0,50
710,21,9560,0,50
710,300,825,0,50
710,300,850,0,50
710,300,9310,0,50
712,1,1300,0,50
712,1,2571,0,50
712,1,2850,0,50
712,1,3048,0,50
712,1,3246,0,50
712,3,1551,0,50
712,4,1848,0,50
714,1,1125,0,50
714,1,1150,0,50
714,1,9310,0,50
714,20,1050,0,50
714,20,9410,0,50
714,3,865,0,50
714,3,882,0,50
714,3,9510,0,50
714,4,650,0,50
714,4,672,0,50
714,4,9610,0,50
716,10,2825,0,50
716,10,2850,0,50
716,10,2925,0,50
716,10,2950,0,50
716,10,2975,0,50
716,10,3355,0,50
716,10,675,0,50
716,10,700,0,50
716,10,9435,0,50
716,15,1150,0,50
716,15,2840,0,50
716,15,3130,0,50
716,15,3150,0,50
716,15,3160,0,50
716,15,3690,0,50
716,15,3712,0,50
716,15,3720,0,50
716,15,3750,0,50
716,17,2250,0,50
716,17,9285,0,50
716,6,2050,0,50
716,6,3644,0,50
716,6,9560,0,50
716,6,9585,0,50
722,310,2100,0,50
722,310,2975,0,50
722,310,800,0,50
722,310,850,0,50
722,310,9260,0,50
722,310,9360,0,50
722,310,9460,0,50
722,310,9485,0,50
722,34,1050,0,50
722,34,1075,0,50
722,34,2225,0,50
722,34,2476,0,50
722,34,3100,0,50
722,34,3150,0,50
722,34,3775,0,50
722,34,9260,0,50
722,34,9360,0,50
722,34,9485,0,50
722,34,950,0,50
722,34,975,0,50
722,399,2100,0,50
722,399,9485,0,50
722,7,1150,0,50
722,7,2000,0,50
722,7,2100,0,50
722,7,2825,0,50
722,7,650,0,50
722,7,9235,0,50
722,7,9250,0,50
722,7,9260,0,50
722,7,9360,0,50
722,7,9485,0,50
724,10,1699,0,50
724,10,1800,0,50
724,10,2800,0,50
724,10,3200,0,50
724,10,3350,0,50
724,10,3375,0,50
724,10,550,0,50
724,10,9510,0,50
724,11,1576,0,50
724,11,1799,0,50
724,11,1800,0,50
724,11,2800,0,50
724,11,3200,0,50
724,11,3350,0,50
724,11,3375,0,50
724,11,547,0,50
724,11,9410,0,50
724,11,9460,0,50
724,11,9510,0,50
724,16,1500,0,50
724,16,1525,0,50
724,16,1527,0,50
724,16,1550,0,50
724,16,1551,0,50
724,16,1552,0,50
724,16,3100,0,50
724,16,3150,0,50
724,16,3200,0,50
724,2,1400,0,50
724,2,1449,0,50
724,2,1450,0,50
724,2,1474,0,50
724,2,1542,0,50
724,2,1549,0,50
724,2,1551,0,50
724,2,1576,0,50
724,2,200,0,50
724,2,225,0,50
724,2,2455,0,50
724,2,2480,0,50
724,2,2560,0,50
724,2,2584,0,50
724,2,2585,0,50
724,2,26,0,50
724,2,2800,0,50
724,2,3100,0,50
724,2,3150,0,50
724,2,3200,0,50
724,2,9410,0,50
724,2,9460,0,50
724,23,1575,0,50
724,23,1900,0,50
724,23,3200,0,50
724,23,3350,0,50
724,23,3375,0,50
724,23,549,0,50
724,23,9510,0,50
724,3,1276,0,50
724,3,1301,0,50
724,3,1324,0,50
724,3,225,0,50
724,3,3100,0,50
724,3,3150,0,50
724,3,3200,0,50
724,3,50,0,50
724,3,9410,0,50
724,31,1250,0,50
724,31,1251,0,50
724,31,1300,0,50
724,31,1316,0,50
724,31,1324,0,50
724,31,1325,0,50
724,31,1350,0,50
724,31,1375,0,50
724,31,1400,0,50
724,31,1700,0,50
724,31,3100,0,50
724,31,3150,0,50
724,31,3200,0,50
724,31,426,0,50
724,31,51,0,50
724,32,1425,0,50
724,32,9310,0,50
724,33,1425,0,50
724,33,9310,0,50
724,34,1900,0,50
724,34,1925,0,50
724,34,325,0,50
724,34,9310,0,50
724,39,1575,0,50
724,39,1700,0,50
724,39,2800,0,50
724,39,326,0,50
724,4,1275,0,50
724,4,1276,0,50
724,4,1300,0,50
724,4,1400,0,50
724,4,1401,0,50
724,4,1425,0,50
724,4,1450,0,50
724,4,1475,0,50
724,4,1500,0,50
724,4,2450,0,50
724,4,2475,0,50
724,4,2800,0,50
724,4,3100,0,50
724,4,3150,0,50
724,4,3200,0,50
724,4,400,0,50
724,4,425,0,50
724,4,9410,0,50
724,4,9460,0,50
724,5,1275,0,50
724,5,1298,0,50
724,5,1375,0,50
724,5,1400,0,50
724,5,1425,0,50
724,5,1550,0,50
724,5,1575,0,50
724,5,1700,0,50
724,5,1775,0,50
724,5,1800,0,50
724,5,1875,0,50
724,5,1877,0,50
724,5,1900,0,50
724,5,1925,0,50
724,5,200,0,50
724,5,201,0,50
724,5,2800,0,50
724,5,2806,0,50
724,5,2850,0,50
724,5,2950,0,50
724,5,50,0,50
724,5,75,0,50
724,5,9610,0,50
724,6,1273,0,50
724,6,1699,0,50
724,6,1700,0,50
724,6,1800,0,50
724,6,2800,0,50
724,6,3200,0,50
724,6,3350,0,50
724,6,3375,0,50
724,6,9460,0,50
724,6,9485,0,50
724,6,9510,0,50
724,99,1251,0,50
724,99,1276,0,50
724,99,1300,0,50
724,99,1301,0,50
724,99,1324,0,50
724,99,1350,0,50
724,99,1375,0,50
724,99,1400,0,50
724,99,1425,0,50
724,99,1450,0,50
724,99,1474,0,50
724,99,1475,0,50
724,99,1500,0,50
724,99,1551,0,50
724,99,1576,0,50
724,99,1699,0,50
724,99,1700,0,50
724,99,1799,0,50
724,99,1800,0,50
724,99,1900,0,50
724,99,200,0,50
724,99,225,0,50
724,99,2450,0,50
724,99,2455,0,50
724,99,2800,0,50
724,99,3075,0,50
724,99,3100,0,50
724,99,3150,0,50
724,99,3200,0,50
724,99,3350,0,50
724,99,3375,0,50
724,99,400,0,50
724,99,9410,0,50
724,99,9460,0,50
724,99,9510,0,50
730,1,1125,0,50
730,1,3100,0,50
730,1,9485,0,50
730,2,1000,0,50
730,2,3300,0,50
730,2,9360,0,50
730,3,2900,0,50
730,3,852,0,50
730,3,875,0,50
730,3,9610,0,50
730,9,2175,0,50
730,9,2200,0,50
730,9,2300,0,50
730,9,2325,0,50
732,101,3100,0,50
732,101,626,0,50
732,101,651,0,50
732,103,1024,0,50
732,103,1050,0,50
732,103,1150,0,50
732,103,2325,0,50
732,103,999,0,50
732,123,2175,0,50
732,123,2575,0,50
732,123,2595,0,50
732,123,2598,0,50
732,123,2599,0,50
732,123,850,0,50
732,123,875,0,50
732,130,2025,0,50
732,2,2175,0,50
732,2,2325,0,50
732,2,2575,0,50
732,2,2595,0,50
732,2,2598,0,50
734,2,1325,0,50
734,2,1350,0,50
734,4,2200,0,50
734,6,2350,0,50
736,1,2325,0,50
736,2,2025,0,50
736,2,5205,0,50
736,2,5230,0,50
736,2,5255,0,50
736,2,750,0,50
736,2,775,0,50
736,2,800,0,50
736,3,1150,0,50
736,3,2175,0,50
736,3,5790,0,50
738,2,5790,0,50
738,5,39150,0,50
740,0,700,0,50
740,1,2250,0,50
740,1,925,0,50
740,1,950,0,50
740,2,2050,0,50
740,2,9585,0,50
744,2,2175,0,50
744,2,9510,0,50
744,4,2325,0,50
744,4,9385,0,50
744,5,850,0,50
744,5,875,0,50
744,5,925,0,50
744,5,9610,0,50
746,2,1300,0,50
746,2,1498,0,50
746,2,9260,0,50
746,2,9385,0,50
748,1,1300,0,50
748,1,2200,0,50
748,1,2475,0,50
748,1,50,0,50
748,1,9560,0,50
748,10,2350,0,50
748,10,9410,0,50
748,7,750,0,50
748,7,775,0,50
748,7,900,0,50
748,7,9285,0,50
750,1,6340,0,50
901,12,1375,0,50
901,12,1425,0,50
901,12,1850,0,50
901,12,1875,0,50
901,12,6400,0,50
901,18,200,0,50
901,18,800,0,50
999,176,5060,0,50
