nodeno,parentnode
2,310
3,796
4,924
5,310
6,954
7,954
8,1119
9,512
10,470
11,796
12,120
13,954
14,512
15,512
16,310
17,796
18,796
19,43
20,42
21,924
22,954
23,954
24,512
25,130
26,512
27,512
28,310
29,982
30,43
31,42
32,397
33,924
34,42
35,569
36,310
37,924
38,310
39,924
40,310
41,397
42,956
43,956
44,397
45,310
46,924
47,924
48,43
49,43
50,924
51,924
52,397
53,234
54,924
55,43
56,43
57,397
58,301
59,234
60,42
61,924
62,43
63,301
64,42
65,301
66,43
67,310
68,512
69,982
70,234
71,301
72,301
73,42
74,956
75,42
76,924
77,569
78,43
79,43
80,695
81,982
82,42
83,234
84,43
85,310
86,301
87,42
88,301
89,924
90,43
91,43
92,43
93,310
94,43
95,301
96,42
97,234
98,234
99,924
100,43
101,43
102,695
103,301
104,42
105,924
106,234
107,924
108,924
109,43
110,234
111,924
112,234
113,924
114,569
115,43
116,310
117,301
118,234
119,234
120,956
121,42
122,924
123,924
124,43
125,695
126,301
127,234
128,234
129,234
130,1602
131,74
132,234
133,43
134,538
135,569
136,43
137,234
138,234
139,234
140,234
141,538
142,538
143,569
144,695
145,310
146,74
147,234
148,388
149,569
150,43
151,695
152,345
153,43
154,301
155,74
156,74
157,330
158,956
159,271
160,74
161,538
162,538
163,569
164,470
165,955
166,345
167,330
168,330
169,74
170,271
171,569
172,345
173,345
174,301
175,330
176,271
177,271
178,271
179,569
180,956
181,310
182,982
183,74
184,301
185,301
186,330
187,330
188,271
189,271
190,569
191,345
192,796
193,796
194,796
195,796
196,120
197,8805
198,512
199,796
200,42
201,120
202,954
203,512
204,512
205,512
206,310
207,982
208,301
209,330
210,330
211,74
212,330
213,271
214,463
215,74
216,538
217,345
218,301
219,330
220,330
221,463
222,330
223,271
224,271
225,74
226,569
227,695
228,438
229,470
230,470
231,301
232,330
233,463
234,956
235,271
236,74
237,271
238,74
239,74
240,74
241,569
242,130
243,438
244,345
245,330
246,301
247,330
248,388
249,271
250,463
251,74
252,74
253,74
254,569
255,982
256,330
257,388
258,330
259,463
260,74
261,271
262,74
263,130
264,345
265,345
266,345
267,310
268,330
269,330
270,330
271,956
272,271
273,388
274,388
275,388
276,74
277,271
278,74
279,271
280,271
281,271
282,569
283,569
284,569
285,130
286,438
287,345
288,310
289,470
290,330
291,330
292,301
293,330
294,330
295,330
296,388
297,388
298,388
299,271
300,388
301,956
302,74
303,463
304,74
305,74
306,74
307,130
308,470
309,470
310,955
311,330
312,388
313,538
314,538
315,463
316,463
317,538
318,74
319,569
320,569
321,569
322,345
323,165
324,388
325,388
326,388
327,463
328,463
329,74
330,956
331,463
332,74
333,569
334,345
335,470
336,470
337,388
338,463
339,180
340,74
341,538
342,538
343,538
344,345
345,1602
346,470
347,470
348,463
349,74
350,74
351,74
352,538
353,538
354,180
355,180
356,889
357,438
358,470
359,470
360,388
361,956
362,612
363,612
364,612
365,538
366,74
367,74
368,1024
369,438
370,438
371,470
372,470
373,470
374,470
375,683
376,612
377,538
378,538
379,538
380,438
381,165
382,646
383,590
384,612
385,612
386,612
387,612
388,956
389,538
390,538
391,180
392,180
393,180
394,438
395,165
396,646
397,955
398,590
399,612
400,388
401,612
402,612
403,361
404,361
405,361
406,180
407,438
408,438
409,646
410,165
411,590
412,612
413,612
414,612
415,361
416,612
417,612
418,388
419,361
420,388
421,388
422,388
423,388
424,438
425,438
426,695
427,646
428,646
429,590
430,590
431,612
432,683
433,361
434,361
435,361
436,130
437,438
438,1602
439,695
440,809
441,165
442,646
443,165
444,590
445,361
446,612
447,683
448,180
449,361
450,361
451,180
452,180
453,180
454,130
455,695
456,809
457,165
458,165
459,646
460,590
461,590
462,683
463,956
464,683
465,683
466,361
467,180
468,809
469,165
470,955
471,165
472,646
473,590
474,590
475,683
476,683
477,683
478,683
479,683
480,361
481,180
482,180
483,180
484,130
485,809
486,809
487,695
488,646
489,590
490,590
491,796
492,42
493,796
494,796
495,796
496,924
497,120
498,954
499,954
500,512
501,512
502,512
503,924
504,796
505,796
506,796
507,924
508,796
509,954
510,8805
511,512
512,1602
513,512
514,310
515,310
516,683
517,361
518,683
519,361
520,361
521,361
522,809
523,809
524,590
525,683
526,736
527,180
528,180
529,361
530,180
531,180
532,695
533,809
534,590
535,683
536,361
537,361
538,956
539,361
540,361
541,130
542,130
543,809
544,695
545,809
546,165
547,646
548,646
549,361
550,361
551,361
552,361
553,361
554,180
555,130
556,809
557,165
558,165
559,683
560,683
561,683
562,361
563,361
564,361
565,361
566,361
567,180
568,180
569,956
570,130
571,130
572,695
573,695
574,809
575,809
576,1602
577,646
578,361
579,180
580,361
581,361
582,180
583,180
584,130
585,130
586,622
587,809
588,728
589,165
590,955
591,165
592,856
593,361
594,361
595,361
596,361
597,180
598,180
599,130
600,622
601,622
602,728
603,809
604,809
605,165
606,165
607,165
608,165
609,646
610,683
611,180
612,956
613,736
614,856
615,736
616,180
617,180
618,180
619,180
620,130
621,622
622,1602
623,771
624,809
625,809
626,165
627,165
628,165
629,165
630,180
631,736
632,736
633,736
634,180
635,130
636,130
637,622
638,728
639,809
640,728
641,728
642,165
643,165
644,165
645,165
646,955
647,165
648,683
649,180
650,736
651,736
652,856
653,736
654,180
655,180
656,180
657,130
658,622
659,622
660,771
661,771
662,809
663,728
664,165
665,165
666,165
667,165
668,736
669,158
670,736
671,856
672,856
673,736
674,130
675,622
676,622
677,771
678,809
679,809
680,728
681,158
682,856
683,956
684,736
685,736
686,130
687,622
688,622
689,622
690,771
691,771
692,728
693,728
694,728
695,1602
696,854
697,854
698,854
699,736
700,736
701,736
702,736
703,736
704,622
705,622
706,771
707,728
708,728
709,736
710,736
711,736
712,736
713,158
714,622
715,622
716,771
717,728
718,728
719,576
720,854
721,856
722,856
723,158
724,622
725,622
726,771
727,728
728,1602
729,728
730,854
731,736
732,736
733,736
734,856
735,856
736,956
737,856
738,771
739,771
740,576
741,854
742,736
743,736
744,736
745,856
746,158
747,622
748,622
749,622
750,771
751,771
752,771
753,854
754,854
755,736
756,856
757,771
758,771
759,771
760,771
761,854
762,854
763,854
764,736
765,736
766,736
767,158
768,158
769,158
770,771
771,1602
772,854
773,854
774,854
775,158
776,158
777,771
778,854
779,397
780,796
781,796
782,796
783,796
784,796
785,120
786,954
787,954
788,8805
789,1024
790,1024
791,982
792,397
793,796
794,796
795,796
796,956
797,796
798,924
799,120
800,954
801,1024
802,1024
803,310
804,736
805,736
806,158
807,158
808,854
809,1602
810,854
811,576
812,736
813,158
814,771
815,854
816,158
817,158
818,158
819,771
820,576
821,576
822,576
823,158
824,158
825,771
826,771
827,576
828,576
829,576
830,158
831,158
832,771
833,576
834,576
835,158
836,771
837,771
838,158
839,576
840,576
841,576
842,576
843,576
844,576
845,576
846,576
847,158
848,158
849,158
850,576
851,576
852,158
853,576
854,1602
855,158
856,956
857,1302
858,796
859,42
860,796
861,42
862,42
863,120
864,954
865,397
866,310
867,42
868,42
869,42
870,42
871,954
872,889
873,512
874,954
875,158
876,158
877,158
878,158
879,158
880,310
881,397
882,42
883,42
884,42
885,42
886,120
887,120
888,954
889,1984
890,954
891,397
892,397
893,301
894,42
895,42
896,42
897,120
898,120
899,954
900,889
901,982
902,397
903,42
904,120
905,120
906,954
907,889
908,954
909,954
910,954
911,889
912,310
913,397
914,397
915,301
916,397
917,42
918,42
919,42
920,42
921,42
922,120
923,120
924,956
925,954
926,889
927,954
928,954
929,954
930,397
931,397
932,397
933,120
934,889
935,889
936,889
937,889
938,397
939,397
940,397
941,397
942,42
943,42
944,569
945,120
946,889
947,889
948,889
949,889
950,889
951,1024
952,397
953,397
954,955
955,1
956,1
957,42
958,889
959,889
960,1024
961,1024
962,397
963,397
964,397
965,301
966,301
967,120
968,310
969,120
970,310
971,310
972,982
973,8805
974,8805
975,9143
976,310
977,1119
978,310
979,924
980,120
981,9143
982,955
983,9143
984,8805
985,9143
986,9143
987,9143
988,9143
989,310
990,310
991,796
992,982
993,1119
994,8805
995,9143
996,42
997,796
998,982
999,9143
1000,9143
1001,9143
1002,1042
1003,9156
1004,1302
1005,954
1006,954
1007,1068
1008,8805
1009,1024
1010,1024
1011,1024
1012,1042
1013,1363
1014,1127
1015,1127
1016,1302
1017,1302
1018,1068
1019,1068
1020,8805
1021,8805
1022,1024
1023,1024
1024,1602
1025,1024
1026,1363
1027,1239
1028,1127
1029,1127
1030,1068
1031,1042
1032,9156
1033,9156
1034,1302
1035,1068
1036,8805
1037,8805
1038,1024
1039,1024
1040,1024
1041,1239
1042,955
1043,1127
1044,1127
1045,1127
1046,1068
1047,1068
1048,1233
1049,1068
1050,8805
1051,1024
1052,1024
1053,1024
1054,1024
1055,1042
1056,1363
1057,1239
1058,1239
1059,1127
1060,1127
1061,1302
1062,1042
1063,1302
1064,1068
1065,1119
1066,1068
1067,1068
1068,2449
1069,8805
1070,1024
1071,1024
1072,1024
1073,1239
1074,1127
1075,1127
1076,1127
1077,1042
1078,1068
1079,1042
1080,1302
1081,1068
1082,1233
1083,1119
1084,1068
1085,8805
1086,1162
1087,1162
1088,1239
1089,1239
1090,1239
1091,1239
1092,1127
1093,1127
1094,1127
1095,1302
1096,1568
1097,1068
1098,1068
1099,1233
1100,1068
1101,1068
1102,8805
1103,1162
1104,1162
1105,1162
1106,1162
1107,1291
1108,1291
1109,1291
1110,1291
1111,1247
1112,1068
1113,1302
1114,1568
1115,1302
1116,1068
1117,1233
1118,1193
1119,1984
1120,1193
1121,1193
1122,1193
1123,1162
1124,1162
1125,1162
1126,1239
1127,3723
1128,1239
1129,1247
1130,1247
1131,1247
1132,1068
1133,1042
1134,1302
1135,1302
1136,1042
1137,1068
1138,1068
1139,1193
1140,1193
1141,1193
1142,1193
1143,1193
1144,1162
1145,1162
1146,1162
1147,1162
1148,1291
1149,1239
1150,1247
1151,1291
1152,1233
1153,1042
1154,1568
1155,1568
1156,1302
1157,1068
1158,1193
1159,1162
1160,1162
1161,1162
1162,1602
1163,1291
1164,1239
1165,1291
1166,1247
1167,1068
1168,1042
1169,1302
1170,1568
1171,1068
1172,1068
1173,1233
1174,1233
1175,1193
1176,1193
1177,1193
1178,1193
1179,1162
1180,2894
1181,1291
1182,1239
1183,1239
1184,1291
1185,1247
1186,1247
1187,1068
1188,1302
1189,1302
1190,1191
1191,2991
1192,1339
1193,1984
1194,1233
1195,1233
1196,1193
1197,1233
1198,1162
1199,1162
1200,1291
1201,1291
1202,1239
1203,1291
1204,1291
1205,1436
1206,1374
1207,1568
1208,1568
1209,1436
1210,1233
1211,1233
1212,1193
1213,1233
1214,1162
1215,1162
1216,1363
1217,1291
1218,1239
1219,1291
1220,1247
1221,1247
1222,1247
1223,1247
1224,1339
1225,1339
1226,1520
1227,1568
1228,1042
1229,1302
1230,1436
1231,1233
1232,1233
1233,1984
1234,1233
1235,1233
1236,1162
1237,1363
1238,1513
1239,3723
1240,1291
1241,1291
1242,1291
1243,1247
1244,1291
1245,1247
1246,1247
1247,3723
1248,1339
1249,1339
1250,1339
1251,1302
1252,1568
1253,1520
1254,1436
1255,1233
1256,1233
1257,1162
1258,1162
1259,1363
1260,1363
1261,1363
1262,1513
1263,1291
1264,1291
1265,1247
1266,1247
1267,1247
1268,1247
1269,1339
1270,1339
1271,1339
1272,1339
1273,1568
1274,1302
1275,1302
1276,1374
1277,1374
1278,1374
1279,1302
1280,1302
1281,1568
1282,1568
1283,1520
1284,1436
1285,1233
1286,1363
1287,1448
1288,1448
1289,1291
1290,1291
1291,3723
1292,1291
1293,1291
1294,1291
1295,1291
1296,1247
1297,1339
1298,1339
1299,1191
1300,1302
1301,1374
1302,956
1303,1374
1304,1374
1305,1374
1306,1374
1307,1302
1308,1302
1309,1302
1310,1302
1311,1568
1312,1568
1313,1568
1314,1568
1315,1520
1316,1233
1317,1233
1318,1233
1319,1233
1320,1442
1321,1442
1322,1442
1323,1162
1324,1162
1325,1162
1326,1363
1327,1363
1328,1363
1329,1601
1330,1513
1331,1448
1332,1448
1333,1448
1334,1247
1335,1247
1336,1247
1337,1247
1338,1339
1339,2449
1340,1339
1341,1339
1342,1191
1343,1191
1344,2257
1345,1302
1346,1302
1347,2257
1348,1568
1349,1568
1350,1436
1351,1436
1352,1436
1353,1436
1354,1436
1355,1442
1356,1442
1357,1363
1358,1601
1359,1513
1360,1448
1361,1448
1362,1448
1363,955
1364,1247
1365,1247
1366,1247
1367,1339
1368,1568
1369,1191
1370,1191
1371,1191
1372,1302
1373,2257
1374,2991
1375,1568
1376,1191
1377,1436
1378,1442
1379,1442
1380,1442
1381,1442
1382,1363
1383,1513
1384,1448
1385,1448
1386,1291
1387,1247
1388,1247
1389,1247
1390,1339
1391,1339
1392,1339
1393,1568
1394,1191
1395,1191
1396,1191
1397,1191
1398,1374
1399,2257
1400,1568
1401,1436
1402,1436
1403,1436
1404,1442
1405,1442
1406,1442
1407,1363
1408,1513
1409,1448
1410,1448
1411,1247
1412,1247
1413,1247
1414,1339
1415,796
1416,8805
1417,1119
1418,8805
1419,9143
1420,1302
1421,9156
1422,1119
1423,1119
1424,8805
1425,982
1426,982
1427,1191
1428,1191
1429,1191
1430,1191
1431,1374
1432,2257
1433,1568
1434,1436
1435,1436
1436,1984
1437,1436
1438,1442
1439,1442
1440,1442
1441,1442
1442,1984
1443,1363
1444,1363
1445,1363
1446,1363
1447,1448
1448,2991
1449,1448
1450,1513
1451,1448
1452,1448
1453,1247
1454,1247
1455,1339
1456,1339
1457,1568
1458,3683
1459,1191
1460,1458
1461,1458
1462,1458
1463,1191
1464,1191
1465,1191
1466,2257
1467,2257
1468,1568
1469,1436
1470,1436
1471,1436
1472,1436
1473,1436
1474,1363
1475,1601
1476,1601
1477,1448
1478,1448
1479,1513
1480,1448
1481,1448
1482,1448
1483,1448
1484,1448
1485,1448
1486,1339
1487,1339
1488,1520
1489,1458
1490,1191
1491,1191
1492,1191
1493,2257
1494,1458
1495,1520
1496,1520
1497,1520
1498,1520
1499,1520
1500,1520
1501,1520
1502,1520
1503,1520
1504,1520
1505,1660
1506,1660
1507,1601
1508,1513
1509,1513
1510,1513
1511,1513
1512,1513
1513,4354
1514,1513
1515,1513
1516,1513
1517,1513
1518,1513
1519,1339
1520,2449
1521,1339
1522,1191
1523,1458
1524,1191
1525,1191
1526,1191
1527,2257
1528,1568
1529,1752
1530,1543
1531,1543
1532,1543
1533,1543
1534,1543
1535,1543
1536,1543
1537,1543
1538,1543
1539,1543
1540,1543
1541,1543
1542,1543
1543,2449
1544,1543
1545,1543
1546,1543
1547,1543
1548,1543
1549,1660
1550,1660
1551,1660
1552,1601
1553,1601
1554,1513
1555,1513
1556,1601
1557,1513
1558,1513
1559,1513
1560,1513
1561,1513
1562,1543
1563,1339
1564,1543
1565,1543
1566,1458
1567,1458
1568,956
1569,1191
1570,2257
1571,2104
1572,1626
1573,1520
1574,1626
1575,1752
1576,1752
1577,1543
1578,1520
1579,1520
1580,1520
1581,1520
1582,1520
1583,1520
1584,1520
1585,1520
1586,1520
1587,1520
1588,1520
1589,1520
1590,1520
1591,1520
1592,1520
1593,1543
1594,1660
1595,1660
1596,1601
1597,1601
1598,1601
1599,1601
1600,1601
1601,955
1602,1
1603,1601
1604,1601
1605,1601
1606,1601
1607,1601
1608,1543
1609,1543
1610,1543
1611,1543
1612,1543
1613,1543
1614,1458
1615,1374
1616,1543
1617,1752
1618,1543
1619,1752
1620,1752
1621,1752
1622,1752
1623,1752
1624,1752
1625,1681
1626,2449
1627,1681
1628,1681
1629,1681
1630,1681
1631,1681
1632,1681
1633,1681
1634,1681
1635,1681
1636,1681
1637,1681
1638,1681
1639,1681
1640,1681
1641,1681
1642,1681
1643,1681
1644,1681
1645,1681
1646,1681
1647,1660
1648,1660
1649,1660
1650,1660
1651,1660
1652,1660
1653,1660
1654,1660
1655,1660
1656,1660
1657,1660
1658,1660
1659,1660
1660,955
1661,1660
1662,1660
1663,1660
1664,1660
1665,1660
1666,1660
1667,1660
1668,1660
1669,1626
1670,1626
1671,2533
1672,2533
1673,1458
1674,2257
1675,2104
1676,1752
1677,1752
1678,1752
1679,1752
1680,1752
1681,1984
1682,1752
1683,1703
1684,1728
1685,1728
1686,1728
1687,1728
1688,1728
1689,1728
1690,1728
1691,1728
1692,1728
1693,1728
1694,1728
1695,1728
1696,1728
1697,1728
1698,1728
1699,1728
1700,1728
1701,1728
1702,1728
1703,955
1704,1728
1705,1728
1706,1728
1707,982
1708,2894
1709,2489
1710,1983
1711,1728
1712,1703
1713,1703
1714,1703
1715,1703
1716,1703
1717,1703
1718,1703
1719,1703
1720,1703
1721,1703
1722,1703
1723,1845
1724,1845
1725,1845
1726,1845
1727,1845
1728,1984
1729,1845
1730,1626
1731,1458
1732,2104
1733,1626
1734,1626
1735,1752
1736,1752
1737,1752
1738,1752
1739,1752
1740,1752
1741,1752
1742,1752
1743,1766
1744,1766
1745,1766
1746,1766
1747,1766
1748,1766
1749,1766
1750,1766
1751,1766
1752,1984
1753,1766
1754,1766
1755,1766
1756,1766
1757,1766
1758,1766
1759,1766
1760,1766
1761,1766
1762,1766
1763,1766
1764,1766
1765,1766
1766,1984
1767,1766
1768,2894
1769,1983
1770,1983
1771,1703
1772,1703
1773,1703
1774,1703
1775,1703
1776,1703
1777,1703
1778,1703
1779,1703
1780,1845
1781,1845
1782,1845
1783,1845
1784,1845
1785,1845
1786,1845
1787,1845
1788,2533
1789,2533
1790,1458
1791,1374
1792,1374
1793,1626
1794,1820
1795,1752
1796,1752
1797,1820
1798,1820
1799,1820
1800,1820
1801,1820
1802,1820
1803,1820
1804,1820
1805,1820
1806,1820
1807,1820
1808,1820
1809,1820
1810,1820
1811,1820
1812,1820
1813,1820
1814,1820
1815,1820
1816,1820
1817,1820
1818,1820
1819,1820
1820,1984
1821,1820
1822,1820
1823,1820
1824,1820
1825,1820
1826,1820
1827,1820
1828,1820
1829,1820
1830,1820
1831,1820
1832,1820
1833,2489
1834,2206
1835,2489
1836,1983
1837,1983
1838,1983
1839,2401
1840,1703
1841,1703
1842,1703
1843,1703
1844,1703
1845,2449
1846,1703
1847,1703
1848,1703
1849,1703
1850,1703
1851,1703
1852,1703
1853,1703
1854,1703
1855,1703
1856,1703
1857,1703
1858,1703
1859,1626
1860,1626
1861,1458
1862,2257
1863,2347
1864,2347
1865,2257
1866,1820
1867,1820
1868,1820
1869,1886
1870,1886
1871,1886
1872,1886
1873,1886
1874,1886
1875,1886
1876,1886
1877,1886
1878,1921
1879,1921
1880,1921
1881,1921
1882,1921
1883,1921
1884,1921
1885,1921
1886,4910
1887,1921
1888,1921
1889,1921
1890,1921
1891,1921
1892,1921
1893,1921
1894,1921
1895,1921
1896,1921
1897,1921
1898,1921
1899,1921
1900,1921
1901,1921
1902,1921
1903,1921
1904,1921
1905,1921
1906,2489
1907,2489
1908,1983
1909,1983
1910,1983
1911,1983
1912,2401
1913,2084
1914,2084
1915,2084
1916,1886
1917,1886
1918,1886
1919,1886
1920,1886
1921,1984
1922,1886
1923,1886
1924,1886
1925,1886
1926,1886
1927,1886
1928,1886
1929,1886
1930,1886
1931,1626
1932,1626
1933,1458
1934,1458
1935,2347
1936,2347
1937,2104
1938,1626
1939,1626
1940,1626
1941,1626
1942,1952
1943,1952
1944,1952
1945,1952
1946,1952
1947,1952
1948,1952
1949,1952
1950,1952
1951,1952
1952,1984
1953,1952
1954,1952
1955,1952
1956,1952
1957,1952
1958,1952
1959,1952
1960,1952
1961,1952
1962,1952
1963,1952
1964,1952
1965,1952
1966,1952
1967,1952
1968,1952
1969,1952
1970,1952
1971,1952
1972,1952
1973,1952
1974,1952
1975,1952
1976,1952
1977,1952
1978,1952
1979,2894
1980,2489
1981,1983
1982,1983
1983,2991
1984,1
1985,2401
1986,2401
1987,2084
1988,2084
1989,2084
1990,2008
1991,2008
1992,2008
1993,2008
1994,2008
1995,2008
1996,2008
1997,2008
1998,2008
1999,2008
2000,2008
2001,2008
2002,2008
2003,2008
2004,2008
2005,2008
2006,2008
2007,2008
2008,4910
2009,2008
2010,1886
2011,1886
2012,2533
2013,1458
2014,1458
2015,2257
2016,2347
2017,2257
2018,2347
2019,2257
2020,2104
2021,2104
2022,2104
2023,1921
2024,1921
2025,1921
2026,1952
2027,2049
2028,2049
2029,2049
2030,2049
2031,2049
2032,2049
2033,2049
2034,2049
2035,2049
2036,2202
2037,2202
2038,2202
2039,2202
2040,2202
2041,2202
2042,2202
2043,2202
2044,2202
2045,2202
2046,2202
2047,2202
2048,2202
2049,2449
2050,2202
2051,2202
2052,2202
2053,2202
2054,2202
2055,2202
2056,2202
2057,2202
2058,2202
2059,2202
2060,2202
2061,2202
2062,2202
2063,2202
2064,2894
2065,2489
2066,1983
2067,1983
2068,1983
2069,2401
2070,2401
2071,2401
2072,2084
2073,2084
2074,2084
2075,2084
2076,2084
2077,2084
2078,2084
2079,2084
2080,2084
2081,2084
2082,2084
2083,2084
2084,955
2085,2084
2086,2084
2087,2084
2088,2084
2089,2084
2090,2084
2091,2049
2092,2049
2093,1626
2094,1626
2095,2533
2096,1458
2097,1042
2098,2257
2099,2347
2100,2347
2101,2347
2102,2257
2103,2104
2104,3683
2105,2104
2106,2104
2107,2104
2108,2049
2109,2049
2110,2049
2111,1626
2112,2130
2113,2161
2114,2161
2115,2161
2116,2161
2117,2161
2118,2161
2119,2161
2120,2161
2121,2161
2122,2161
2123,2161
2124,2161
2125,2161
2126,2161
2127,2161
2128,2161
2129,2161
2130,4910
2131,2161
2132,2161
2133,2161
2134,2161
2135,2161
2136,2161
2137,2161
2138,2161
2139,2161
2140,2161
2141,2161
2142,2161
2143,2161
2144,2161
2145,2161
2146,2161
2147,2161
2148,2161
2149,2489
2150,2489
2151,1983
2152,1983
2153,1983
2154,2401
2155,2401
2156,2401
2157,3079
2158,2130
2159,2130
2160,2130
2161,2449
2162,2130
2163,2130
2164,2130
2165,2130
2166,2130
2167,2130
2168,2130
2169,2130
2170,2130
2171,2130
2172,1626
2173,1626
2174,2104
2175,1458
2176,2257
2177,2347
2178,2347
2179,2347
2180,2347
2181,2257
2182,2104
2183,2104
2184,2104
2185,2104
2186,3079
2187,3079
2188,3079
2189,2206
2190,2206
2191,2206
2192,2206
2193,2206
2194,2206
2195,2206
2196,2206
2197,2206
2198,2206
2199,2206
2200,2206
2201,2235
2202,2449
2203,2235
2204,2235
2205,2235
2206,2991
2207,2235
2208,2235
2209,2235
2210,2235
2211,2235
2212,2235
2213,2235
2214,2235
2215,2235
2216,2235
2217,2235
2218,2235
2219,2235
2220,2235
2221,2235
2222,2235
2223,2235
2224,2235
2225,2235
2226,2235
2227,2235
2228,2235
2229,2235
2230,1983
2231,2401
2232,2401
2233,2401
2234,2206
2235,2449
2236,2206
2237,2206
2238,2206
2239,2206
2240,2206
2241,2206
2242,2206
2243,2206
2244,2206
2245,2206
2246,2206
2247,2206
2248,2206
2249,2206
2250,2206
2251,2206
2252,2533
2253,1458
2254,2347
2255,2347
2256,2347
2257,2991
2258,2347
2259,2257
2260,2257
2261,2104
2262,2104
2263,2104
2264,2104
2265,2452
2266,2452
2267,2452
2268,2448
2269,2371
2270,2284
2271,2448
2272,2448
2273,2448
2274,2448
2275,2448
2276,2448
2277,2448
2278,2448
2279,2448
2280,2448
2281,2320
2282,2320
2283,2320
2284,2991
2285,2320
2286,2320
2287,2320
2288,2320
2289,2320
2290,2320
2291,2320
2292,2320
2293,2320
2294,2320
2295,2320
2296,2320
2297,2320
2298,2320
2299,2320
2300,2320
2301,2320
2302,2320
2303,2320
2304,2320
2305,2320
2306,2320
2307,2320
2308,2320
2309,2894
2310,2489
2311,1983
2312,1983
2313,2401
2314,2401
2315,2401
2316,2401
2317,2401
2318,2448
2319,2284
2320,2449
2321,2284
2322,2284
2323,2671
2324,2671
2325,2671
2326,2671
2327,2671
2328,2671
2329,2671
2330,2448
2331,2550
2332,2448
2333,2448
2334,1626
2335,1626
2336,2618
2337,2533
2338,1458
2339,1458
2340,1458
2341,2206
2342,3253
2343,2347
2344,2347
2345,2347
2346,2347
2347,5234
2348,2347
2349,2257
2350,2618
2351,2618
2352,2618
2353,2618
2354,2533
2355,2206
2356,2448
2357,2206
2358,2206
2359,2371
2360,2371
2361,2371
2362,2371
2363,2371
2364,2371
2365,2371
2366,2371
2367,2371
2368,2371
2369,2371
2370,2371
2371,2449
2372,2371
2373,2371
2374,2371
2375,2371
2376,2371
2377,2371
2378,2371
2379,2371
2380,2371
2381,2371
2382,2371
2383,2371
2384,2371
2385,2371
2386,2371
2387,2371
2388,2371
2389,2371
2390,2371
2391,2371
2392,2371
2393,2371
2394,2371
2395,2371
2396,2371
2397,2371
2398,2894
2399,2894
2400,1983
2401,2991
2402,1983
2403,1983
2404,1983
2405,1983
2406,2284
2407,2671
2408,2671
2409,2671
2410,2671
2411,2671
2412,2671
2413,2448
2414,2448
2415,2550
2416,2448
2417,2448
2418,2452
2419,2452
2420,1458
2421,2533
2422,2533
2423,3253
2424,3253
2425,2206
2426,3253
2427,2347
2428,2347
2429,2347
2430,2347
2431,2257
2432,2618
2433,2618
2434,2618
2435,2618
2436,2618
2437,2452
2438,2452
2439,2452
2440,2448
2441,2452
2442,2452
2443,2452
2444,2452
2445,2452
2446,2476
2447,2476
2448,2449
2449,1
2450,2476
2451,2476
2452,2449
2453,2476
2454,2476
2455,2476
2456,2476
2457,2476
2458,2476
2459,2507
2460,2507
2461,2507
2462,2507
2463,2507
2464,2507
2465,2507
2466,2507
2467,2507
2468,2507
2469,2507
2470,2507
2471,2507
2472,2507
2473,2507
2474,2507
2475,2507
2476,2449
2477,2507
2478,2507
2479,2507
2480,2507
2481,2507
2482,2507
2483,2507
2484,2507
2485,2507
2486,2507
2487,2894
2488,2894
2489,955
2490,2489
2491,3439
2492,3439
2493,3439
2494,3439
2495,2284
2496,2284
2497,2284
2498,2284
2499,2284
2500,2671
2501,2671
2502,2671
2503,2671
2504,2476
2505,2476
2506,2476
2507,2449
2508,2476
2509,2476
2510,2476
2511,2476
2512,2476
2513,2476
2514,2476
2515,2476
2516,2452
2517,2452
2518,2533
2519,2533
2520,1458
2521,1458
2522,3253
2523,2257
2524,2817
2525,2817
2526,2257
2527,2257
2528,2618
2529,2618
2530,2618
2531,2618
2532,2618
2533,3683
2534,2618
2535,2618
2536,2618
2537,2618
2538,2448
2539,2550
2540,2643
2541,2643
2542,2643
2543,2643
2544,2643
2545,2643
2546,2643
2547,2864
2548,2864
2549,2864
2550,2991
2551,2578
2552,2578
2553,2578
2554,2578
2555,2578
2556,2578
2557,2578
2558,2578
2559,2578
2560,2578
2561,2578
2562,2578
2563,2578
2564,2578
2565,2578
2566,2578
2567,2578
2568,2578
2569,2578
2570,2578
2571,2578
2572,2578
2573,2578
2574,2578
2575,2578
2576,2578
2577,2578
2578,2991
2579,2578
2580,2578
2581,2578
2582,2578
2583,2578
2584,2894
2585,3439
2586,3439
2587,2284
2588,2671
2589,2671
2590,2671
2591,2671
2592,2671
2593,2671
2594,2671
2595,2671
2596,2448
2597,2550
2598,2550
2599,2550
2600,2550
2601,2550
2602,2550
2603,2550
2604,2550
2605,2550
2606,2533
2607,3461
2608,3131
2609,1458
2610,3253
2611,2257
2612,2817
2613,2817
2614,2257
2615,2257
2616,2257
2617,2618
2618,5234
2619,2618
2620,2618
2621,2618
2622,2618
2623,2618
2624,2618
2625,2550
2626,2643
2627,2864
2628,2864
2629,2657
2630,2657
2631,2657
2632,2657
2633,2657
2634,2657
2635,2657
2636,2657
2637,2657
2638,2657
2639,2657
2640,2657
2641,2657
2642,2657
2643,2991
2644,2657
2645,2657
2646,2657
2647,2657
2648,2657
2649,2657
2650,2657
2651,2657
2652,2657
2653,2657
2654,2657
2655,2657
2656,2657
2657,2991
2658,2657
2659,2657
2660,2657
2661,2657
2662,2894
2663,3439
2664,2401
2665,2401
2666,3439
2667,2284
2668,2284
2669,2284
2670,2284
2671,2991
2672,2284
2673,2791
2674,2791
2675,2791
2676,2791
2677,2791
2678,2791
2679,2791
2680,2550
2681,2550
2682,2550
2683,2550
2684,2550
2685,2550
2686,2550
2687,2550
2688,2550
2689,2550
2690,2550
2691,2206
2692,3253
2693,3461
2694,3461
2695,3131
2696,3131
2697,1458
2698,1458
2699,2817
2700,2817
2701,2817
2702,2257
2703,3253
2704,2257
2705,2257
2706,2257
2707,2257
2708,2257
2709,2257
2710,2257
2711,2618
2712,2618
2713,2618
2714,2618
2715,2618
2716,2618
2717,2618
2718,2618
2719,2618
2720,2618
2721,2618
2722,2618
2723,2618
2724,2643
2725,2643
2726,2643
2727,2643
2728,2643
2729,2864
2730,2864
2731,2864
2732,2751
2733,2751
2734,2751
2735,2751
2736,2751
2737,2751
2738,2751
2739,2751
2740,2751
2741,2751
2742,2751
2743,2751
2744,2751
2745,2751
2746,2751
2747,2751
2748,2751
2749,2751
2750,2751
2751,2991
2752,2751
2753,2751
2754,2751
2755,2751
2756,2751
2757,2751
2758,2751
2759,2751
2760,2751
2761,2751
2762,2751
2763,2751
2764,2751
2765,2751
2766,2894
2767,2894
2768,2489
2769,3439
2770,2401
2771,2401
2772,2401
2773,3439
2774,2284
2775,2284
2776,2284
2777,2284
2778,2284
2779,2791
2780,2791
2781,2791
2782,2791
2783,2791
2784,2791
2785,2791
2786,2791
2787,2791
2788,2791
2789,2791
2790,2791
2791,2991
2792,2791
2793,2791
2794,2791
2795,2791
2796,2791
2797,2791
2798,9156
2799,1119
2800,8805
2801,982
2802,9156
2803,1119
2804,1119
2805,9139
2806,1042
2807,982
2808,3461
2809,3461
2810,3131
2811,3131
2812,2817
2813,2817
2814,2817
2815,2817
2816,2817
2817,2991
2818,2817
2819,2817
2820,2817
2821,2817
2822,2817
2823,2817
2824,2817
2825,2885
2826,2817
2827,2817
2828,2817
2829,2817
2830,2817
2831,2817
2832,2817
2833,2817
2834,2817
2835,2817
2836,2817
2837,2817
2838,2817
2839,2817
2840,2817
2841,2817
2842,2817
2843,2817
2844,2817
2845,2643
2846,2643
2847,2643
2848,2643
2849,2643
2850,2643
2851,2643
2852,2864
2853,2885
2854,2864
2855,2885
2856,2864
2857,2885
2858,2885
2859,2885
2860,2885
2861,2885
2862,2885
2863,2913
2864,2991
2865,2913
2866,2913
2867,2913
2868,2913
2869,2913
2870,2913
2871,2913
2872,2913
2873,2913
2874,2913
2875,2913
2876,2913
2877,2913
2878,2913
2879,2913
2880,2913
2881,2913
2882,2913
2883,2913
2884,2913
2885,2991
2886,2913
2887,2913
2888,2913
2889,2913
2890,2913
2891,2913
2892,2894
2893,2894
2894,955
2895,3439
2896,2401
2897,2401
2898,2401
2899,2284
2900,2284
2901,2284
2902,2284
2903,2284
2904,2284
2905,2284
2906,2885
2907,2885
2908,2885
2909,2885
2910,2885
2911,2885
2912,2885
2913,2991
2914,2885
2915,2885
2916,2885
2917,2885
2918,2885
2919,2944
2920,3461
2921,3131
2922,3461
2923,3131
2924,3131
2925,1458
2926,1458
2927,1458
2928,3253
2929,2944
2930,2944
2931,2944
2932,2944
2933,2944
2934,2944
2935,2944
2936,2944
2937,2944
2938,2944
2939,2944
2940,2944
2941,2944
2942,2944
2943,2944
2944,2991
2945,2944
2946,2944
2947,2944
2948,2944
2949,2944
2950,2944
2951,2944
2952,2944
2953,2944
2954,2643
2955,2643
2956,2643
2957,2643
2958,2643
2959,2643
2960,2643
2961,2864
2962,2864
2963,2990
2964,3019
2965,3019
2966,3019
2967,3019
2968,3019
2969,3019
2970,3019
2971,3019
2972,3019
2973,3019
2974,3019
2975,3019
2976,3019
2977,3019
2978,3019
2979,3019
2980,3019
2981,3019
2982,3019
2983,3019
2984,3019
2985,3019
2986,3019
2987,3019
2988,3019
2989,3019
2990,2991
2991,1
2992,3019
2993,2894
2994,2894
2995,2894
2996,2894
2997,2489
2998,3439
2999,3439
3000,2284
3001,2284
3002,2284
3003,2284
3004,2284
3005,2284
3006,2284
3007,2990
3008,2990
3009,2990
3010,2990
3011,2990
3012,2990
3013,2990
3014,2990
3015,2990
3016,2990
3017,2990
3018,2990
3019,2991
3020,2990
3021,3461
3022,3131
3023,3131
3024,3131
3025,3131
3026,3131
3027,3131
3028,3131
3029,1458
3030,1458
3031,1458
3032,1458
3033,1458
3034,1458
3035,3253
3036,3253
3037,2347
3038,3052
3039,3052
3040,3052
3041,3052
3042,3052
3043,4140
3044,3052
3045,3052
3046,3052
3047,3052
3048,3052
3049,3052
3050,3052
3051,3052
3052,5234
3053,3052
3054,3052
3055,3052
3056,3052
3057,3079
3058,3079
3059,3079
3060,3079
3061,3079
3062,3079
3063,3079
3064,3079
3065,3079
3066,3094
3067,3094
3068,3094
3069,3094
3070,3094
3071,3113
3072,3113
3073,3113
3074,3113
3075,3113
3076,3113
3077,3113
3078,3113
3079,3723
3080,3113
3081,3113
3082,3113
3083,3113
3084,3113
3085,3113
3086,3113
3087,3113
3088,3113
3089,3113
3090,3113
3091,3113
3092,3113
3093,3113
3094,4910
3095,3113
3096,3113
3097,3113
3098,3113
3099,3113
3100,4140
3101,4381
3102,2894
3103,2894
3104,3439
3105,3094
3106,3094
3107,3094
3108,3094
3109,3094
3110,3094
3111,3094
3112,3094
3113,3723
3114,3094
3115,3094
3116,3094
3117,3094
3118,3094
3119,3094
3120,3094
3121,3094
3122,3094
3123,3094
3124,3094
3125,3094
3126,3094
3127,3094
3128,3461
3129,3461
3130,3131
3131,3683
3132,3131
3133,3131
3134,3131
3135,3131
3136,3131
3137,3131
3138,3131
3139,3131
3140,3131
3141,3131
3142,3131
3143,3131
3144,3253
3145,4140
3146,3259
3147,3259
3148,3259
3149,3259
3150,3259
3151,3259
3152,3259
3153,3259
3154,3259
3155,3259
3156,3159
3157,3259
3158,3259
3159,3683
3160,3259
3161,3159
3162,3159
3163,3159
3164,3159
3165,3159
3166,3159
3167,3159
3168,3159
3169,3159
3170,3159
3171,3198
3172,3198
3173,3198
3174,3198
3175,3198
3176,3216
3177,3216
3178,3216
3179,3216
3180,3216
3181,3216
3182,3216
3183,3216
3184,3216
3185,3216
3186,3216
3187,3216
3188,3216
3189,3216
3190,3216
3191,3216
3192,3216
3193,3216
3194,3216
3195,3216
3196,3216
3197,3216
3198,4910
3199,3216
3200,3216
3201,3216
3202,3216
3203,3216
3204,2894
3205,2894
3206,3439
3207,3439
3208,3198
3209,3198
3210,3198
3211,3198
3212,3198
3213,3198
3214,3198
3215,3198
3216,3723
3217,3198
3218,3198
3219,3198
3220,3198
3221,3198
3222,3198
3223,3198
3224,3198
3225,3198
3226,3198
3227,3461
3228,3461
3229,3461
3230,3131
3231,3159
3232,3159
3233,3131
3234,3131
3235,3131
3236,3131
3237,3131
3238,3683
3239,3131
3240,3131
3241,4140
3242,3253
3243,3259
3244,3259
3245,3259
3246,3259
3247,3259
3248,3259
3249,3259
3250,3259
3251,3259
3252,4140
3253,955
3254,3259
3255,3259
3256,3259
3257,3259
3258,3259
3259,5234
3260,3259
3261,3259
3262,3259
3263,3259
3264,3259
3265,3259
3266,3259
3267,3259
3268,3259
3269,3259
3270,3259
3271,3094
3272,3094
3273,3094
3274,3094
3275,3094
3276,3094
3277,3094
3278,3198
3279,3094
3280,3094
3281,3198
3282,3309
3283,3309
3284,3309
3285,3309
3286,3309
3287,3309
3288,3309
3289,3325
3290,3325
3291,3325
3292,3325
3293,3325
3294,3325
3295,3325
3296,3325
3297,3325
3298,3325
3299,3325
3300,3325
3301,3325
3302,3325
3303,3325
3304,3325
3305,3325
3306,3325
3307,3325
3308,3325
3309,4354
3310,3325
3311,3325
3312,3325
3313,3325
3314,3325
3315,3325
3316,3325
3317,2894
3318,3439
3319,3309
3320,3309
3321,3309
3322,3309
3323,3309
3324,3309
3325,3723
3326,3309
3327,3309
3328,3309
3329,3309
3330,3309
3331,3309
3332,3309
3333,3309
3334,3309
3335,3309
3336,3309
3337,3309
3338,3309
3339,3159
3340,3461
3341,3238
3342,3238
3343,3238
3344,3238
3345,3238
3346,3238
3347,3238
3348,3238
3349,3238
3350,3238
3351,3238
3352,3238
3353,3238
3354,3238
3355,3238
3356,3238
3357,3253
3358,4140
3359,4140
3360,4045
3361,3253
3362,3818
3363,3818
3364,3666
3365,3593
3366,3593
3367,3666
3368,3666
3369,3375
3370,3666
3371,3375
3372,3375
3373,3846
3374,3375
3375,5234
3376,3375
3377,3375
3378,3375
3379,3375
3380,3375
3381,3375
3382,3375
3383,3375
3384,3375
3385,3375
3386,3375
3387,3375
3388,3375
3389,3375
3390,3375
3391,3198
3392,3309
3393,3309
3394,3198
3395,3309
3396,3309
3397,3309
3398,3309
3399,3309
3400,3427
3401,3446
3402,3446
3403,3446
3404,3446
3405,3446
3406,3446
3407,3446
3408,3446
3409,3446
3410,3722
3411,3722
3412,3722
3413,3722
3414,3722
3415,3722
3416,3722
3417,3722
3418,3722
3419,3722
3420,3722
3421,3722
3422,3722
3423,3722
3424,3722
3425,3722
3426,3722
3427,4910
3428,3722
3429,3618
3430,4140
3431,3618
3432,3618
3433,3618
3434,3618
3435,3618
3436,2894
3437,2401
3438,3439
3439,955
3440,3079
3441,3427
3442,3427
3443,3427
3444,3446
3445,4485
3446,3723
3447,3446
3448,3446
3449,3849
3450,3849
3451,3461
3452,3461
3453,3238
3454,3238
3455,3238
3456,3238
3457,3238
3458,3238
3459,3238
3460,3238
3461,3683
3462,3238
3463,3238
3464,3238
3465,3238
3466,3238
3467,3238
3468,3238
3469,3238
3470,3846
3471,4045
3472,3818
3473,3818
3474,3818
3475,3666
3476,3593
3477,3593
3478,3593
3479,3593
3480,3666
3481,3666
3482,3666
3483,5234
3484,3666
3485,3483
3486,3483
3487,3253
3488,3483
3489,3483
3490,3483
3491,3483
3492,3483
3493,3483
3494,3483
3495,3483
3496,3483
3497,3483
3498,3483
3499,3483
3500,3483
3501,3483
3502,3483
3503,3483
3504,3683
3505,3446
3506,3309
3507,3446
3508,3849
3509,3446
3510,3635
3511,3635
3512,3635
3513,3446
3514,3635
3515,4140
3516,3635
3517,3446
3518,3446
3519,3446
3520,3722
3521,3722
3522,3635
3523,3722
3524,3722
3525,3722
3526,3722
3527,3722
3528,3649
3529,3649
3530,3649
3531,3649
3532,3649
3533,3722
3534,3722
3535,3649
3536,3618
3537,3618
3538,3618
3539,3618
3540,3618
3541,3618
3542,3618
3543,2894
3544,3439
3545,3439
3546,3427
3547,3427
3548,3427
3549,3427
3550,4485
3551,3446
3552,3446
3553,3461
3554,3461
3555,3461
3556,3461
3557,3461
3558,3461
3559,3461
3560,3461
3561,3461
3562,3461
3563,3461
3564,3461
3565,3461
3566,3461
3567,3461
3568,3461
3569,3461
3570,3461
3571,3461
3572,3461
3573,4140
3574,3846
3575,4840
3576,4840
3577,4045
3578,3818
3579,3818
3580,3818
3581,3593
3582,3593
3583,3666
3584,3666
3585,3666
3586,3666
3587,3666
3588,3666
3589,3777
3590,3777
3591,3777
3592,3777
3593,5234
3594,3777
3595,3777
3596,3777
3597,3777
3598,3777
3599,3777
3600,3777
3601,3777
3602,3777
3603,3777
3604,3777
3605,3682
3606,3777
3607,3682
3608,3504
3609,3682
3610,3446
3611,3446
3612,4097
3613,3446
3614,4097
3615,3446
3616,3635
3617,3635
3618,3723
3619,3635
3620,3635
3621,3635
3622,4140
3623,3635
3624,3635
3625,3635
3626,3635
3627,3635
3628,3635
3629,3649
3630,3649
3631,3649
3632,3649
3633,3649
3634,3649
3635,3723
3636,3649
3637,3649
3638,3649
3639,3649
3640,3649
3641,3649
3642,3649
3643,3649
3644,3649
3645,3649
3646,3649
3647,3649
3648,3649
3649,3723
3650,2894
3651,3439
3652,3439
3653,3427
3654,3427
3655,3846
3656,4140
3657,4485
3658,3446
3659,4485
3660,3849
3661,3682
3662,3504
3663,3504
3664,3504
3665,3504
3666,5234
3667,3504
3668,3504
3669,3504
3670,3504
3671,3504
3672,3504
3673,3504
3674,3504
3675,3504
3676,3504
3677,3504
3678,3504
3679,3504
3680,3504
3681,3504
3682,3683
3683,1
3684,3504
3685,3253
3686,3846
3687,3846
3688,4840
3689,4045
3690,3818
3691,3818
3692,3818
3693,3818
3694,3593
3695,3593
3696,3593
3697,3593
3698,3593
3699,3593
3700,3593
3701,3777
3702,3777
3703,3777
3704,3777
3705,3777
3706,3777
3707,3777
3708,3777
3709,3777
3710,3777
3711,3777
3712,3777
3713,3682
3714,3682
3715,3682
3716,3849
3717,3446
3718,3849
3719,3446
3720,3446
3721,3446
3722,3723
3723,1
3724,3079
3725,3079
3726,3079
3727,3079
3728,3635
3729,3635
3730,3635
3731,3635
3732,3635
3733,3635
3734,3635
3735,3635
3736,3751
3737,3751
3738,3751
3739,3751
3740,3751
3741,3751
3742,3751
3743,3751
3744,3751
3745,3751
3746,3751
3747,3751
3748,3751
3749,3751
3750,3751
3751,3723
3752,3751
3753,3751
3754,3751
3755,3751
3756,3751
3757,3751
3758,3751
3759,3751
3760,3751
3761,3751
3762,3751
3763,3751
3764,3439
3765,3439
3766,3427
3767,3751
3768,4140
3769,3751
3770,3751
3771,3682
3772,3682
3773,3682
3774,3682
3775,3682
3776,3682
3777,5234
3778,3682
3779,3682
3780,3682
3781,3682
3782,3682
3783,3682
3784,3682
3785,3682
3786,3682
3787,3682
3788,3682
3789,3682
3790,3682
3791,3682
3792,3682
3793,3682
3794,4140
3795,3846
3796,4840
3797,4840
3798,4045
3799,4045
3800,4045
3801,3818
3802,3683
3803,4022
3804,3818
3805,4022
3806,4022
3807,4022
3808,4022
3809,4022
3810,4022
3811,4022
3812,4022
3813,4022
3814,4022
3815,4556
3816,4022
3817,4430
3818,5234
3819,4430
3820,4430
3821,4430
3822,4556
3823,4556
3824,4158
3825,3682
3826,3682
3827,3682
3828,3682
3829,3682
3830,3849
3831,3849
3832,4097
3833,4097
3834,4097
3835,4097
3836,4097
3837,3865
3838,3865
3839,3865
3840,3865
3841,3865
3842,3865
3843,3865
3844,3865
3845,4140
3846,955
3847,3865
3848,3865
3849,4354
3850,3865
3851,3865
3852,3865
3853,3865
3854,3865
3855,3865
3856,3865
3857,3865
3858,3865
3859,3865
3860,3865
3861,3865
3862,3865
3863,3865
3864,3865
3865,4354
3866,3865
3867,3881
3868,3881
3869,3881
3870,3881
3871,3881
3872,3881
3873,3881
3874,3881
3875,3881
3876,3881
3877,3881
3878,3881
3879,3881
3880,3881
3881,4354
3882,3881
3883,3881
3884,3881
3885,3881
3886,4909
3887,4381
3888,4381
3889,3439
3890,3439
3891,4140
3892,3849
3893,3849
3894,3802
3895,4158
3896,3802
3897,3802
3898,3802
3899,3802
3900,3802
3901,3802
3902,3802
3903,3802
3904,3802
3905,3802
3906,3802
3907,3802
3908,3802
3909,3802
3910,3802
3911,3802
3912,3802
3913,3802
3914,3683
3915,3802
3916,3802
3917,3802
3918,3802
3919,3802
3920,3802
3921,3802
3922,3802
3923,3802
3924,4140
3925,3846
3926,4840
3927,4840
3928,4840
3929,4840
3930,4428
3931,4045
3932,3818
3933,4045
3934,3818
3935,3818
3936,3818
3937,3818
3938,3818
3939,4022
3940,4022
3941,4022
3942,4022
3943,4022
3944,4022
3945,4022
3946,4022
3947,4022
3948,4022
3949,4022
3950,4022
3951,4430
3952,4430
3953,4556
3954,4158
3955,4158
3956,4158
3957,3446
3958,3849
3959,3849
3960,4097
3961,4097
3962,4097
3963,3981
3964,3981
3965,3981
3966,3981
3967,3981
3968,3981
3969,3981
3970,3981
3971,3981
3972,3981
3973,3981
3974,3981
3975,3981
3976,3981
3977,3981
3978,3981
3979,3981
3980,3981
3981,4354
3982,3981
3983,3981
3984,3981
3985,3981
3986,3981
3987,3981
3988,3981
3989,3981
3990,3981
3991,4004
3992,4004
3993,4004
3994,4004
3995,4004
3996,4004
3997,4004
3998,4004
3999,4004
4000,4004
4001,4004
4002,4004
4003,4004
4004,4354
4005,4004
4006,4004
4007,4004
4008,4004
4009,4381
4010,4381
4011,4381
4012,3439
4013,3439
4014,3439
4015,3439
4016,3439
4017,4140
4018,3427
4019,4140
4020,3849
4021,4158
4022,5234
4023,3914
4024,3914
4025,3914
4026,3914
4027,3914
4028,3914
4029,3914
4030,3914
4031,3914
4032,3914
4033,3914
4034,3914
4035,3914
4036,3914
4037,3914
4038,3914
4039,3914
4040,3914
4041,3914
4042,3914
4043,3846
4044,4840
4045,5234
4046,4840
4047,4840
4048,4428
4049,4045
4050,4045
4051,4045
4052,4045
4053,3818
4054,3818
4055,3818
4056,3818
4057,3818
4058,3818
4059,3818
4060,3818
4061,3818
4062,3818
4063,3818
4064,3818
4065,3818
4066,3818
4067,3818
4068,3818
4069,4430
4070,4430
4071,4556
4072,4556
4073,3683
4074,4556
4075,4158
4076,4158
4077,4158
4078,4158
4079,4158
4080,3849
4081,3849
4082,3849
4083,3849
4084,4097
4085,4097
4086,4097
4087,4097
4088,4097
4089,4115
4090,4115
4091,4115
4092,4115
4093,4115
4094,4115
4095,4115
4096,4115
4097,4354
4098,4115
4099,4115
4100,4115
4101,4115
4102,4115
4103,4132
4104,4132
4105,4132
4106,4132
4107,4132
4108,4132
4109,4132
4110,4132
4111,4132
4112,4132
4113,4132
4114,4132
4115,4354
4116,4132
4117,4140
4118,4132
4119,4132
4120,4132
4121,4132
4122,4132
4123,4132
4124,4132
4125,4132
4126,4132
4127,4132
4128,4132
4129,4132
4130,4132
4131,4132
4132,4354
4133,4132
4134,4132
4135,4132
4136,4381
4137,3439
4138,3439
4139,4140
4140,955
4141,4140
4142,3446
4143,3849
4144,4073
4145,4073
4146,4073
4147,4073
4148,4073
4149,4073
4150,4073
4151,4073
4152,4073
4153,4073
4154,4073
4155,4073
4156,4073
4157,4073
4158,3683
4159,4073
4160,4073
4161,4073
4162,4073
4163,4073
4164,3846
4165,3846
4166,4840
4167,4840
4168,4840
4169,4840
4170,4428
4171,4045
4172,4045
4173,4045
4174,4045
4175,4045
4176,4045
4177,4045
4178,4045
4179,5234
4180,4045
4181,4045
4182,4045
4183,4045
4184,4045
4185,4045
4186,4045
4187,4045
4188,4430
4189,4179
4190,4430
4191,4430
4192,4430
4193,4556
4194,4556
4195,4556
4196,4556
4197,4158
4198,4158
4199,4158
4200,3849
4201,3849
4202,4097
4203,4097
4204,4097
4205,4097
4206,4097
4207,4227
4208,4227
4209,4227
4210,4227
4211,4227
4212,4227
4213,4227
4214,4227
4215,4227
4216,4227
4217,4227
4218,4227
4219,4227
4220,4249
4221,4249
4222,4249
4223,4249
4224,4249
4225,4249
4226,4249
4227,4354
4228,4249
4229,4249
4230,4249
4231,4249
4232,4249
4233,4249
4234,4249
4235,4249
4236,4249
4237,4249
4238,4249
4239,4249
4240,4249
4241,4249
4242,4249
4243,4249
4244,4249
4245,4249
4246,4525
4247,4249
4248,4249
4249,4354
4250,4381
4251,4381
4252,4381
4253,4381
4254,4381
4255,4381
4256,3439
4257,3439
4258,3439
4259,3439
4260,3439
4261,4140
4262,4140
4263,3427
4264,4140
4265,4485
4266,4485
4267,4485
4268,4485
4269,3849
4270,3849
4271,3849
4272,3849
4273,4275
4274,4275
4275,3683
4276,4275
4277,4275
4278,4275
4279,4158
4280,4158
4281,4158
4282,4275
4283,4275
4284,4275
4285,4158
4286,4158
4287,4158
4288,4158
4289,4158
4290,4158
4291,4158
4292,4158
4293,4158
4294,4158
4295,4158
4296,3846
4297,4140
4298,3846
4299,3846
4300,3846
4301,4840
4302,4840
4303,4840
4304,4179
4305,4179
4306,4179
4307,4179
4308,4179
4309,4179
4310,4179
4311,4179
4312,4179
4313,4179
4314,4179
4315,4179
4316,4179
4317,4179
4318,4430
4319,4179
4320,4179
4321,4179
4322,4430
4323,4430
4324,4430
4325,4556
4326,4158
4327,4158
4328,3849
4329,3849
4330,3849
4331,3849
4332,4097
4333,4097
4334,4097
4335,4097
4336,4097
4337,4353
4338,4353
4339,4353
4340,4353
4341,4140
4342,4353
4343,4353
4344,4353
4345,4353
4346,4353
4347,4353
4348,4353
4349,4406
4350,4406
4351,4406
4352,4406
4353,4354
4354,1
4355,4406
4356,4406
4357,4406
4358,4406
4359,4406
4360,4406
4361,4406
4362,4406
4363,4406
4364,4406
4365,4406
4366,4406
4367,4406
4368,4406
4369,4406
4370,4406
4371,4406
4372,4406
4373,4406
4374,4406
4375,4406
4376,4525
4377,4406
4378,4406
4379,4227
4380,4525
4381,955
4382,4909
4383,4909
4384,4381
4385,4381
4386,4381
4387,4381
4388,4381
4389,4140
4390,4381
4391,4381
4392,4381
4393,4381
4394,4381
4395,4381
4396,4381
4397,4381
4398,4381
4399,4381
4400,4381
4401,4381
4402,4381
4403,4140
4404,4353
4405,4353
4406,4354
4407,4353
4408,4353
4409,4140
4410,4353
4411,4353
4412,4353
4413,4353
4414,4353
4415,4353
4416,4353
4417,4158
4418,4275
4419,4275
4420,4275
4421,4275
4422,4275
4423,4275
4424,4275
4425,4275
4426,4275
4427,4275
4428,5234
4429,4158
4430,5234
4431,4158
4432,4158
4433,4158
4434,4158
4435,4158
4436,3846
4437,4831
4438,3846
4439,3846
4440,4590
4441,4590
4442,4590
4443,4590
4444,4590
4445,4590
4446,4179
4447,4590
4448,4590
4449,4179
4450,4430
4451,4179
4452,4179
4453,4179
4454,4179
4455,4179
4456,3846
4457,4430
4458,4430
4459,4430
4460,4430
4461,4430
4462,4556
4463,4556
4464,4556
4465,4485
4466,4485
4467,4485
4468,4485
4469,4485
4470,4485
4471,4485
4472,4485
4473,4485
4474,4485
4475,4485
4476,4485
4477,4485
4478,4485
4479,4485
4480,4485
4481,4485
4482,4140
4483,4485
4484,4485
4485,4910
4486,4499
4487,4631
4488,4631
4489,4631
4490,4631
4491,4631
4492,4631
4493,4631
4494,4631
4495,4631
4496,4631
4497,4631
4498,4631
4499,4910
4500,4514
4501,4514
4502,4514
4503,4514
4504,4514
4505,4514
4506,4514
4507,4514
4508,4514
4509,4514
4510,4514
4511,4514
4512,4525
4513,4514
4514,4910
4515,4485
4516,4485
4517,4525
4518,4525
4519,4485
4520,4485
4521,4525
4522,4909
4523,4788
4524,4788
4525,955
4526,4539
4527,4539
4528,4539
4529,4539
4530,4539
4531,4539
4532,4539
4533,4539
4534,4539
4535,4539
4536,4539
4537,4539
4538,4539
4539,955
4540,4539
4541,4539
4542,4539
4543,4539
4544,4539
4545,4539
4546,4539
4547,4539
4548,4539
4549,4485
4550,4485
4551,4485
4552,4831
4553,4275
4554,4275
4555,4275
4556,3683
4557,4275
4558,4275
4559,4275
4560,4275
4561,4275
4562,4275
4563,4275
4564,4275
4565,4275
4566,4275
4567,4275
4568,4275
4569,4275
4570,4275
4571,4275
4572,4275
4573,4275
4574,5889
4575,4831
4576,4831
4577,3846
4578,4590
4579,4590
4580,4590
4581,3846
4582,4179
4583,4590
4584,4590
4585,4590
4586,4590
4587,4590
4588,4590
4589,4590
4590,5234
4591,4590
4592,4590
4593,3846
4594,4590
4595,4590
4596,4590
4597,4590
4598,4590
4599,4590
4600,4590
4601,4590
4602,4590
4603,4590
4604,4631
4605,4499
4606,4499
4607,4749
4608,4749
4609,4749
4610,4749
4611,4749
4612,4882
4613,4882
4614,4882
4615,4882
4616,4882
4617,4882
4618,4631
4619,4631
4620,4631
4621,4631
4622,4631
4623,4631
4624,4631
4625,4631
4626,4631
4627,4631
4628,4631
4629,4631
4630,4631
4631,4910
4632,4631
4633,4631
4634,4525
4635,4631
4636,4631
4637,4631
4638,4525
4639,4631
4640,4631
4641,4631
4642,4525
4643,4909
4644,4909
4645,4909
4646,4788
4647,4788
4648,4773
4649,4773
4650,4773
4651,4773
4652,4773
4653,4773
4654,4773
4655,4773
4656,4773
4657,4773
4658,4773
4659,4773
4660,4773
4661,5018
4662,4499
4663,4499
4664,4499
4665,4499
4666,4499
4667,4499
4668,4499
4669,4499
4670,4499
4671,4499
4672,4831
4673,4556
4674,4556
4675,4556
4676,4556
4677,4556
4678,4556
4679,4556
4680,4556
4681,4556
4682,4556
4683,4556
4684,4556
4685,4556
4686,4556
4687,4556
4688,4556
4689,4556
4690,4556
4691,4556
4692,3846
4693,3846
4694,4831
4695,4831
4696,3846
4697,4840
4698,4809
4699,4809
4700,4809
4701,4809
4702,4809
4703,4809
4704,4809
4705,4809
4706,4809
4707,4809
4708,4809
4709,4809
4710,4809
4711,4809
4712,4809
4713,4809
4714,4809
4715,3683
4716,4809
4717,4809
4718,4809
4719,3846
4720,4809
4721,4809
4722,4809
4723,4809
4724,4809
4725,4715
4726,4809
4727,4809
4728,4809
4729,4556
4730,4556
4731,4556
4732,4590
4733,4499
4734,4499
4735,4749
4736,4749
4737,4882
4738,4882
4739,4882
4740,4882
4741,4882
4742,4882
4743,4768
4744,4768
4745,4768
4746,4768
4747,4768
4748,4768
4749,4910
4750,4768
4751,4768
4752,4768
4753,4768
4754,4768
4755,4768
4756,4768
4757,4768
4758,4768
4759,4768
4760,4525
4761,4525
4762,4768
4763,4768
4764,4768
4765,4768
4766,4525
4767,4768
4768,4910
4769,4768
4770,4768
4771,4525
4772,5334
4773,955
4774,4909
4775,4909
4776,4909
4777,4788
4778,4788
4779,4788
4780,4788
4781,4788
4782,4788
4783,4788
4784,4788
4785,4788
4786,4788
4787,4788
4788,955
4789,4788
4790,4788
4791,4788
4792,4788
4793,4499
4794,4499
4795,4499
4796,5889
4797,4809
4798,4715
4799,4715
4800,4715
4801,4715
4802,4715
4803,4715
4804,4715
4805,4715
4806,4715
4807,4715
4808,4715
4809,5234
4810,4715
4811,4715
4812,4715
4813,4715
4814,4715
4815,4715
4816,4715
4817,5889
4818,4831
4819,4831
4820,3846
4821,4840
4822,4840
4823,4840
4824,5109
4825,4982
4826,5109
4827,4428
4828,4982
4829,4428
4830,3846
4831,955
4832,4428
4833,4428
4834,4428
4835,4428
4836,4428
4837,4428
4838,4428
4839,4428
4840,5234
4841,4428
4842,4428
4843,4428
4844,4428
4845,4428
4846,4428
4847,4428
4848,4428
4849,4428
4850,4428
4851,4428
4852,5233
4853,5233
4854,5233
4855,5233
4856,5233
4857,5233
4858,5233
4859,4932
4860,5233
4861,4749
4862,4749
4863,4749
4864,4749
4865,4749
4866,4749
4867,4882
4868,4882
4869,4882
4870,4882
4871,4882
4872,4882
4873,4882
4874,4882
4875,4882
4876,4882
4877,4882
4878,4882
4879,4882
4880,4882
4881,4882
4882,4910
4883,4882
4884,4882
4885,4882
4886,4882
4887,4882
4888,4882
4889,4882
4890,4882
4891,4882
4892,4768
4893,4768
4894,4525
4895,5334
4896,4909
4897,4909
4898,4909
4899,4909
4900,4909
4901,4909
4902,4909
4903,4909
4904,4909
4905,4909
4906,4909
4907,4909
4908,4909
4909,955
4910,1
4911,4909
4912,4909
4913,4909
4914,4499
4915,4499
4916,4499
4917,4499
4918,4499
4919,4749
4920,6243
4921,5233
4922,4715
4923,4715
4924,4715
4925,4715
4926,4715
4927,4715
4928,4715
4929,4715
4930,4715
4931,4715
4932,3683
4933,4715
4934,4715
4935,4715
4936,4715
4937,4715
4938,4715
4939,4715
4940,3846
4941,4831
4942,4831
4943,3846
4944,3846
4945,6368
4946,6368
4947,5400
4948,5400
4949,5262
4950,5262
4951,5109
4952,5109
4953,5109
4954,4982
4955,4982
4956,4982
4957,4982
4958,7518
4959,4958
4960,3846
4961,4982
4962,4958
4963,4958
4964,4958
4965,4958
4966,4958
4967,4958
4968,4958
4969,4958
4970,4958
4971,4958
4972,4958
4973,4958
4974,4958
4975,4958
4976,3846
4977,4958
4978,4958
4979,4958
4980,4958
4981,4958
4982,7518
4983,5233
4984,5233
4985,5233
4986,5233
4987,5233
4988,5233
4989,5233
4990,6243
4991,4788
4992,5483
4993,5483
4994,5289
4995,5289
4996,5289
4997,5289
4998,5289
4999,5056
5000,5056
5001,5056
5002,5056
5003,5056
5004,5056
5005,5056
5006,5056
5007,5056
5008,5056
5009,5056
5010,5056
5011,5056
5012,5056
5013,5056
5014,5056
5015,5056
5016,5056
5017,5056
5018,7482
5019,5056
5020,5056
5021,5056
5022,5056
5023,5056
5024,5056
5025,5056
5026,5056
5027,5056
5028,4525
5029,4525
5030,5334
5031,5334
5032,6243
5033,5334
5034,5059
5035,5059
5036,5059
5037,5059
5038,5059
5039,5059
5040,6243
5041,5059
5042,5059
5043,5059
5044,5059
5045,5059
5046,5059
5047,5059
5048,5059
5049,5059
5050,5059
5051,5059
5052,5018
5053,5018
5054,5018
5055,5483
5056,6680
5057,5483
5058,5334
5059,8130
5060,5483
5061,4525
5062,4525
5063,5483
5064,5483
5065,5483
5066,4831
5067,5500
5068,6335
5069,6335
5070,4932
5071,4932
5072,4932
5073,4932
5074,4932
5075,4932
5076,4932
5077,4932
5078,4932
5079,4932
5080,4932
5081,4932
5082,4932
5083,4932
5084,4932
5085,4932
5086,4831
5087,4831
5088,6368
5089,6368
5090,5400
5091,5400
5092,5400
5093,5262
5094,5109
5095,5109
5096,4982
5097,4982
5098,4982
5099,3846
5100,4982
5101,4982
5102,4982
5103,4982
5104,4982
5105,4982
5106,4982
5107,4982
5108,4982
5109,7518
5110,4982
5111,4982
5112,4982
5113,4982
5114,4982
5115,4982
5116,4982
5117,3846
5118,4982
5119,4982
5120,4982
5121,4982
5122,5233
5123,5233
5124,5233
5125,3683
5126,5233
5127,5233
5128,5233
5129,5289
5130,5289
5131,5151
5132,5151
5133,5151
5134,5151
5135,5151
5136,5151
5137,5151
5138,5151
5139,5151
5140,5151
5141,5151
5142,5151
5143,5151
5144,5151
5145,5151
5146,5151
5147,5151
5148,5151
5149,5151
5150,5151
5151,6680
5152,5151
5153,5151
5154,5151
5155,5151
5156,5151
5157,5151
5158,5151
5159,5151
5160,5151
5161,5151
5162,5151
5163,5151
5164,5151
5165,6156
5166,6243
5167,5334
5168,5182
5169,5182
5170,5182
5171,5182
5172,5182
5173,5182
5174,6243
5175,5182
5176,5182
5177,5182
5178,5182
5179,5182
5180,5182
5181,5182
5182,8130
5183,5182
5184,5182
5185,5182
5186,5182
5187,5182
5188,5018
5189,5018
5190,5018
5191,5018
5192,5018
5193,5483
5194,5483
5195,5483
5196,4525
5197,4525
5198,5483
5199,5483
5200,5483
5201,5483
5202,5483
5203,9156
5204,9156
5205,1119
5206,1119
5207,8805
5208,8805
5209,982
5210,982
5211,796
5212,1302
5213,120
5214,1119
5215,9139
5216,1042
5217,982
5218,5889
5219,6335
5220,6335
5221,6335
5222,6335
5223,6335
5224,5510
5225,5125
5226,5510
5227,5510
5228,5510
5229,5510
5230,5125
5231,5125
5232,5125
5233,7518
5234,1
5235,5125
5236,5125
5237,5125
5238,4831
5239,4831
5240,4831
5241,4831
5242,6368
5243,6368
5244,5400
5245,5400
5246,5400
5247,5262
5248,5109
5249,5109
5250,5109
5251,5109
5252,4831
5253,5109
5254,5109
5255,5109
5256,5109
5257,5109
5258,5109
5259,5109
5260,5109
5261,5109
5262,7518
5263,5109
5264,5109
5265,5109
5266,5109
5267,5109
5268,5109
5269,5109
5270,5109
5271,5109
5272,5109
5273,5109
5274,4831
5275,5109
5276,5109
5277,5109
5278,5109
5279,5109
5280,5109
5281,5289
5282,5289
5283,5289
5284,5289
5285,5289
5286,5289
5287,5315
5288,5315
5289,7482
5290,5315
5291,5315
5292,5315
5293,5315
5294,5315
5295,5315
5296,5315
5297,5315
5298,5315
5299,5315
5300,5315
5301,5315
5302,5315
5303,5315
5304,5315
5305,5315
5306,5315
5307,5315
5308,5315
5309,5315
5310,5315
5311,5315
5312,5315
5313,5315
5314,5315
5315,6680
5316,5315
5317,5315
5318,5315
5319,5315
5320,5315
5321,4525
5322,5315
5323,5315
5324,4525
5325,5334
5326,5334
5327,5334
5328,5334
5329,5334
5330,5334
5331,5334
5332,5334
5333,5334
5334,8130
5335,5334
5336,5334
5337,5334
5338,5334
5339,5334
5340,5334
5341,5334
5342,5334
5343,5334
5344,6243
5345,5334
5346,5334
5347,5334
5348,5334
5349,5018
5350,5018
5351,5018
5352,5018
5353,5018
5354,5018
5355,5483
5356,4525
5357,5483
5358,5483
5359,4525
5360,5483
5361,5483
5362,5483
5363,5889
5364,6335
5365,5510
5366,5510
5367,5510
5368,5125
5369,5125
5370,5125
5371,5125
5372,5125
5373,5125
5374,5125
5375,5125
5376,4831
5377,4831
5378,4831
5379,6368
5380,5809
5381,5809
5382,5809
5383,6368
5384,5400
5385,5400
5386,5262
5387,5262
5388,5262
5389,4831
5390,5262
5391,5262
5392,5262
5393,5262
5394,5262
5395,5262
5396,5262
5397,5262
5398,5262
5399,5262
5400,7518
5401,5262
5402,5262
5403,5262
5404,5262
5405,4831
5406,5262
5407,5262
5408,5262
5409,5262
5410,5262
5411,5262
5412,6243
5413,5289
5414,5289
5415,5289
5416,5289
5417,5289
5418,5289
5419,5440
5420,5440
5421,5440
5422,5440
5423,5440
5424,5440
5425,5440
5426,5440
5427,5578
5428,5578
5429,5578
5430,5578
5431,5578
5432,5578
5433,5578
5434,5578
5435,5578
5436,5578
5437,5578
5438,5578
5439,5578
5440,7482
5441,5578
5442,5578
5443,5578
5444,5578
5445,5578
5446,5578
5447,5578
5448,5578
5449,5578
5450,5578
5451,5578
5452,4525
5453,5578
5454,5578
5455,5578
5456,4525
5457,5469
5458,5899
5459,5899
5460,5899
5461,5899
5462,5899
5463,5620
5464,5620
5465,5620
5466,5620
5467,5620
5468,5620
5469,5579
5470,5620
5471,5635
5472,5635
5473,5635
5474,5635
5475,5635
5476,5635
5477,5635
5478,5635
5479,5635
5480,5018
5481,5018
5482,5018
5483,7482
5484,5018
5485,5018
5486,5018
5487,5018
5488,5018
5489,5018
5490,5018
5491,5018
5492,5018
5493,4525
5494,4525
5495,5440
5496,5440
5497,5440
5498,5440
5499,6243
5500,5579
5501,5510
5502,6335
5503,5510
5504,5510
5505,5510
5506,5125
5507,5125
5508,5125
5509,5125
5510,3683
5511,5125
5512,5125
5513,5500
5514,5500
5515,5500
5516,5500
5517,5809
5518,5809
5519,5809
5520,5809
5521,5809
5522,5809
5523,6368
5524,6368
5525,5400
5526,5400
5527,5400
5528,5400
5529,5400
5530,5400
5531,5400
5532,5400
5533,5400
5534,7518
5535,5400
5536,5400
5537,5400
5538,5400
5539,5400
5540,5400
5541,5400
5542,5400
5543,5400
5544,5400
5545,5400
5546,5400
5547,5400
5548,5400
5549,5400
5550,5400
5551,5400
5552,5400
5553,5400
5554,5400
5555,6243
5556,6243
5557,5289
5558,5289
5559,5289
5560,5289
5561,5440
5562,5289
5563,6120
5564,5581
5565,5581
5566,5581
5567,5581
5568,5581
5569,5581
5570,5581
5571,5581
5572,5581
5573,5647
5574,5647
5575,5647
5576,5647
5577,5647
5578,6680
5579,1
5580,5647
5581,7482
5582,5647
5583,5647
5584,5647
5585,5647
5586,5647
5587,5647
5588,6156
5589,5647
5590,5647
5591,5647
5592,5647
5593,5647
5594,5647
5595,5647
5596,5647
5597,5647
5598,5647
5599,5647
5600,5647
5601,5647
5602,5647
5603,6293
5604,6293
5605,5647
5606,6156
5607,6156
5608,5899
5609,5899
5610,5620
5611,5620
5612,5620
5613,5620
5614,5620
5615,5620
5616,5620
5617,5635
5618,5635
5619,5635
5620,8130
5621,5635
5622,5635
5623,5635
5624,5635
5625,5635
5626,5635
5627,5635
5628,5635
5629,5635
5630,5635
5631,5635
5632,5635
5633,5635
5634,5635
5635,8130
5636,5635
5637,5635
5638,5635
5639,5635
5640,5635
5641,6293
5642,6547
5643,5581
5644,5581
5645,5581
5646,5581
5647,6680
5648,6335
5649,5510
5650,5510
5651,5510
5652,5510
5653,5510
5654,5510
5655,5500
5656,5500
5657,5500
5658,5500
5659,5500
5660,5809
5661,6349
5662,6349
5663,6349
5664,5809
5665,5809
5666,6368
5667,5682
5668,5534
5669,5534
5670,5534
5671,5500
5672,5534
5673,5534
5674,5534
5675,5534
5676,5534
5677,5534
5678,5534
5679,5534
5680,5534
5681,5534
5682,7518
5683,5534
5684,5534
5685,5534
5686,5534
5687,5534
5688,5534
5689,5534
5690,5534
5691,5534
5692,5534
5693,5534
5694,5534
5695,5534
5696,5534
5697,5889
5698,5581
5699,5289
5700,5289
5701,5714
5702,5714
5703,5714
5704,5714
5705,5714
5706,5714
5707,5714
5708,5714
5709,5714
5710,5714
5711,5714
5712,5714
5713,5774
5714,7482
5715,5774
5716,5774
5717,5774
5718,5774
5719,5774
5720,5774
5721,5774
5722,5774
5723,6293
5724,5774
5725,5774
5726,5774
5727,5774
5728,5774
5729,5774
5730,5774
5731,5774
5732,5774
5733,5774
5734,5774
5735,5774
5736,5774
5737,5774
5738,5774
5739,6156
5740,5774
5741,5774
5742,5774
5743,6156
5744,6156
5745,5899
5746,6243
5747,5899
5748,5899
5749,5620
5750,5620
5751,5899
5752,5899
5753,6243
5754,5620
5755,5620
5756,5620
5757,5620
5758,5620
5759,5620
5760,5620
5761,5620
5762,5620
5763,5620
5764,6547
5765,5469
5766,5620
5767,5620
5768,5620
5769,5620
5770,5620
5771,5620
5772,5620
5773,5714
5774,6680
5775,5714
5776,5714
5777,5714
5778,5500
5779,6335
5780,6335
5781,6335
5782,6335
5783,5510
5784,5510
5785,5510
5786,5510
5787,5510
5788,5510
5789,5510
5790,5510
5791,3683
5792,5500
5793,5500
5794,5500
5795,6349
5796,6349
5797,5809
5798,5809
5799,5809
5800,6368
5801,6368
5802,6368
5803,5682
5804,5682
5805,5682
5806,5682
5807,5500
5808,5682
5809,7518
5810,5682
5811,5682
5812,5682
5813,5682
5814,5682
5815,5682
5816,5682
5817,5682
5818,5682
5819,5682
5820,5682
5821,5682
5822,5682
5823,5682
5824,5682
5825,5500
5826,5682
5827,5682
5828,5682
5829,5682
5830,5682
5831,7518
5832,5682
5833,5682
5834,6243
5835,6675
5836,5581
5837,5714
5838,5852
5839,6547
5840,5852
5841,5852
5842,5852
5843,5852
5844,5852
5845,5852
5846,5852
5847,5852
5848,5852
5849,5852
5850,5852
5851,5852
5852,7482
5853,5881
5854,5881
5855,5881
5856,5881
5857,5881
5858,5881
5859,6293
5860,5881
5861,5881
5862,5881
5863,5881
5864,5881
5865,5881
5866,5881
5867,5881
5868,5881
5869,5881
5870,5881
5871,5881
5872,5881
5873,5881
5874,5881
5875,5881
5876,5881
5877,5881
5878,5881
5879,5881
5880,5881
5881,6680
5882,6156
5883,5881
5884,5881
5885,5881
5886,5881
5887,5899
5888,6243
5889,5579
5890,5899
5891,5899
5892,5899
5893,5899
5894,5899
5895,5899
5896,5899
5897,5899
5898,5899
5899,8130
5900,5899
5901,5899
5902,5899
5903,5899
5904,5899
5905,5899
5906,5899
5907,5899
5908,5899
5909,5469
5910,5852
5911,5852
5912,5852
5913,6335
5914,6335
5915,5791
5916,5791
5917,5791
5918,5791
5919,5791
5920,5791
5921,5791
5922,5791
5923,5791
5924,5791
5925,5889
5926,5889
5927,5500
5928,5500
5929,5500
5930,5500
5931,6349
5932,6349
5933,5809
5934,5809
5935,7775
5936,7775
5937,7775
5938,5831
5939,5831
5940,5831
5941,5831
5942,5831
5943,5831
5944,5831
5945,5831
5946,5831
5947,5831
5948,5831
5949,5831
5950,5831
5951,5831
5952,5831
5953,5831
5954,5831
5955,5831
5956,5831
5957,5500
5958,5831
5959,5831
5960,5831
5961,5831
5962,7518
5963,5831
5964,5831
5965,6675
5966,6675
5967,5469
5968,5852
5969,6547
5970,5852
5971,5984
5972,5984
5973,5984
5974,5984
5975,5984
5976,5984
5977,5984
5978,5984
5979,5984
5980,5984
5981,5984
5982,5984
5983,5984
5984,7482
5985,6017
5986,6017
5987,6547
5988,6293
5989,6017
5990,6017
5991,6017
5992,6017
5993,6017
5994,6017
5995,6017
5996,6017
5997,6017
5998,6017
5999,6017
6000,6017
6001,6017
6002,6017
6003,6017
6004,6017
6005,6017
6006,6017
6007,6017
6008,6017
6009,6293
6010,6293
6011,6017
6012,6017
6013,6017
6014,6017
6015,6156
6016,6017
6017,6680
6018,6017
6019,6017
6020,6017
6021,6017
6022,6017
6023,6156
6024,6156
6025,6243
6026,6675
6027,6156
6028,6156
6029,6156
6030,6156
6031,6156
6032,5984
6033,5984
6034,5984
6035,5984
6036,5984
6037,5984
6038,5984
6039,5984
6040,5984
6041,5984
6042,5984
6043,5984
6044,6547
6045,5984
6046,5984
6047,5984
6048,5984
6049,5889
6050,6335
6051,6335
6052,5791
6053,5791
6054,5791
6055,5791
6056,5791
6057,5791
6058,5791
6059,5791
6060,5791
6061,5791
6062,5791
6063,5791
6064,3683
6065,5500
6066,5500
6067,5500
6068,5500
6069,5500
6070,6349
6071,6349
6072,5809
6073,5809
6074,7775
6075,5962
6076,7775
6077,7775
6078,5962
6079,5962
6080,5962
6081,5500
6082,5962
6083,5962
6084,5962
6085,5962
6086,5962
6087,5962
6088,5962
6089,5962
6090,5962
6091,5962
6092,5962
6093,5962
6094,5962
6095,5962
6096,5500
6097,5962
6098,5962
6099,7518
6100,5962
6101,5962
6102,5962
6103,6675
6104,6675
6105,6809
6106,6547
6107,6120
6108,6149
6109,6120
6110,6120
6111,6120
6112,6149
6113,6149
6114,6149
6115,6149
6116,6149
6117,6149
6118,6149
6119,6149
6120,6680
6121,6293
6122,6149
6123,6149
6124,6149
6125,6177
6126,6177
6127,6177
6128,6177
6129,6177
6130,6177
6131,6177
6132,6177
6133,6177
6134,6177
6135,6177
6136,6177
6137,6177
6138,6177
6139,6177
6140,6177
6141,6293
6142,6177
6143,6177
6144,6177
6145,6177
6146,6177
6147,6177
6148,6177
6149,7482
6150,6177
6151,6177
6152,6177
6153,6177
6154,6156
6155,6156
6156,8741
6157,6675
6158,6156
6159,6156
6160,6156
6161,6156
6162,6156
6163,6156
6164,6675
6165,6809
6166,6149
6167,6149
6168,6149
6169,6149
6170,6149
6171,6547
6172,6809
6173,6149
6174,6149
6175,6149
6176,6149
6177,6680
6178,6149
6179,6149
6180,6149
6181,6149
6182,6149
6183,6149
6184,6149
6185,6149
6186,6149
6187,6149
6188,6149
6189,6149
6190,6149
6191,6149
6192,6149
6193,5889
6194,5889
6195,6335
6196,6708
6197,6961
6198,6708
6199,6708
6200,6708
6201,6708
6202,6708
6203,6708
6204,6708
6205,6064
6206,6961
6207,6064
6208,5500
6209,6736
6210,6736
6211,5500
6212,5809
6213,5809
6214,7775
6215,7775
6216,6099
6217,6099
6218,6099
6219,6099
6220,6099
6221,6099
6222,6099
6223,6099
6224,6099
6225,6099
6226,6099
6227,6099
6228,6099
6229,6099
6230,6099
6231,6099
6232,6099
6233,6099
6234,7518
6235,6099
6236,6099
6237,6099
6238,6099
6239,6099
6240,6675
6241,6675
6242,6675
6243,5579
6244,6547
6245,6547
6246,6120
6247,6120
6248,6120
6249,6120
6250,6516
6251,6275
6252,6318
6253,6318
6254,6318
6255,6318
6256,6318
6257,6318
6258,6318
6259,6318
6260,6318
6261,6318
6262,6318
6263,6318
6264,6318
6265,6318
6266,6318
6267,6318
6268,6318
6269,6318
6270,6293
6271,6293
6272,6318
6273,6318
6274,6318
6275,7482
6276,6318
6277,6318
6278,6318
6279,6318
6280,6318
6281,6293
6282,6293
6283,6675
6284,6293
6285,6293
6286,6293
6287,6293
6288,6293
6289,6293
6290,6293
6291,6293
6292,6293
6293,8741
6294,6675
6295,5469
6296,6293
6297,6293
6298,6293
6299,6293
6300,6809
6301,6293
6302,6809
6303,6318
6304,5469
6305,6275
6306,5469
6307,6275
6308,6275
6309,6275
6310,6275
6311,6275
6312,6275
6313,6275
6314,6275
6315,6275
6316,6275
6317,6275
6318,6680
6319,6275
6320,6275
6321,6275
6322,6275
6323,6275
6324,6275
6325,5889
6326,6708
6327,6335
6328,6335
6329,6335
6330,6708
6331,6335
6332,6708
6333,6708
6334,6708
6335,3683
6336,6961
6337,6961
6338,6961
6339,6064
6340,6064
6341,6991
6342,6736
6343,6736
6344,6991
6345,6736
6346,6349
6347,6349
6348,5809
6349,7518
6350,7775
6351,7775
6352,6234
6353,6234
6354,6234
6355,6234
6356,6234
6357,6234
6358,6234
6359,6234
6360,6234
6361,6234
6362,6234
6363,6234
6364,6234
6365,6234
6366,6234
6367,6234
6368,7518
6369,6234
6370,6234
6371,6234
6372,6234
6373,6234
6374,6234
6375,6234
6376,6675
6377,6675
6378,6547
6379,6547
6380,6120
6381,6120
6382,6516
6383,6516
6384,6516
6385,6516
6386,6516
6387,6516
6388,6516
6389,6403
6390,6547
6391,6403
6392,6403
6393,6403
6394,6403
6395,6403
6396,6403
6397,6403
6398,6403
6399,6403
6400,6403
6401,6403
6402,6403
6403,6680
6404,6403
6405,6403
6406,6403
6407,6403
6408,6403
6409,6403
6410,6403
6411,6403
6412,6403
6413,6403
6414,6403
6415,6403
6416,6403
6417,6434
6418,6434
6419,6434
6420,6434
6421,6434
6422,6434
6423,6434
6424,6434
6425,6434
6426,6434
6427,6675
6428,6809
6429,6434
6430,6434
6431,6434
6432,6434
6433,5469
6434,8130
6435,5469
6436,6434
6437,6809
6438,5469
6439,6434
6440,6434
6441,6434
6442,6434
6443,6434
6444,6434
6445,6434
6446,6434
6447,6434
6448,6434
6449,5469
6450,5469
6451,6434
6452,6434
6453,5889
6454,5889
6455,6335
6456,6708
6457,6708
6458,6335
6459,6708
6460,6708
6461,6961
6462,6961
6463,6961
6464,6064
6465,6064
6466,6064
6467,6991
6468,7517
6469,7517
6470,7517
6471,6736
6472,6991
6473,6736
6474,6991
6475,6349
6476,5809
6477,7775
6478,7775
6479,7775
6480,7775
6481,7775
6482,7775
6483,7775
6484,7775
6485,6234
6486,6234
6487,6234
6488,6234
6489,6234
6490,6234
6491,6234
6492,6234
6493,6234
6494,6234
6495,6234
6496,6234
6497,6234
6498,6234
6499,6675
6500,6675
6501,5852
6502,6547
6503,6120
6504,6120
6505,6120
6506,6120
6507,6516
6508,6516
6509,6516
6510,6516
6511,6516
6512,6516
6513,6516
6514,6516
6515,6516
6516,6680
6517,6516
6518,6516
6519,6516
6520,6516
6521,6516
6522,6516
6523,6516
6524,6516
6525,6516
6526,6516
6527,6516
6528,6516
6529,6516
6530,6516
6531,6516
6532,6516
6533,6547
6534,6516
6535,6516
6536,6516
6537,6516
6538,6516
6539,6547
6540,6547
6541,6547
6542,6675
6543,6547
6544,6547
6545,6547
6546,6547
6547,8741
6548,6547
6549,6675
6550,6547
6551,6547
6552,6547
6553,6547
6554,6809
6555,6547
6556,6547
6557,6547
6558,6809
6559,6809
6560,6809
6561,5469
6562,6275
6563,6275
6564,6275
6565,6275
6566,6275
6567,6275
6568,6275
6569,6275
6570,6275
6571,6275
6572,6275
6573,6275
6574,5469
6575,6275
6576,6275
6577,6335
6578,6335
6579,6335
6580,6064
6581,6708
6582,6961
6583,6961
6584,6961
6585,6064
6586,6064
6587,6064
6588,7264
6589,7517
6590,6736
6591,6736
6592,6736
6593,6736
6594,6991
6595,6991
6596,7518
6597,6991
6598,5809
6599,5809
6600,5809
6601,5809
6602,5809
6603,5809
6604,5809
6605,5809
6606,5809
6607,5809
6608,5809
6609,7775
6610,7775
6611,7775
6612,7775
6613,7775
6614,7775
6615,7775
6616,7498
6617,7498
6618,6708
6619,7498
6620,7498
6621,6675
6622,6675
6623,6679
6624,6679
6625,6120
6626,6652
6627,6652
6628,6652
6629,6652
6630,7785
6631,7785
6632,7785
6633,6679
6634,6679
6635,7785
6636,7785
6637,7785
6638,7785
6639,7086
6640,7086
6641,7086
6642,7086
6643,7086
6644,7086
6645,7086
6646,7094
6647,7094
6648,7094
6649,7094
6650,7094
6651,7364
6652,6680
6653,7364
6654,7364
6655,7364
6656,7364
6657,7364
6658,7487
6659,7487
6660,7487
6661,7487
6662,6679
6663,7487
6664,7487
6665,6679
6666,6679
6667,6679
6668,6679
6669,6679
6670,6679
6671,6679
6672,6679
6673,6679
6674,6675
6675,5579
6676,6675
6677,6679
6678,6679
6679,8741
6680,1
6681,6679
6682,6679
6683,6809
6684,6679
6685,6679
6686,6809
6687,6679
6688,6809
6689,6809
6690,6679
6691,6679
6692,6679
6693,6679
6694,6679
6695,6679
6696,6679
6697,6679
6698,6679
6699,6679
6700,5889
6701,5889
6702,5889
6703,6708
6704,6335
6705,6708
6706,6708
6707,6335
6708,3683
6709,6961
6710,6961
6711,6961
6712,6961
6713,6961
6714,6961
6715,6064
6716,6064
6717,6064
6718,7264
6719,7264
6720,7264
6721,7517
6722,7517
6723,6736
6724,6991
6725,6991
6726,7275
6727,6991
6728,6991
6729,6991
6730,7275
6731,7275
6732,6596
6733,7275
6734,7275
6735,7275
6736,7518
6737,7275
6738,7275
6739,7275
6740,7275
6741,7275
6742,7275
6743,7275
6744,7275
6745,6349
6746,7775
6747,7775
6748,7775
6749,7498
6750,7498
6751,7498
6752,6708
6753,6675
6754,6820
6755,6820
6756,6820
6757,5852
6758,6899
6759,6774
6760,6774
6761,6774
6762,6774
6763,6774
6764,6774
6765,6774
6766,6820
6767,6820
6768,6774
6769,6774
6770,6774
6771,6774
6772,6774
6773,6774
6774,7482
6775,6774
6776,6774
6777,6774
6778,6774
6779,6774
6780,6774
6781,6774
6782,6774
6783,6774
6784,6774
6785,6774
6786,6774
6787,6774
6788,6774
6789,6820
6790,6820
6791,6774
6792,6774
6793,6774
6794,6774
6795,6774
6796,6774
6797,6774
6798,6774
6799,6820
6800,6820
6801,6820
6802,6820
6803,6675
6804,6820
6805,6820
6806,6820
6807,6820
6808,6820
6809,5579
6810,6675
6811,6820
6812,6820
6813,6820
6814,6820
6815,5469
6816,5469
6817,6820
6818,5469
6819,5469
6820,8741
6821,5469
6822,6774
6823,6774
6824,6774
6825,5469
6826,7020
6827,6774
6828,6708
6829,6708
6830,6335
6831,6708
6832,6335
6833,6708
6834,6961
6835,6961
6836,6961
6837,6961
6838,6961
6839,6064
6840,6064
6841,6064
6842,8082
6843,7264
6844,7264
6845,7517
6846,7517
6847,6736
6848,6736
6849,6736
6850,6736
6851,6349
6852,6349
6853,6736
6854,7275
6855,6349
6856,6349
6857,6349
6858,6349
6859,6736
6860,6736
6861,7275
6862,6349
6863,6349
6864,7275
6865,6349
6866,6596
6867,7275
6868,6349
6869,6349
6870,6349
6871,7275
6872,7275
6873,7275
6874,7498
6875,6994
6876,7498
6877,7498
6878,6675
6879,5889
6880,7020
6881,5984
6882,5581
6883,6936
6884,6936
6885,6899
6886,6652
6887,7785
6888,7785
6889,6899
6890,6936
6891,7785
6892,6899
6893,6899
6894,6899
6895,6899
6896,6899
6897,6899
6898,6899
6899,7482
6900,7086
6901,6899
6902,7086
6903,6899
6904,6899
6905,6899
6906,6899
6907,6899
6908,6899
6909,6899
6910,6899
6911,6936
6912,6899
6913,7364
6914,6899
6915,6899
6916,6899
6917,6899
6918,7487
6919,6899
6920,6936
6921,6936
6922,6936
6923,6936
6924,6675
6925,6936
6926,6936
6927,6936
6928,6936
6929,6936
6930,6936
6931,6675
6932,6936
6933,6936
6934,6936
6935,5469
6936,8741
6937,6936
6938,6936
6939,6936
6940,6936
6941,5469
6942,6936
6943,5469
6944,5469
6945,6936
6946,6936
6947,6936
6948,6936
6949,6936
6950,6936
6951,6936
6952,6936
6953,5469
6954,6936
6955,6936
6956,7498
6957,6335
6958,6335
6959,6335
6960,6961
6961,3683
6962,6961
6963,6961
6964,6961
6965,6961
6966,6961
6967,6961
6968,6064
6969,6064
6970,6064
6971,5889
6972,7264
6973,7264
6974,6983
6975,6736
6976,6991
6977,6736
6978,6736
6979,6736
6980,6736
6981,6736
6982,6736
6983,7518
6984,6736
6985,6736
6986,7275
6987,6596
6988,6596
6989,7275
6990,7275
6991,7518
6992,6596
6993,7498
6994,3683
6995,7498
6996,7859
6997,7379
6998,5469
6999,7020
7000,5440
7001,7020
7002,7020
7003,7086
7004,7705
7005,7020
7006,7364
7007,7487
7008,7487
7009,6899
7010,7487
7011,7020
7012,7020
7013,7020
7014,7020
7015,7379
7016,7020
7017,7020
7018,7020
7019,7020
7020,8741
7021,7020
7022,7020
7023,7717
7024,7020
7025,7020
7026,7020
7027,7020
7028,7020
7029,7020
7030,7020
7031,7717
7032,7309
7033,7020
7034,7309
7035,7020
7036,7020
7037,7020
7038,7020
7039,7020
7040,7020
7041,7020
7042,7020
7043,7020
7044,5889
7045,5889
7046,7498
7047,8361
7048,6994
7049,6994
7050,6994
7051,6994
7052,6994
7053,6994
7054,6994
7055,6994
7056,6994
7057,6994
7058,6064
7059,6064
7060,6064
7061,5889
7062,5889
7063,7264
7064,7264
7065,7264
7066,7517
7067,7517
7068,7517
7069,6983
7070,6983
7071,6983
7072,6983
7073,6983
7074,7275
7075,6349
7076,6596
7077,6596
7078,7498
7079,7859
7080,7859
7081,5579
7082,5289
7083,7217
7084,7217
7085,6899
7086,6680
7087,7086
7088,7086
7089,7086
7090,6899
7091,7094
7092,7094
7093,7094
7094,6680
7095,7094
7096,7094
7097,7094
7098,7364
7099,7094
7100,7217
7101,7364
7102,7364
7103,7364
7104,7487
7105,6899
7106,6899
7107,6899
7108,7217
7109,7487
7110,7217
7111,7217
7112,7379
7113,7217
7114,7217
7115,7217
7116,7217
7117,7217
7118,7217
7119,7717
7120,7217
7121,7217
7122,7217
7123,7217
7124,7217
7125,7217
7126,7217
7127,7717
7128,7217
7129,7309
7130,7309
7131,7309
7132,7705
7133,6899
7134,6899
7135,6899
7136,6899
7137,6899
7138,6899
7139,5889
7140,6994
7141,6994
7142,6994
7143,6994
7144,6994
7145,6994
7146,6994
7147,6994
7148,6994
7149,6994
7150,6064
7151,6064
7152,5889
7153,8082
7154,7081
7155,7264
7156,7264
7157,7264
7158,7264
7159,7517
7160,6983
7161,6983
7162,6983
7163,6983
7164,7275
7165,7275
7166,6596
7167,6596
7168,7498
7169,7498
7170,7498
7171,3683
7172,7498
7173,7859
7174,5889
7175,7223
7176,7191
7177,6652
7178,7191
7179,7785
7180,7223
7181,7191
7182,7191
7183,7705
7184,7705
7185,7705
7186,7705
7187,7094
7188,7094
7189,7094
7190,7094
7191,7482
7192,7191
7193,7364
7194,7191
7195,7364
7196,7223
7197,7364
7198,7364
7199,7487
7200,7487
7201,7487
7202,7191
7203,7487
7204,7487
7205,7191
7206,7223
7207,7223
7208,7223
7209,7223
7210,7223
7211,7379
7212,7223
7213,7223
7214,7223
7215,7223
7216,7223
7217,8741
7218,7379
7219,7223
7220,7223
7221,7223
7222,7223
7223,8741
7224,7717
7225,7223
7226,7223
7227,7223
7228,7223
7229,7717
7230,7223
7231,7309
7232,7309
7233,7309
7234,7309
7235,7223
7236,7223
7237,7223
7238,7223
7239,7223
7240,7223
7241,7223
7242,5889
7243,7498
7244,8361
7245,7171
7246,7171
7247,7171
7248,7171
7249,7171
7250,7171
7251,7171
7252,7171
7253,6064
7254,6064
7255,6064
7256,6064
7257,6064
7258,6064
7259,5889
7260,8082
7261,8082
7262,7264
7263,7264
7264,7518
7265,6983
7266,6983
7267,6983
7268,6983
7269,6983
7270,6983
7271,6983
7272,7275
7273,6983
7274,7275
7275,7518
7276,7275
7277,6349
7278,7498
7279,7859
7280,7859
7281,7309
7282,5714
7283,7309
7284,7191
7285,6652
7286,7785
7287,7785
7288,7785
7289,7309
7290,7705
7291,7785
7292,7191
7293,7705
7294,7705
7295,7705
7296,7364
7297,7364
7298,7309
7299,7487
7300,7309
7301,7309
7302,7309
7303,7309
7304,7379
7305,7309
7306,7309
7307,7309
7308,7309
7309,8741
7310,7717
7311,7309
7312,7309
7313,7309
7314,7309
7315,7309
7316,7309
7317,7309
7318,7717
7319,7309
7320,7309
7321,7309
7322,7309
7323,5889
7324,5889
7325,7171
7326,7171
7327,7171
7328,7171
7329,7171
7330,7171
7331,7171
7332,6064
7333,6064
7334,7081
7335,7081
7336,7264
7337,7264
7338,7264
7339,7517
7340,6983
7341,6983
7342,6983
7343,6983
7344,6349
7345,6349
7346,6349
7347,6349
7348,6596
7349,6596
7350,7498
7351,6596
7352,3683
7353,6899
7354,7395
7355,6652
7356,6652
7357,7785
7358,7395
7359,7785
7360,7705
7361,7705
7362,7705
7363,7094
7364,6680
7365,7364
7366,7364
7367,7364
7368,7191
7369,7487
7370,7395
7371,7395
7372,7395
7373,7395
7374,7395
7375,7379
7376,7395
7377,7395
7378,7395
7379,5579
7380,7717
7381,7395
7382,7395
7383,7395
7384,7395
7385,7717
7386,7395
7387,7395
7388,7395
7389,7395
7390,7717
7391,7395
7392,7395
7393,7395
7394,7395
7395,8741
7396,7395
7397,8082
7398,7352
7399,8361
7400,8361
7401,7352
7402,7352
7403,7352
7404,7352
7405,7352
7406,7352
7407,7352
7408,7352
7409,7352
7410,7352
7411,7352
7412,7352
7413,3683
7414,7352
7415,7352
7416,7352
7417,7352
7418,7352
7419,7352
7420,7264
7421,7264
7422,7264
7423,7517
7424,6983
7425,6983
7426,6349
7427,6596
7428,6349
7429,7498
7430,7498
7431,7498
7432,7498
7433,8361
7434,7498
7435,7859
7436,7859
7437,7379
7438,7800
7439,5581
7440,5440
7441,5289
7442,6652
7443,6652
7444,7191
7445,7785
7446,7785
7447,7785
7448,8305
7449,7705
7450,7705
7451,7785
7452,7705
7453,7705
7454,7094
7455,7094
7456,7094
7457,7094
7458,7094
7459,7364
7460,7364
7461,8305
7462,7487
7463,7887
7464,7887
7465,7639
7466,7639
7467,7379
7468,7639
7469,7639
7470,7639
7471,7639
7472,7639
7473,7717
7474,7639
7475,7639
7476,7639
7477,7717
7478,7639
7479,7639
7480,7191
7481,8741
7482,1
7483,6652
7484,7717
7485,7800
7486,7191
7487,6680
7488,7481
7489,7481
7490,7081
7491,8361
7492,8361
7493,8361
7494,7413
7495,8361
7496,7413
7497,7413
7498,3683
7499,7413
7500,7413
7501,7413
7502,7413
7503,7413
7504,7413
7505,7413
7506,7413
7507,7413
7508,6064
7509,6064
7510,6064
7511,8082
7512,7264
7513,6983
7514,6983
7515,6349
7516,6349
7517,7518
7518,1
7519,6596
7520,6596
7521,6596
7522,6596
7523,6596
7524,6596
7525,6596
7526,6596
7527,6596
7528,7859
7529,7800
7530,7800
7531,6652
7532,7785
7533,8305
7534,7705
7535,7705
7536,7705
7537,7094
7538,7094
7539,7364
7540,8305
7541,7887
7542,7887
7543,7639
7544,7639
7545,7639
7546,7379
7547,7639
7548,7639
7549,7639
7550,7639
7551,7639
7552,7639
7553,7639
7554,7717
7555,7639
7556,7639
7557,7639
7558,7639
7559,7717
7560,7191
7561,7191
7562,7191
7563,7717
7564,7191
7565,7191
7566,7800
7567,7191
7568,7191
7569,7800
7570,7191
7571,1042
7572,924
7573,924
7574,9156
7575,9156
7576,1119
7577,1119
7578,8805
7579,8805
7580,8805
7581,1042
7582,1042
7583,982
7584,1042
7585,982
7586,1042
7587,1042
7588,924
7589,1302
7590,9156
7591,8805
7592,9139
7593,1042
7594,8361
7595,8361
7596,7413
7597,8361
7598,8361
7599,7413
7600,7413
7601,7413
7602,7413
7603,7413
7604,7413
7605,7413
7606,7413
7607,7413
7608,7413
7609,7413
7610,7413
7611,7413
7612,7413
7613,3683
7614,7413
7615,7413
7616,7413
7617,8082
7618,7081
7619,7517
7620,6596
7621,6596
7622,6596
7623,6596
7624,7859
7625,6652
7626,7785
7627,8305
7628,8305
7629,7785
7630,7785
7631,7785
7632,7094
7633,7094
7634,7094
7635,7364
7636,7364
7637,8305
7638,7887
7639,8130
7640,7887
7641,7887
7642,7714
7643,7714
7644,7714
7645,7714
7646,7714
7647,7714
7648,7714
7649,7714
7650,7714
7651,7714
7652,7714
7653,7714
7654,7379
7655,7714
7656,7714
7657,7714
7658,7714
7659,7714
7660,7782
7661,8692
7662,8692
7663,7191
7664,7191
7665,7191
7666,7191
7667,7191
7668,7800
7669,7191
7670,7191
7671,7800
7672,8082
7673,8361
7674,7613
7675,8361
7676,7839
7677,7839
7678,7839
7679,7755
7680,7613
7681,7613
7682,7613
7683,7613
7684,7613
7685,7613
7686,7613
7687,7613
7688,7613
7689,7613
7690,7613
7691,7613
7692,8082
7693,8082
7694,8082
7695,6596
7696,6596
7697,7859
7698,6652
7699,7705
7700,7481
7701,7785
7702,7705
7703,7705
7704,7705
7705,6680
7706,7094
7707,7094
7708,8305
7709,7487
7710,7887
7711,7887
7712,7887
7713,7887
7714,8130
7715,7379
7716,7379
7717,5579
7718,7714
7719,7714
7720,7714
7721,7714
7722,7714
7723,7714
7724,7379
7725,8692
7726,7714
7727,7714
7728,7714
7729,7714
7730,7782
7731,7782
7732,7782
7733,7782
7734,7782
7735,7782
7736,7782
7737,8692
7738,8692
7739,8692
7740,7909
7741,7800
7742,7909
7743,8129
7744,8305
7745,7081
7746,7081
7747,8361
7748,7839
7749,7755
7750,8361
7751,8361
7752,7839
7753,7839
7754,7839
7755,3683
7756,7755
7757,7755
7758,7755
7759,7755
7760,7755
7761,7755
7762,7755
7763,7755
7764,7755
7765,7755
7766,7755
7767,7613
7768,7613
7769,8082
7770,8703
7771,7264
7772,7081
7773,6596
7774,6596
7775,7518
7776,6596
7777,7839
7778,7859
7779,7859
7780,8129
7781,8129
7782,8130
7783,7800
7784,6652
7785,6680
7786,7705
7787,7800
7788,7785
7789,7705
7790,7094
7791,7094
7792,7094
7793,7800
7794,7800
7795,7800
7796,7800
7797,7800
7798,7800
7799,7800
7800,8741
7801,7800
7802,7800
7803,7379
7804,7800
7805,7800
7806,7800
7807,7800
7808,7800
7809,7800
7810,7800
7811,7800
7812,7800
7813,7800
7814,7800
7815,7800
7816,7782
7817,7782
7818,7782
7819,7782
7820,7782
7821,7782
7822,7782
7823,7782
7824,8692
7825,7782
7826,7909
7827,7909
7828,7909
7829,7909
7830,7800
7831,7909
7832,8129
7833,7800
7834,7800
7835,8129
7836,8082
7837,8361
7838,8361
7839,3683
7840,7839
7841,7839
7842,7839
7843,7839
7844,7839
7845,7839
7846,7839
7847,7839
7848,7755
7849,7755
7850,8082
7851,8703
7852,7081
7853,7264
7854,6983
7855,7081
7856,6596
7857,6596
7858,7859
7859,5579
7860,7859
7861,8129
7862,8129
7863,8129
7864,7481
7865,6652
7866,8305
7867,7705
7868,7705
7869,7705
7870,7094
7871,7094
7872,7364
7873,8305
7874,7887
7875,7887
7876,7887
7877,7887
7878,7887
7879,7887
7880,7887
7881,7887
7882,7887
7883,7887
7884,7887
7885,7887
7886,7887
7887,8130
7888,7887
7889,7887
7890,7887
7891,7887
7892,7379
7893,8692
7894,7887
7895,7887
7896,7887
7897,7782
7898,8692
7899,7782
7900,7782
7901,7782
7902,7782
7903,7782
7904,8692
7905,7909
7906,8692
7907,8692
7908,7909
7909,8130
7910,8692
7911,7909
7912,7481
7913,8129
7914,8129
7915,8129
7916,7859
7917,8768
7918,8361
7919,8768
7920,7839
7921,7839
7922,3683
7923,7839
7924,7839
7925,7839
7926,7839
7927,7839
7928,7839
7929,7839
7930,7839
7931,8703
7932,7081
7933,7081
7934,7081
7935,7081
7936,7859
7937,7481
7938,8129
7939,7481
7940,6652
7941,8305
7942,7785
7943,7705
7944,8305
7945,7965
7946,7965
7947,7965
7948,7965
7949,7965
7950,7965
7951,7965
7952,7965
7953,7965
7954,7965
7955,7965
7956,7965
7957,7965
7958,7965
7959,7965
7960,7965
7961,7965
7962,7965
7963,7965
7964,7965
7965,8130
7966,7965
7967,7965
7968,7965
7969,7965
7970,8692
7971,8692
7972,7965
7973,7965
7974,7965
7975,7965
7976,7965
7977,7909
7978,7909
7979,8692
7980,8129
7981,7481
7982,8129
7983,8129
7984,7859
7985,7859
7986,7922
7987,7839
7988,8768
7989,7839
7990,7839
7991,7922
7992,7922
7993,7922
7994,7922
7995,7922
7996,7922
7997,7839
7998,7839
7999,7081
8000,7081
8001,7081
8002,7859
8003,8129
8004,8305
8005,8305
8006,7705
8007,7705
8008,7705
8009,7705
8010,7094
8011,8305
8012,8305
8013,8029
8014,8029
8015,7487
8016,8029
8017,8029
8018,8029
8019,8029
8020,8029
8021,8029
8022,8029
8023,8309
8024,8309
8025,8309
8026,8309
8027,8309
8028,8309
8029,8130
8030,8309
8031,8309
8032,8309
8033,8309
8034,8309
8035,8181
8036,8181
8037,8181
8038,8181
8039,8181
8040,8181
8041,8181
8042,8692
8043,8181
8044,8181
8045,8181
8046,8181
8047,8207
8048,8207
8049,8207
8050,7909
8051,7909
8052,7909
8053,8692
8054,7909
8055,8129
8056,7481
8057,8129
8058,8129
8059,8129
8060,7859
8061,7081
8062,8768
8063,8768
8064,8768
8065,7922
8066,7922
8067,7922
8068,7922
8069,7922
8070,7922
8071,3683
8072,7922
8073,7922
8074,7922
8075,7922
8076,7922
8077,7922
8078,7081
8079,8703
8080,7081
8081,7081
8082,5579
8083,7859
8084,7481
8085,8129
8086,8129
8087,7705
8088,7705
8089,8305
8090,8305
8091,8104
8092,8104
8093,7487
8094,7487
8095,8029
8096,8029
8097,8029
8098,8029
8099,8029
8100,8309
8101,8309
8102,8309
8103,8309
8104,8741
8105,8309
8106,8309
8107,8104
8108,8104
8109,8104
8110,8497
8111,8309
8112,8497
8113,8497
8114,8497
8115,8181
8116,8181
8117,8398
8118,8181
8119,8398
8120,8181
8121,8181
8122,8181
8123,8207
8124,8207
8125,8692
8126,8207
8127,7909
8128,7909
8129,8130
8130,1
8131,7909
8132,8692
8133,7909
8134,7481
8135,8129
8136,8129
8137,8129
8138,8129
8139,8703
8140,8703
8141,8154
8142,8768
8143,8154
8144,8768
8145,8768
8146,8768
8147,8768
8148,8154
8149,8154
8150,8154
8151,8154
8152,8154
8153,8154
8154,3683
8155,8154
8156,8154
8157,8154
8158,8154
8159,8154
8160,8154
8161,8154
8162,8703
8163,8082
8164,7264
8165,7517
8166,7081
8167,6983
8168,7081
8169,7481
8170,7909
8171,7785
8172,8305
8173,7705
8174,8305
8175,8029
8176,8309
8177,8497
8178,8309
8179,8207
8180,8181
8181,8130
8182,8181
8183,8181
8184,8181
8185,8181
8186,8181
8187,8181
8188,8181
8189,8181
8190,8207
8191,8273
8192,8207
8193,8207
8194,8273
8195,8273
8196,8273
8197,8784
8198,8273
8199,8273
8200,7481
8201,8273
8202,8273
8203,8273
8204,8273
8205,7481
8206,8273
8207,8130
8208,8273
8209,7081
8210,8361
8211,8768
8212,8971
8213,8154
8214,8154
8215,8154
8216,8971
8217,8971
8218,8154
8219,8154
8220,8154
8221,8154
8222,8154
8223,8154
8224,8154
8225,8703
8226,7081
8227,7081
8228,9035
8229,8305
8230,7705
8231,8305
8232,8029
8233,8104
8234,8029
8235,8029
8236,8029
8237,8029
8238,8029
8239,8029
8240,8104
8241,8029
8242,8309
8243,8309
8244,8309
8245,8309
8246,8309
8247,8309
8248,8309
8249,8309
8250,8309
8251,8309
8252,8309
8253,8309
8254,8273
8255,8309
8256,8207
8257,8207
8258,8207
8259,8207
8260,8207
8261,8207
8262,8207
8263,8207
8264,8207
8265,8207
8266,8207
8267,8207
8268,8207
8269,8207
8270,8207
8271,8207
8272,8207
8273,8130
8274,8273
8275,8273
8276,8692
8277,8273
8278,8273
8279,7481
8280,8273
8281,8273
8282,8273
8283,7481
8284,8703
8285,8768
8286,8768
8287,8154
8288,8768
8289,8768
8290,8971
8291,8154
8292,8971
8293,8971
8294,8071
8295,8154
8296,8154
8297,8703
8298,8703
8299,8703
8300,9035
8301,9035
8302,9035
8303,8768
8304,7481
8305,8741
8306,8305
8307,8029
8308,8029
8309,8130
8310,8029
8311,8029
8312,8377
8313,8377
8314,8377
8315,8377
8316,8377
8317,8377
8318,8377
8319,8377
8320,8377
8321,8377
8322,8377
8323,8377
8324,8377
8325,8377
8326,8377
8327,8377
8328,8377
8329,8377
8330,8377
8331,8377
8332,8377
8333,8377
8334,8273
8335,8273
8336,8273
8337,8273
8338,8273
8339,8273
8340,8273
8341,8273
8342,8273
8343,7481
8344,8273
8345,8273
8346,7481
8347,7481
8348,8273
8349,7859
8350,8361
8351,8154
8352,8971
8353,8971
8354,3683
8355,8971
8356,8154
8357,8154
8358,8971
8359,8354
8360,8354
8361,3683
8362,8354
8363,8971
8364,8071
8365,9035
8366,9035
8367,8305
8368,8305
8369,8305
8370,8305
8371,8740
8372,8104
8373,8497
8374,8497
8375,8497
8376,8497
8377,8130
8378,8497
8379,8497
8380,8497
8381,8497
8382,8398
8383,8398
8384,8398
8385,8398
8386,8398
8387,8398
8388,8447
8389,8447
8390,8447
8391,8447
8392,8447
8393,8447
8394,8447
8395,8447
8396,8447
8397,8447
8398,8741
8399,8447
8400,8447
8401,8447
8402,8465
8403,8465
8404,8465
8405,8465
8406,8465
8407,8465
8408,8465
8409,8465
8410,8740
8411,8740
8412,7481
8413,8740
8414,8768
8415,8154
8416,8971
8417,8971
8418,8971
8419,8971
8420,8971
8421,8354
8422,8354
8423,8354
8424,8703
8425,9035
8426,8768
8427,8361
8428,6652
8429,8305
8430,8546
8431,8883
8432,8546
8433,8104
8434,8104
8435,8104
8436,8497
8437,8497
8438,8497
8439,8497
8440,8398
8441,8398
8442,8398
8443,8398
8444,8398
8445,8398
8446,8398
8447,8741
8448,8447
8449,8447
8450,8447
8451,8447
8452,8447
8453,8447
8454,8447
8455,8447
8456,8447
8457,8447
8458,8465
8459,7481
8460,8465
8461,8740
8462,8740
8463,7481
8464,8740
8465,8741
8466,8740
8467,8740
8468,8740
8469,8768
8470,8971
8471,8154
8472,8354
8473,8354
8474,8354
8475,8971
8476,9035
8477,9035
8478,7481
8479,8883
8480,8883
8481,8883
8482,8104
8483,8104
8484,8651
8485,8104
8486,8104
8487,8104
8488,8497
8489,8497
8490,8497
8491,8497
8492,8497
8493,8497
8494,8497
8495,8497
8496,8497
8497,8741
8498,8512
8499,8512
8500,8512
8501,8512
8502,8512
8503,8512
8504,8512
8505,8512
8506,8512
8507,8512
8508,8512
8509,8512
8510,8512
8511,8512
8512,8741
8513,8512
8514,8512
8515,8512
8516,8512
8517,8512
8518,8465
8519,8465
8520,7481
8521,8740
8522,8740
8523,8740
8524,8740
8525,7481
8526,8740
8527,8740
8528,8740
8529,8740
8530,8740
8531,8354
8532,8768
8533,8354
8534,8354
8535,8354
8536,8354
8537,8071
8538,8703
8539,9035
8540,8703
8541,7481
8542,8546
8543,8883
8544,8883
8545,8724
8546,8741
8547,8651
8548,8651
8549,8651
8550,8576
8551,8576
8552,8576
8553,8576
8554,8576
8555,8576
8556,8576
8557,8576
8558,8576
8559,8576
8560,8576
8561,8576
8562,8576
8563,8576
8564,8576
8565,8576
8566,8576
8567,8576
8568,8576
8569,8576
8570,8576
8571,8576
8572,8576
8573,8576
8574,8576
8575,8576
8576,8741
8577,8465
8578,8740
8579,8768
8580,8971
8581,8971
8582,8354
8583,8354
8584,8071
8585,8703
8586,8703
8587,7481
8588,8740
8589,8546
8590,8883
8591,8883
8592,8883
8593,8883
8594,8724
8595,8651
8596,8651
8597,8615
8598,8615
8599,8615
8600,8615
8601,8615
8602,8615
8603,8615
8604,8615
8605,8615
8606,8615
8607,8615
8608,8615
8609,8615
8610,8615
8611,8615
8612,8615
8613,8615
8614,8615
8615,8741
8616,8615
8617,8615
8618,8615
8619,8615
8620,8615
8621,7481
8622,7481
8623,8740
8624,7481
8625,8768
8626,8071
8627,8703
8628,9035
8629,8703
8630,9035
8631,7481
8632,7481
8633,8784
8634,8883
8635,8546
8636,8546
8637,8883
8638,8724
8639,8651
8640,8651
8641,8651
8642,8651
8643,8651
8644,8651
8645,8651
8646,8651
8647,8651
8648,8651
8649,8651
8650,8651
8651,8741
8652,8651
8653,8651
8654,8651
8655,8651
8656,8651
8657,8651
8658,8651
8659,8651
8660,8651
8661,8465
8662,8465
8663,8768
8664,8354
8665,8354
8666,8071
8667,9035
8668,8784
8669,8883
8670,8883
8671,8724
8672,8724
8673,8686
8674,8686
8675,8686
8676,8686
8677,8686
8678,8686
8679,8686
8680,8686
8681,8686
8682,8686
8683,8686
8684,8686
8685,8686
8686,8741
8687,8686
8688,8686
8689,8686
8690,8686
8691,8692
8692,5579
8693,8686
8694,8686
8695,8465
8696,8740
8697,8971
8698,8971
8699,8354
8700,8354
8701,8354
8702,9035
8703,5579
8704,9035
8705,7517
8706,8703
8707,7481
8708,7481
8709,7481
8710,8546
8711,8546
8712,7705
8713,8546
8714,8546
8715,8546
8716,8724
8717,8724
8718,8724
8719,8724
8720,8724
8721,8724
8722,8724
8723,8724
8724,8741
8725,8724
8726,8724
8727,8724
8728,8724
8729,8724
8730,8692
8731,8692
8732,8724
8733,8724
8734,8724
8735,8724
8736,8784
8737,8784
8738,7481
8739,8740
8740,8741
8741,1
8742,8354
8743,8784
8744,8915
8745,8915
8746,8915
8747,8104
8748,8104
8749,8104
8750,8104
8751,8104
8752,8104
8753,8104
8754,8104
8755,8104
8756,8104
8757,8104
8758,8104
8759,8104
8760,8104
8761,8104
8762,8104
8763,8692
8764,8104
8765,8692
8766,8784
8767,8071
8768,3683
8769,8784
8770,8915
8771,8915
8772,8852
8773,8852
8774,7487
8775,8852
8776,8852
8777,8852
8778,8852
8779,8852
8780,8852
8781,8546
8782,8546
8783,8546
8784,5579
8785,8546
8786,8546
8787,8546
8788,8546
8789,8546
8790,8546
8791,8546
8792,8546
8793,8546
8794,8692
8795,8546
8796,8692
8797,8784
8798,924
8799,1042
8800,924
8801,120
8802,9156
8803,1042
8804,1119
8805,1984
8806,1119
8807,1119
8808,1119
8809,1119
8810,9139
8811,9139
8812,1042
8813,1042
8814,1042
8815,982
8816,982
8817,1042
8818,9156
8819,120
8820,9156
8821,1119
8822,8805
8823,9139
8824,9139
8825,1042
8826,1042
8827,982
8828,8071
8829,8071
8830,8784
8831,8784
8832,8784
8833,8915
8834,8852
8835,8852
8836,8852
8837,8852
8838,8852
8839,8852
8840,8945
8841,8945
8842,8945
8843,8945
8844,8945
8845,8945
8846,8692
8847,8546
8848,8692
8849,8465
8850,8465
8851,8784
8852,5579
8853,8071
8854,8071
8855,6652
8856,8915
8857,8915
8858,8915
8859,8852
8860,8852
8861,8915
8862,8852
8863,8852
8864,8945
8865,8945
8866,8945
8867,8945
8868,8945
8869,8945
8870,8945
8871,8692
8872,8546
8873,8465
8874,8465
8875,8465
8876,8784
8877,8071
8878,8071
8879,8071
8880,6596
8881,8784
8882,8915
8883,5579
8884,8915
8885,7191
8886,8915
8887,8915
8888,8915
8889,8852
8890,8945
8891,8945
8892,8945
8893,8945
8894,8945
8895,8945
8896,8692
8897,8945
8898,8546
8899,8546
8900,8692
8901,8546
8902,8465
8903,8465
8904,8465
8905,8465
8906,8784
8907,8071
8908,8784
8909,8915
8910,7094
8911,7094
8912,8915
8913,8915
8914,8852
8915,5579
8916,8945
8917,8945
8918,8945
8919,8945
8920,8945
8921,8945
8922,8945
8923,8465
8924,8784
8925,8784
8926,8784
8927,8071
8928,8071
8929,8703
8930,8784
8931,8915
8932,7094
8933,8915
8934,7191
8935,8915
8936,8915
8937,8915
8938,8915
8939,8915
8940,8915
8941,8915
8942,8915
8943,8915
8944,8915
8945,5579
8946,8546
8947,8692
8948,8465
8949,8546
8950,8465
8951,8784
8952,6596
8953,9006
8954,7094
8955,7191
8956,9006
8957,8852
8958,9006
8959,8852
8960,8852
8961,8852
8962,8852
8963,8852
8964,8852
8965,8852
8966,8692
8967,8692
8968,8465
8969,8784
8970,8071
8971,3683
8972,8071
8973,8703
8974,8784
8975,9061
8976,9006
8977,9006
8978,9006
8979,9006
8980,9006
8981,8945
8982,8945
8983,8945
8984,8945
8985,9006
8986,8546
8987,8465
8988,8465
8989,8465
8990,8692
8991,8071
8992,8703
8993,8703
8994,8703
8995,8703
8996,8703
8997,6983
8998,9006
8999,9006
9000,7191
9001,7191
9002,9006
9003,9006
9004,9006
9005,9006
9006,5579
9007,9006
9008,9006
9009,9006
9010,9006
9011,9006
9012,8546
9013,8465
9014,8465
9015,8784
9016,8703
9017,8703
9018,8703
9019,6596
9020,9061
9021,9061
9022,9061
9023,9006
9024,9006
9025,9006
9026,9006
9027,9006
9028,9006
9029,8784
9030,8703
9031,8071
9032,8071
9033,8703
9034,8703
9035,5579
9036,8703
9037,9006
9038,9006
9039,9061
9040,9061
9041,9006
9042,9006
9043,9006
9044,9006
9045,9006
9046,8703
9047,8703
9048,9061
9049,9061
9050,9061
9051,9006
9052,9006
9053,8703
9054,8703
9055,6652
9056,9061
9057,9061
9058,9061
9059,9061
9060,9061
9061,5579
9062,9061
9063,9095
9064,9095
9065,9095
9066,9095
9067,8546
9068,8465
9069,8703
9070,9061
9071,9061
9072,9061
9073,9061
9074,9061
9075,9095
9076,9095
9077,9095
9078,9095
9079,9061
9080,9061
9081,9095
9082,9095
9083,9095
9084,8465
9085,8071
9086,9061
9087,9061
9088,9061
9089,9095
9090,9095
9091,8071
9092,8784
9093,9061
9094,9061
9095,5579
9096,9061
9097,9061
9098,9095
9099,8465
9100,8465
9101,9061
9102,8784
9103,8784
9104,8784
9105,9061
9106,9095
9107,9095
9108,9061
9109,8784
9110,8784
9111,9061
9112,9061
9113,9095
9114,7264
9115,8784
9116,9095
9117,9061
9118,9061
9119,9061
9120,8465
9121,9061
9122,8784
9123,8784
9124,9095
9125,9156
9126,9139
9127,9139
9128,9139
9129,1042
9130,982
9131,982
9132,9156
9133,9156
9134,1042
9135,1119
9136,9139
9137,9139
9138,9139
9139,1984
9140,1042
9141,982
9142,9143
9143,955
9144,982
9145,8071
9146,8784
9147,9095
9148,9095
9149,9095
9150,8784
9151,9095
9152,6983
9153,120
9154,9156
9155,9156
9156,956
9157,120
9158,1119
9159,9139
9160,9139
9161,9139
9162,982
9163,982
9164,982
9165,982
9166,9156
9167,9156
9168,120
9169,120
9170,1042
9171,9139
9172,9139
9173,9139
9174,1042
9175,1042
9176,982
9177,982
9178,1042
9179,982
9180,982
9181,9156
9182,120
9183,120
9184,1119
9185,1119
9186,9139
9187,9139
9188,1363
9189,1363
9190,1363
9191,982
9192,9156
9193,120
9194,1119
9195,1068
9196,8805
9197,9139
9198,9139
9199,9139
9200,1363
9201,1363
9202,1363
9203,1363
9204,982
