Z_PK,Z_ENT,Z_OPT,ZAUTHORTS,ZBUNDLEIDTS,ZCONTEXTNAMETS,ZPROCESSIDTS,ZTIMESTAMP,ZAUTHOR,ZBUNDLEID,ZCONTEXTNAME,ZPROCESSID,ZQUERYGEN
1,16002,,1,2,1.0,1,606520171.782186,,,,,
2,16002,,3,2,,1,606597703.383007,,,,,
3,16002,,1,2,1.0,1,606769502.669624,,,,,
4,16002,,1,2,1.0,1,606769502.688677,,,,,
5,16002,,1,2,1.0,1,606879242.401817,,,,,
6,16002,,1,2,1.0,1,606879242.425595,,,,,
7,16002,,1,2,1.0,1,606879242.448992,,,,,
8,16002,,1,2,1.0,1,606879242.463673,,,,,
9,16002,,1,2,1.0,1,606965716.499641,,,,,
10,16002,,1,2,1.0,1,606965716.510699,,,,,
11,16002,,3,2,,1,606977021.623459,,,,,
12,16002,,1,2,1.0,1,607053112.717442,,,,,
13,16002,,1,2,1.0,1,607053112.727246,,,,,
14,16002,,3,2,,1,607223936.544009,,,,,
15,16002,,3,2,,1,607234757.274287,,,,,
16,16002,,1,2,1.0,1,607454022.022095,,,,,
17,16002,,1,2,1.0,1,607454022.059062,,,,,
18,16002,,3,2,,1,607455202.894624,,,,,
19,16002,,1,2,1.0,1,607457819.967449,,,,,
20,16002,,1,2,1.0,1,607527496.924425,,,,,
21,16002,,1,2,1.0,1,607527496.951673,,,,,
22,16002,,1,2,1.0,1,607527496.962497,,,,,
23,16002,,1,2,1.0,1,607527496.978329,,,,,
24,16002,,3,2,,1,607528106.461389,,,,,
25,16002,,3,2,,1,607633415.694681,,,,,
26,16002,,1,2,1.0,1,607731022.216166,,,,,
27,16002,,1,2,1.0,1,607731022.227388,,,,,
28,16002,,1,2,1.0,1,607741118.250106,,,,,
29,16002,,1,2,1.0,1,607741118.262759,,,,,
30,16002,,1,2,1.0,1,607744910.424039,,,,,
31,16002,,1,2,1.0,1,607744910.429481,,,,,
32,16002,,1,2,1.0,1,607748590.287292,,,,,
33,16002,,1,2,1.0,1,607748590.292168,,,,,
34,16002,,3,2,,1,607752526.095516,,,,,
35,16002,,1,2,1.0,1,607811478.824886,,,,,
36,16002,,1,2,1.0,1,607811594.118304,,,,,
37,16002,,1,2,1.0,1,607811594.127269,,,,,
38,16002,,1,2,1.0,1,607823516.629285,,,,,
39,16002,,1,2,1.0,1,607877484.420201,,,,,
40,16002,,1,2,1.0,1,607877484.430797,,,,,
41,16002,,3,2,,1,607877849.002993,,,,,
42,16002,,1,2,1.0,1,608324487.403718,,,,,
43,16002,,1,2,1.0,1,608324487.423067,,,,,
44,16002,,1,2,1.0,1,608324487.430953,,,,,
45,16002,,1,2,1.0,1,608324487.441139,,,,,
46,16002,,1,2,1.0,1,608403280.502898,,,,,
47,16002,,1,2,1.0,1,608403280.529433,,,,,
48,16002,,1,2,1.0,1,608403280.540042,,,,,
49,16002,,1,2,1.0,1,608403280.55212,,,,,
50,16002,,1,2,1.0,1,608403281.708839,,,,,
51,16002,,1,2,1.0,1,608403281.716484,,,,,
52,16002,,5,2,,1,608498313.554393,,,,,
53,16002,,1,2,,1,608498313.756748,,,,,
54,16002,,3,2,,1,608498377.246572,,,,,
55,16002,,1,2,1.0,1,608498892.173486,,,,,
56,16002,,1,2,1.0,1,608499124.039782,,,,,
57,16002,,1,2,1.0,1,608505996.660992,,,,,
58,16002,,1,2,1.0,1,608505996.675243,,,,,
59,16002,,1,2,1.0,1,608597787.742161,,,,,
60,16002,,1,2,1.0,1,608597787.756259,,,,,
61,16002,,14,2,1.0,1,608598801.135338,,,,,
62,16002,,1,2,1.0,1,608691304.539854,,,,,
63,16002,,1,2,1.0,1,608691304.55383,,,,,
64,16002,,1,2,1.0,1,608691304.559444,,,,,
65,16002,,1,2,1.0,1,608691304.566283,,,,,
66,16002,,1,2,1.0,1,608691307.822938,,,,,
67,16002,,1,2,1.0,1,608691307.833621,,,,,
68,16002,,3,2,,1,608691704.976481,,,,,
69,16002,,16,2,1.0,1,608691704.986406,,,,,
70,16002,,16,2,1.0,1,608691704.996512,,,,,
71,16002,,16,2,1.0,1,608691704.998216,,,,,
72,16002,,16,2,1.0,1,608702568.274755,,,,,
73,16002,,16,2,1.0,1,608702568.278978,,,,,
74,16002,,16,2,1.0,1,608702568.281375,,,,,
75,16002,,14,2,1.0,1,608717403.885107,,,,,
76,16002,,14,2,1.0,1,608717403.890014,,,,,
77,16002,,1,2,1.0,1,608731876.067728,,,,,
78,16002,,1,2,1.0,1,608738282.245297,,,,,
79,16002,,1,2,1.0,1,608738282.255613,,,,,
80,16002,,3,2,,1,608738306.029094,,,,,
