Z_PK,Z_ENT,Z_OPT,ZCHANGETYPE,ZENTITY,ZENTITYPK,ZTRANSACTIONID,ZCOLUMNS,ZTOMBSTONE0,ZTOMBSTONE1
1,16001,,0,3,1,1,,,
2,16001,,0,3,2,2,,,
3,16001,,0,1,1,3,,,
4,16001,,0,17,1,3,,,
5,16001,,0,12,1,3,,,
6,16001,,1,3,1,3,b'\x00b',,
7,16001,,0,14,1,4,,,
8,16001,,1,12,1,4,b'\x00\x02',,
9,16001,,1,3,1,4,b'\x00\x08',,
10,16001,,0,1,2,5,,,
11,16001,,0,17,2,5,,,
12,16001,,0,12,2,5,,,
13,16001,,1,3,1,5,b'\x00b',,
14,16001,,0,14,2,6,,,
15,16001,,1,3,1,6,b'\x00\x08',,
16,16001,,1,12,2,6,b'\x00\x02',,
17,16001,,0,14,4,7,,,
18,16001,,1,1,1,7,b'\x00 \x00',,
19,16001,,1,3,1,7,b'\x00\x08',,
20,16001,,1,12,1,7,b'\x02\x02',,
21,16001,,1,17,1,7,b'\x01\x00\x00',,
22,16001,,0,13,2,8,,,
23,16001,,0,13,1,8,,,
24,16001,,1,3,1,8,b'\x00\x10',,
25,16001,,1,14,4,8,b'`\x00\x00',,
26,16001,,1,14,2,8,b'@\x00\x00',,
27,16001,,1,14,1,8,b' \x00\x00',,
28,16001,,0,14,5,9,,,
29,16001,,1,17,1,9,b'\x01\x00\x00',,
30,16001,,1,3,1,9,b'\x00\x08',,
31,16001,,1,1,1,9,b'\x00 \x00',,
32,16001,,1,12,1,9,b'\x02\x02',,
33,16001,,0,13,3,10,,,
34,16001,,1,3,1,10,b'\x00\x10',,
35,16001,,1,14,5,10,b'@\x00\x00',,
36,16001,,1,14,2,10,b' \x00\x00',,
37,16001,,0,13,4,11,,,
38,16001,,0,1,3,11,,,
39,16001,,0,12,3,11,,,
40,16001,,0,14,7,11,,,
41,16001,,0,14,6,11,,,
42,16001,,0,17,3,11,,,
43,16001,,1,3,2,11,b'\x00z',,
44,16001,,0,14,8,12,,,
45,16001,,1,3,1,12,b'\x00\x08',,
46,16001,,1,12,1,12,b'\x02\x02',,
47,16001,,1,17,1,12,b'\x01\x00\x00',,
48,16001,,1,1,1,12,b'\x00 \x00',,
49,16001,,0,13,5,13,,,
50,16001,,1,14,5,13,b' \x00\x00',,
51,16001,,1,14,8,13,b'@\x00\x00',,
52,16001,,1,3,1,13,b'\x00\x10',,
53,16001,,0,14,9,14,,,
54,16001,,0,1,4,14,,,
55,16001,,0,12,4,14,,,
56,16001,,0,13,6,14,,,
57,16001,,0,17,4,14,,,
58,16001,,1,14,7,14,b' \x00\x00',,
59,16001,,1,3,2,14,b'\x00z',,
60,16001,,1,14,6,14,b'\x10\x00\x00',,
61,16001,,0,13,8,15,,,
62,16001,,0,13,7,15,,,
63,16001,,0,14,10,15,,,
64,16001,,0,14,11,15,,,
65,16001,,1,1,4,15,b'\x00 \x00',,
66,16001,,1,12,4,15,b'\x02\x02',,
67,16001,,1,3,2,15,b'\x00\x18',,
68,16001,,1,14,9,15,b' \x00\x00',,
69,16001,,1,17,4,15,b'\x01\x00\x00',,
70,16001,,0,14,12,16,,,
71,16001,,0,14,13,16,,,
72,16001,,1,17,1,16,b'\x01\x00\x00',,
73,16001,,1,3,1,16,b'\x00\x08',,
74,16001,,1,1,1,16,b'\x00 \x00',,
75,16001,,1,12,1,16,b'\x02\x02',,
76,16001,,0,13,9,17,,,
77,16001,,0,13,10,17,,,
78,16001,,1,14,8,17,b' \x00\x00',,
79,16001,,1,14,13,17,b'@\x00\x00',,
80,16001,,1,14,12,17,b'`\x00\x00',,
81,16001,,1,3,1,17,b'\x00\x10',,
82,16001,,0,17,5,18,,,
83,16001,,0,13,11,18,,,
84,16001,,0,1,5,18,,,
85,16001,,0,14,14,18,,,
86,16001,,0,12,5,18,,,
87,16001,,0,14,16,18,,,
88,16001,,0,13,12,18,,,
89,16001,,0,14,15,18,,,
90,16001,,0,13,13,18,,,
91,16001,,1,3,2,18,b'\x00z',,
92,16001,,1,14,11,18,b' \x00\x00',,
93,16001,,1,1,4,18,b'\x00 \x00',,
94,16001,,1,12,4,18,b'\x02\x02',,
95,16001,,1,17,4,18,b'\x01\x00\x00',,
96,16001,,0,1,6,19,,,
97,16001,,0,17,6,19,,,
98,16001,,1,3,1,19,"b'\x00""'",,
99,16001,,0,12,6,20,,,
100,16001,,0,17,7,20,,,
101,16001,,0,1,7,20,,,
102,16001,,1,3,1,20,b'\x00b',,
103,16001,,0,14,17,21,,,
104,16001,,1,12,6,21,b'\x00\x02',,
105,16001,,1,3,1,21,b'\x00\x08',,
106,16001,,0,14,18,22,,,
107,16001,,1,1,1,22,b'\x00 \x00',,
108,16001,,1,17,1,22,b'\x01\x00\x00',,
109,16001,,1,3,1,22,b'\x00\x08',,
110,16001,,1,12,1,22,b'\x02\x02',,
111,16001,,0,13,14,23,,,
112,16001,,0,13,15,23,,,
113,16001,,1,14,13,23,b' \x00\x00',,
114,16001,,1,14,18,23,b'`\x00\x00',,
115,16001,,1,14,17,23,b'@\x00\x00',,
116,16001,,1,3,1,23,b'\x00\x10',,
117,16001,,0,13,16,24,,,
118,16001,,0,14,19,24,,,
119,16001,,1,17,4,24,b'\x01\x00\x00',,
120,16001,,1,13,15,24,b' \x00',,
121,16001,,1,12,1,24,b'\x02\x00',,
122,16001,,1,1,4,24,b'\x00 \x00',,
123,16001,,1,3,2,24,b'\x00\x18',,
124,16001,,1,14,16,24,b'\x10\x00\x00',,
125,16001,,1,12,4,24,b'\x02\x02',,
126,16001,,1,14,13,24,b' \x00\x00',,
127,16001,,1,1,1,24,b'\x00 \x00',,
128,16001,,1,14,15,24,b' \x00\x00',,
129,16001,,1,17,1,24,b'\x01\x00\x00',,
130,16001,,0,14,20,25,,,
131,16001,,0,13,17,25,,,
132,16001,,1,3,2,25,b'\x00\x18',,
133,16001,,2,17,6,26,,C1301833-5BD9-4C70-AA7F-BAD65FB34F3D,
134,16001,,1,1,6,26,b'@\x00\x00',,
135,16001,,1,3,1,26,b'\x00\x02',,
136,16001,,2,1,6,27,,4E358C17-D66A-4FC2-A608-6412109352AD,
137,16001,,1,3,1,27,b'\x00 ',,
138,16001,,0,14,21,28,,,
139,16001,,1,1,1,28,b'\x00 \x00',,
140,16001,,1,12,1,28,b'\x02\x02',,
141,16001,,1,17,1,28,b'\x01\x00\x00',,
142,16001,,1,3,1,28,b'\x00\x08',,
143,16001,,0,13,18,29,,,
144,16001,,1,3,1,29,b'\x00\x10',,
145,16001,,1,14,17,29,b' \x00\x00',,
146,16001,,1,14,21,29,b'@\x00\x00',,
147,16001,,0,14,23,30,,,
148,16001,,1,1,7,30,b'\x00 \x00',,
149,16001,,1,17,7,30,b'\x01\x00\x00',,
150,16001,,1,3,1,30,b'\x00\x08',,
151,16001,,1,12,6,30,b'\x02\x02',,
152,16001,,0,13,19,31,,,
153,16001,,1,14,23,31,b'@\x00\x00',,
154,16001,,1,14,21,31,b' \x00\x00',,
155,16001,,1,3,1,31,b'\x00\x10',,
156,16001,,0,14,24,32,,,
157,16001,,1,1,1,32,b'\x00 \x00',,
158,16001,,1,17,1,32,b'\x01\x00\x00',,
159,16001,,1,3,1,32,b'\x00\x08',,
160,16001,,1,12,1,32,b'\x02\x02',,
161,16001,,0,13,20,33,,,
162,16001,,1,14,24,33,b'@\x00\x00',,
163,16001,,1,14,23,33,b' \x00\x00',,
164,16001,,1,3,1,33,b'\x00\x10',,
165,16001,,1,12,1,34,b'\x02\x00',,
166,16001,,1,14,21,34,b' \x00\x00',,
167,16001,,1,17,1,34,b'\x01\x00\x00',,
168,16001,,1,13,19,34,b' \x00',,
169,16001,,1,1,1,34,b'\x00 \x00',,
170,16001,,0,1,8,35,,,
171,16001,,0,17,8,35,,,
172,16001,,1,3,1,35,"b'\x00""'",,
173,16001,,2,17,8,36,,E841E8E0-FB96-4CDE-9B49-77F964A4D0BF,
174,16001,,1,1,8,36,b'@\x00\x00',,
175,16001,,1,3,1,36,b'\x00\x02',,
176,16001,,2,1,8,37,,9825F6A3-6321-422D-AA4B-F5126D0B3673,
177,16001,,1,3,1,37,b'\x00 ',,
178,16001,,0,17,9,38,,,
179,16001,,0,1,9,38,,,
180,16001,,1,3,1,38,"b'\x00""'",,
181,16001,,0,14,25,39,,,
182,16001,,1,17,1,39,b'\x01\x00\x00',,
183,16001,,1,12,1,39,b'\x02\x02',,
184,16001,,1,3,1,39,b'\x00\x08',,
185,16001,,1,1,1,39,b'\x00 \x00',,
186,16001,,0,13,21,40,,,
187,16001,,1,14,24,40,b' \x00\x00',,
188,16001,,1,14,25,40,b'@\x00\x00',,
189,16001,,1,3,1,40,b'\x00\x10',,
190,16001,,1,17,1,41,b'\x01\x00\x00',,
191,16001,,1,14,24,41,b' \x00\x00',,
192,16001,,1,1,1,41,b'\x00 \x00',,
193,16001,,1,12,1,41,b'\x02\x00',,
194,16001,,1,13,21,41,b' \x00',,
195,16001,,0,1,10,42,,,
196,16001,,0,17,10,42,,,
197,16001,,0,12,7,42,,,
198,16001,,1,3,1,42,b'\x00b',,
199,16001,,0,14,26,43,,,
200,16001,,1,3,1,43,b'\x00\x08',,
201,16001,,1,12,7,43,b'\x00\x02',,
202,16001,,0,14,27,44,,,
203,16001,,1,17,1,44,b'\x01\x00\x00',,
204,16001,,1,3,1,44,b'\x00\x08',,
205,16001,,1,12,1,44,b'\x02\x02',,
206,16001,,1,1,1,44,b'\x00 \x00',,
207,16001,,0,13,22,45,,,
208,16001,,0,13,23,45,,,
209,16001,,1,14,27,45,b'`\x00\x00',,
210,16001,,1,14,25,45,b' \x00\x00',,
211,16001,,1,14,26,45,b'@\x00\x00',,
212,16001,,1,3,1,45,b'\x00\x10',,
213,16001,,0,17,11,46,,,
214,16001,,0,12,8,46,,,
215,16001,,0,1,11,46,,,
216,16001,,1,3,1,46,b'\x00b',,
217,16001,,0,14,28,47,,,
218,16001,,1,3,1,47,b'\x00\x08',,
219,16001,,1,12,8,47,b'\x00\x02',,
220,16001,,0,14,29,48,,,
221,16001,,1,3,1,48,b'\x00\x08',,
222,16001,,1,12,1,48,b'\x02\x02',,
223,16001,,1,1,1,48,b'\x00 \x00',,
224,16001,,1,17,1,48,b'\x01\x00\x00',,
225,16001,,0,13,25,49,,,
226,16001,,0,13,24,49,,,
227,16001,,1,3,1,49,b'\x00\x10',,
228,16001,,1,14,26,49,b' \x00\x00',,
229,16001,,1,14,28,49,b'@\x00\x00',,
230,16001,,1,14,29,49,b'`\x00\x00',,
231,16001,,2,17,9,50,,CA2EFA23-F13A-4909-B044-82B89010CF37,
232,16001,,1,1,9,50,b'@\x00\x00',,
233,16001,,1,3,1,50,b'\x00\x02',,
234,16001,,2,1,9,51,,057FBA74-B1F8-44A6-952A-23805B9FA8EB,
235,16001,,1,3,1,51,b'\x00 ',,
236,16001,,1,3,1,53,b'\x02\x00',,
237,16001,,1,3,2,53,b'\x02\x00',,
238,16001,,0,14,33,54,,,
239,16001,,0,14,30,54,,,
240,16001,,0,13,28,54,,,
241,16001,,0,14,32,54,,,
242,16001,,0,13,27,54,,,
243,16001,,0,13,30,54,,,
244,16001,,0,13,26,54,,,
245,16001,,0,14,34,54,,,
246,16001,,0,14,31,54,,,
247,16001,,0,13,29,54,,,
248,16001,,1,3,2,54,b'\x02\x18',,
249,16001,,1,3,1,54,b'\x02\x00',,
250,16001,,1,14,20,54,b'0\x00\x00',,
251,16001,,1,12,4,54,b'\x02\x02',,
252,16001,,1,17,4,54,b'\x01\x00\x00',,
253,16001,,1,1,4,54,b'\x00 \x00',,
254,16001,,1,3,1,55,b'\x02\x00',,
255,16001,,1,3,2,55,b'\x02\x00',,
256,16001,,0,1,12,56,,,
257,16001,,0,17,12,56,,,
258,16001,,1,3,1,56,"b'\x00""'",,
259,16001,,0,14,35,57,,,
260,16001,,1,3,1,57,b'\x00\x08',,
261,16001,,1,12,1,57,b'\x00\x02',,
262,16001,,0,13,31,58,,,
263,16001,,1,3,1,58,b'\x00\x10',,
264,16001,,1,14,35,58,b'@\x00\x00',,
265,16001,,1,14,28,58,b' \x00\x00',,
266,16001,,0,14,38,59,,,
267,16001,,0,14,37,59,,,
268,16001,,0,14,36,59,,,
269,16001,,1,12,1,59,b'\x00\x02',,
270,16001,,1,3,1,59,b'\x00\x08',,
271,16001,,0,13,34,60,,,
272,16001,,0,13,33,60,,,
273,16001,,0,13,32,60,,,
274,16001,,1,14,35,60,b' \x00\x00',,
275,16001,,1,14,36,60,b'@\x00\x00',,
276,16001,,1,14,38,60,b'`\x00\x00',,
277,16001,,1,14,37,60,b'`\x00\x00',,
278,16001,,1,3,1,60,b'\x00\x10',,
279,16001,,2,14,1,61,,9AE26FCA-6CCE-49C8-9445-4E54242869A3,
280,16001,,1,3,1,61,b'\x00\x08',,
281,16001,,1,13,2,61,b' \x00',,
282,16001,,1,12,1,61,b'\x00\x02',,
283,16001,,0,17,13,62,,,
284,16001,,0,1,13,62,,,
285,16001,,0,12,9,62,,,
286,16001,,1,3,1,62,b'\x00b',,
287,16001,,0,14,39,63,,,
288,16001,,1,3,1,63,b'\x00\x08',,
289,16001,,1,12,9,63,b'\x00\x02',,
290,16001,,0,14,40,64,,,
291,16001,,1,12,1,64,b'\x02\x02',,
292,16001,,1,1,1,64,b'\x00 \x00',,
293,16001,,1,3,1,64,b'\x00\x08',,
294,16001,,1,17,1,64,b'\x01\x00\x00',,
295,16001,,0,13,36,65,,,
296,16001,,0,13,35,65,,,
297,16001,,1,3,1,65,b'\x00\x10',,
298,16001,,1,14,39,65,b'@\x00\x00',,
299,16001,,1,14,40,65,b'`\x00\x00',,
300,16001,,1,14,36,65,b' \x00\x00',,
301,16001,,2,17,12,66,,F6BE28CC-E498-47B7-A360-00744C4CF333,
302,16001,,1,1,12,66,b'@\x00\x00',,
303,16001,,1,3,1,66,b'\x00\x02',,
304,16001,,2,1,12,67,,8E3095A3-13B1-40EF-BE46-666E29734963,
305,16001,,1,3,1,67,b'\x00 ',,
306,16001,,0,4,1,68,,,
307,16001,,0,14,41,68,,,
308,16001,,0,13,37,68,,,
309,16001,,0,14,42,68,,,
310,16001,,0,13,38,68,,,
311,16001,,1,1,4,68,b'\x00 \x00',,
312,16001,,1,17,4,68,b'\x01\x00\x00',,
313,16001,,1,12,4,68,b'\x02\x02',,
314,16001,,1,12,3,68,b'\x00\x02',,
315,16001,,1,14,31,68,b' \x00\x00',,
316,16001,,1,13,6,68,b' \x00',,
317,16001,,1,3,2,68,b'\x00\x1c',,
318,16001,,2,14,7,68,,885CBAAC-139D-44A4-8472-C0252FFFA9F8,
319,16001,,2,14,6,68,,8691D7F0-40D9-41C2-B631-35506E4A843D,
320,16001,,2,13,4,68,,7E640E4B-29D9-4D33-B01D-092261AD122C,
321,16001,,1,17,3,69,b'\x00@\x00',,
322,16001,,1,12,3,70,b'\x01\x00',,
323,16001,,1,1,3,71,b'\x00\x10\x00',,
324,16001,,1,17,3,72,b'\x00@\x00',,
325,16001,,1,12,3,73,b'\x01\x00',,
326,16001,,1,1,3,74,b'\x00\x10\x00',,
327,16001,,2,13,1,75,,38455422-3F57-44E2-BFD7-4B460C11605D,
328,16001,,1,14,2,75,b'@\x00\x00',,
329,16001,,1,3,1,75,b'\x00\x10',,
330,16001,,1,14,4,75,b' \x00\x00',,
331,16001,,2,14,2,76,,0B6D537C-7520-47DC-A024-A92AD7226696,
332,16001,,1,3,1,76,b'\x00\x08',,
333,16001,,1,13,3,76,b' \x00',,
334,16001,,1,12,2,76,b'\x00\x02',,
335,16001,,0,17,14,77,,,
336,16001,,0,1,14,77,,,
337,16001,,1,3,1,77,"b'\x00""'",,
338,16001,,0,14,43,78,,,
339,16001,,1,17,1,78,b'\x01\x00\x00',,
340,16001,,1,1,1,78,b'\x00 \x00',,
341,16001,,1,3,1,78,b'\x00\x08',,
342,16001,,1,12,1,78,b'\x02\x02',,
343,16001,,0,13,39,79,,,
344,16001,,1,14,43,79,b'@\x00\x00',,
345,16001,,1,14,39,79,b' \x00\x00',,
346,16001,,1,3,1,79,b'\x00\x10',,
347,16001,,1,3,2,80,b'\x00b',,
348,16001,,2,1,3,80,,9D6AF3E3-7E93-4AE5-9F22-E6BA059DD24D,
349,16001,,2,17,3,80,,E9869C45-5C68-4382-AD05-200F84F199E8,
350,16001,,2,12,3,80,,002FAD43-A145-4257-A925-4F7EB70A59B7,
