Z_PK,Z_ENT,Z_OPT,ZFLAGS,ZPREDOMINANTMOTIONACTIVITYTYPE,ZDESTINATION,ZDEVICE,ZORIGIN,ZCREATIONDATE,ZEXPIRATIONDATE,ZSTARTDATE,ZSTOPDATE,ZCKRECORDID,ZIDENTIFIER,ZCKRECORDSYSTEMFIELDS
2,13,4,0,2,4,1,,606879240.018892,611683606.231525,606766461.840949,606766943.732257,8A64227D-3738-47AD-BFBD-2F169A2EA2F4,"b'\x8ad""}78G\xad\xbf\xbd/\x16\x9a.\xa2\xf4'",
3,13,5,0,4,5,1,,606965715.81429,611778445.011714,606846716.533653,606847285.011714,B324ADAC-F62E-46DA-AC9E-0BAA8579657E,b'\xb3$\xad\xac\xf6.F\xda\xac\x9e\x0b\xaa\x85ye~',
5,13,2,0,2,8,1,5.0,607053111.820486,611866666.726572,606940045.011714,606940426.726572,DFC4A73A-B15B-4295-A398-59A4B384767B,b'\xdf\xc4\xa7:\xb1[B\x95\xa3\x98Y\xa4\xb3\x84v{',
6,13,2,0,0,9,2,,607077099.831349,611866672.261674,606846651.321071,606847552.261674,594D04BD-41D3-42FC-AFC7-A4E0AB5C3013,b'YM\x04\xbdA\xd3B\xfc\xaf\xc7\xa4\xe0\xab\\0\x13',
7,13,1,0,0,11,2,10.0,607163359.992106,611962672.9978166,607099312.9978166,607100752.9978166,B8300403-8D0A-4067-84D8-909F32060EA6,b'\xb80\x04\x03\x8d\n@g\x84\xd8\x90\x9f2\x06\x0e\xa6',
8,13,1,0,0,10,2,9.0,607163359.992106,611937712.9978166,607028272.261674,607029652.9978166,24DA9A01-7451-4ACE-896D-5DEF396D99CE,b'$\xda\x9a\x01tQJ\xce\x89m]\xef9m\x99\xce',
9,13,2,0,4,13,1,12.0,607454020.143407,612258308.665651,607372171.358878,607373108.665651,18E1F80F-3773-4F89-AD0E-3467A95BD40B,b'\x18\xe1\xf8\x0f7sO\x89\xad\x0e4g\xa9[\xd4\x0b',
10,13,2,0,3,12,1,8.0,607454020.143407,612210571.358878,607028266.726572,607029706.9968524,F59B8905-F2B2-4AC1-BC03-74C38F7E95FB,b'\xf5\x9b\x89\x05\xf2\xb2J\xc1\xbc\x03t\xc3\x8f~\x95\xfb',
11,13,1,0,0,14,2,16.0,607336162.757104,612107952.606557,607265117.301558,607267097.301558,0F60D18E-B1E5-4335-9996-0641E51C7826,b'\x0f`\xd1\x8e\xb1\xe5C5\x99\x96\x06A\xe5\x1cx&',
12,13,1,0,0,16,2,11.0,607336162.757104,609079517.301558,607124272.9978166,607125257.301558,BAED8766-CFA1-44AD-BF96-1F7EDD727099,b'\xba\xed\x87f\xcf\xa1D\xad\xbf\x96\x1f~\xddrp\x99',
13,13,1,0,0,15,2,14.0,607336162.757104,609085651.243969,607269552.606557,607269952.541009,CE780A86-4E04-48A9-AD4E-3F9F7495DBFB,b'\xcex\n\x86N\x04H\xa9\xadN?\x9ft\x95\xdb\xfb',
14,13,2,0,4,17,1,18.0,607527495.979759,609271255.9948255,607455286.9984567,607456677.9940804,2E10C046-1A28-478D-9131-7FDB64CA01F9,b'.\x10\xc0F\x1a(G\x8d\x911\x7f\xdbd\xca\x01\xf9',
15,13,3,0,1,18,1,,607527495.979759,612293686.9984567,607419908.665651,607420293.0219659,A1CB4ED1-9D9B-4BA5-853A-5AA642B87B3B,b'\xa1\xcbN\xd1\x9d\x9bK\xa5\x85:Z\xa6B\xb8{;',
16,13,1,0,0,19,2,15.0,607422558.0639,612212352.24604,607271251.243969,607272192.24604,52390DAA-5105-42F8-849D-DE16D1355B26,b'R9\r\xaaQ\x05B\xf8\x84\x9d\xde\x16\xd15[&',
17,13,1,0,0,20,2,,607508957.453857,609275593.0935235,607373952.24604,607375873.0935235,026C34B7-E566-4257-80E2-617EA0382202,"b'\x02l4\xb7\xe5fBW\x80\xe2a~\xa08""\x02'",
18,13,2,0,4,21,1,17.0,607741116.666004,612568279.998279,607456855.9948255,607457803.9937243,7678302B-EE36-43D4-8C9D-2B58B58BFBD0,b'vx0+\xee6C\xd4\x8c\x9d+X\xb5\x8b\xfb\xd0',
19,13,3,0,4,23,1,,607744909.652055,612569372.9942944,607729879.998279,607730699.9976311,7768CEDD-7B3C-4F5B-9D6A-C9E2354EE2D9,b'wh\xce\xdd{<O[\x9dj\xc9\xe25N\xe2\xd9',
20,13,2,0,4,24,1,23.0,607748589.134641,612583050.990457,607730972.9942944,607731870.990457,C8749618-901E-49F6-965C-B3E7A6D10698,b'\xc8t\x96\x18\x90\x1eI\xf6\x96\\\xb3\xe7\xa6\xd1\x06\x98',
21,13,3,0,1,25,1,,607877480.814474,612650112.9985849,607744650.990457,607745049.0037816,C7E86065-E7C4-4DAC-A748-6D12FF4E90B1,b'\xc7\xe8`e\xe7\xc4M\xac\xa7Hm\x12\xffN\x90\xb1',
22,13,2,0,4,27,1,25.0,608324479.219942,613158400.994861,607811712.9985849,607813180.994861,4B1B5964-3A75-4CC5-B418-E4620A500B47,b'K\x1bYd:uL\xc5\xb4\x18\xe4b\nP\x0bG',
23,13,2,0,2,26,1,27.0,608324479.219942,610138180.994861,608320000.994861,608320480.994861,E49243F3-865E-4082-97F4-831E7943F0D3,b'\xe4\x92C\xf3\x86^@\x82\x97\xf4\x83\x1eyC\xf0\xd3',
24,13,2,0,2,29,1,26.0,608403278.013708,613230892.624497,608323780.994861,608324092.624497,64CFC1BA-3695-44D4-B1D9-E6181A067F26,b'd\xcf\xc1\xba6\x95D\xd4\xb1\xd9\xe6\x18\x1a\x06\x7f&',
25,13,2,0,4,28,1,29.0,608403278.013708,610208392.624497,608392492.624497,608392912.624497,7A039911-A2CC-462E-B865-F5B5977C1041,b'z\x03\x99\x11\xa2\xccF.\xb8e\xf5\xb5\x97|\x10A',
26,13,1,0,0,31,2,33.0,608433906.934533,612475973.54396,607633943.54396,607635983.54396,5738FD8A-7D26-48FA-8FC3-5E83177B5DCA,b'W8\xfd\x8a}&H\xfa\x8f\xc3^\x83\x17{]\xca',
27,13,1,0,0,34,2,20.0,607595363.351925,612380284.141777,607461193.0935235,607462264.141777,19C32623-834B-4A69-8DEE-1333F6803078,b'\x19\xc3&#\x83KJi\x8d\xee\x133\xf6\x800x',
28,13,1,0,0,32,2,30.0,608433906.934533,612428903.54396,607555444.141777,607556363.54396,FB3F086F-7058-4F1E-9988-4A7820DEA5EC,b'\xfb?\x08opXO\x1e\x99\x88Jx \xde\xa5\xec',
29,13,1,0,0,33,2,32.0,608433906.934533,612472343.54396,607590503.54396,607590863.54396,363025B6-9623-4BB6-AF10-1EFD2A2EE491,b'60%\xb6\x96#K\xb6\xaf\x10\x1e\xfd*.\xe4\x91',
30,13,1,0,0,30,2,34.0,607595363.351925,612393844.141777,607541884.141777,607543744.141777,2AC6C566-9852-4191-803D-539DF515189E,b'*\xc6\xc5f\x98RA\x91\x80=S\x9d\xf5\x15\x18\x9e',
31,13,2,0,4,35,1,28.0,608505994.410531,613336792.9964104,608393992.624497,608394592.9964104,4304BB94-E17F-4579-A6DE-B482920F9D1A,b'C\x04\xbb\x94\xe1\x7fEy\xa6\xde\xb4\x82\x92\x0f\x9d\x1a',
32,13,2,0,1,38,1,37.0,608597786.415359,613390578.88776,608522778.88776,608523138.88776,E683B351-382E-4A9D-9E23-77C7253AD882,b'\xe6\x83\xb3Q8.J\x9d\x9e#w\xc7%:\xd8\x82',
33,13,2,0,1,36,1,38.0,608597786.415359,613426698.88776,608552178.88776,608552538.88776,2C6504B5-928D-4D12-995F-E1200E3CE34F,"b',e\x04\xb5\x92\x8dM\x12\x99_\xe1 \x0e<\xe3O'",
34,13,2,0,1,37,1,35.0,608597786.415359,613361178.88776,608498392.9964104,608498838.88776,F21E86A5-A389-4D7F-828F-C34FD392C5D1,b'\xf2\x1e\x86\xa5\xa3\x89M\x7f\x82\x8f\xc3O\xd3\x92\xc5\xd1',
35,13,2,0,1,40,1,36.0,608691303.507764,613497784.837613,608588298.88776,608588974.999962,44656330-B005-4F5D-BC4C-3E07C37C8FE4,b'Dec0\xb0\x05O]\xbcL>\x07\xc3|\x8f\xe4',
36,13,2,0,4,39,1,40.0,608691303.507764,610505703.507764,608659384.837613,608659847.798644,B222257E-8580-4B93-9E00-1A9267EAC9EA,"b'\xb2""%~\x85\x80K\x93\x9e\x00\x1a\x92g\xea\xc9\xea'",
37,13,1,0,0,41,2,42.0,608691300.761476,613509273.617634,608659074.14645,608660910.344829,1FB73EF6-28EF-4E55-AF38-8FA159D3126D,b'\x1f\xb7>\xf6(\xefNU\xaf8\x8f\xa1Y\xd3\x12m',
38,13,1,0,0,42,2,31.0,608691300.761476,613497474.14645,607637573.54396,608395309.115757,92B745B3-9FEB-4550-A15A-43690D088A93,b'\x92\xb7E\xb3\x9f\xebEP\xa1ZCi\r\x08\x8a\x93',
39,13,1,0,4,43,1,39.0,608738281.369977,613563936.9931849,608660419.9950243,608660796.9931849,A8FB5373-3E18-4EEA-A76D-21FD3C33C1AB,b'\xa8\xfbSs>\x18N\xea\xa7m!\xfd<3\xc1\xab',
