rowid,entityType,entityRowID,UUID,timestamp
1,6,3,E9B5703B-F844-4845-AD3D-08DE58806F82,1586702562
2,6,4,E841A6F5-7A42-4D9E-BAFD-4650580CB300,1584838555
3,1,12,7D025ED2-49E5-4912-8535-3E42E39FA257,1584838555
4,1,13,03B604F1-C5B4-40CB-9A45-A3440E627EC2,1586702562
5,1,14,61E54B03-FB49-4904-B89D-F65D8D36A59A,1586710484
6,2,1,ea76d8e4-56af-367f-9c5b-d132fd58c4c5::61E54B03-FB49-4904-B89D-F65D8D36A59A,1584838555
7,2,2,ade8471b-0b67-3e3f-8705-9325adcd8315::61E54B03-FB49-4904-B89D-F65D8D36A59A,1584838555
8,2,4,90239c44-528c-3c39-8859-98e2a11f5e84::61E54B03-FB49-4904-B89D-F65D8D36A59A,1584838559
9,2,8,420095d0-fc5c-39c6-8686-0ab29a2db155::61E54B03-FB49-4904-B89D-F65D8D36A59A,1584838559
10,2,9,bf47b6cf-5c45-3f93-96f5-e8ee7d27c56c::61E54B03-FB49-4904-B89D-F65D8D36A59A,1584838559
11,2,10,21a220ed-b6ed-3263-99d1-df92e97a54fe::61E54B03-FB49-4904-B89D-F65D8D36A59A,1584838559
12,2,11,424e6ef2-3645-35fd-8c8e-cb465cd6a320::61E54B03-FB49-4904-B89D-F65D8D36A59A,1584838559
13,2,14,b6697226-6825-3986-a3eb-7e022d4b6aa0::61E54B03-FB49-4904-B89D-F65D8D36A59A,1584838559
14,2,16,c7676188-4ee2-39bb-a982-e5aae5f98a29::61E54B03-FB49-4904-B89D-F65D8D36A59A,1584838559
15,2,18,4f31dfc0-2c9b-3fe0-8fb0-52b2c9d572ce::61E54B03-FB49-4904-B89D-F65D8D36A59A,1584838559
16,2,19,063d51ff-5b3f-3904-8ed3-e85d221076c0::61E54B03-FB49-4904-B89D-F65D8D36A59A,1584838559
17,2,20,86ad5de4-24f5-3273-96ad-c707d37e5c0a::61E54B03-FB49-4904-B89D-F65D8D36A59A,1584838559
18,2,25,3d25e513-f1e1-371b-b6f2-05a48364cc0d::61E54B03-FB49-4904-B89D-F65D8D36A59A,1584838559
19,2,26,d579a246-3bcc-3517-bec0-8336dc888275::61E54B03-FB49-4904-B89D-F65D8D36A59A,1584838559
20,2,27,45cc6d4f-dd36-367f-87c4-bf0d59c2bfdd::61E54B03-FB49-4904-B89D-F65D8D36A59A,1584838559
21,2,28,0f466b56-5e8b-35cf-bfbc-9380675b3afb::61E54B03-FB49-4904-B89D-F65D8D36A59A,1584838559
22,2,31,324589c2-b85c-30b1-ae19-596762da4a75::61E54B03-FB49-4904-B89D-F65D8D36A59A,1584838559
23,2,34,b33b8449-918a-33fb-9742-c5c01447953c::61E54B03-FB49-4904-B89D-F65D8D36A59A,1584838559
24,2,35,3fcdf6fd-5520-3331-b4d8-a0f41c44e588::61E54B03-FB49-4904-B89D-F65D8D36A59A,1584838559
25,2,36,b3f5158a-95d4-3f7b-9769-14cec7ad917d::61E54B03-FB49-4904-B89D-F65D8D36A59A,1584838559
26,2,37,77566754-b3d1-3c1e-b23f-b4b61cd6d128::61E54B03-FB49-4904-B89D-F65D8D36A59A,1584838559
27,2,39,74fac431-55fa-39b5-96a5-17802b86cd29::61E54B03-FB49-4904-B89D-F65D8D36A59A,1584838559
28,2,41,4075a8d1-acec-3ae9-abc6-86cc1e2fd45b::61E54B03-FB49-4904-B89D-F65D8D36A59A,1584838559
29,2,43,d13f5af6-eb2f-3b12-978b-45792377d175::61E54B03-FB49-4904-B89D-F65D8D36A59A,1584838559
30,2,44,15a55f0e-d90d-3c47-8fd3-8b128f7b45e9::61E54B03-FB49-4904-B89D-F65D8D36A59A,1584838559
31,2,45,c5bbb4ae-8dfd-33db-b3e0-4862c55e3ce7::61E54B03-FB49-4904-B89D-F65D8D36A59A,1584838559
32,2,48,00e85552-eb2f-3980-b555-fc2670764ab1::61E54B03-FB49-4904-B89D-F65D8D36A59A,1584838559
33,2,49,fab4b6e2-80ea-383c-8e39-801518481cf6::61E54B03-FB49-4904-B89D-F65D8D36A59A,1584838559
34,2,51,81f5ec1f-cf4b-3c04-bb11-1f2a20012d3c::61E54B03-FB49-4904-B89D-F65D8D36A59A,1584838559
35,2,52,7acb3b5d-3bf3-36ca-b489-1701b2b43667::61E54B03-FB49-4904-B89D-F65D8D36A59A,1584838559
36,2,56,fd4b46b0-9981-3d0c-ad2d-a736e54f5992::61E54B03-FB49-4904-B89D-F65D8D36A59A,1584838559
37,2,61,967bccd7-faa0-377c-86d5-fd86d9c2f57a::61E54B03-FB49-4904-B89D-F65D8D36A59A,1584838559
38,2,62,3852aee2-d492-33c3-91cc-af08ec8d239f::61E54B03-FB49-4904-B89D-F65D8D36A59A,1584838559
39,2,64,6a328293-8510-3a6e-906c-75348e55ff60::61E54B03-FB49-4904-B89D-F65D8D36A59A,1584838559
40,2,65,ff12c6eb-8c0c-365c-9417-73534d6375be::61E54B03-FB49-4904-B89D-F65D8D36A59A,1584838559
41,2,66,02773afc-197b-3272-a2d4-b7d3ddc8a30f::61E54B03-FB49-4904-B89D-F65D8D36A59A,1584838559
42,2,67,760e1f55-fc84-3625-b379-fee9d03ac301::61E54B03-FB49-4904-B89D-F65D8D36A59A,1584838559
43,2,68,90ca3410-eeb8-3772-8ed7-3df21144278f::61E54B03-FB49-4904-B89D-F65D8D36A59A,1584838559
44,2,69,e9db12d6-8e44-38f7-b9f1-6e36c3b663ba::61E54B03-FB49-4904-B89D-F65D8D36A59A,1584838559
45,2,70,8ac03626-01ca-3c3b-a1ea-ec3eb88412e8::61E54B03-FB49-4904-B89D-F65D8D36A59A,1584838559
46,2,75,70ac6e98-a035-3ccd-8931-cfac527c8a62::61E54B03-FB49-4904-B89D-F65D8D36A59A,1584838559
47,2,76,8f874e27-9c86-3340-a8a0-087eb6698451::61E54B03-FB49-4904-B89D-F65D8D36A59A,1584838559
48,2,77,8f12a062-6028-3f29-a80c-9e4a13f1ce7c::61E54B03-FB49-4904-B89D-F65D8D36A59A,1584838559
49,2,78,84328b17-c50b-38c9-bc5d-a2d102729cdd::61E54B03-FB49-4904-B89D-F65D8D36A59A,1584838559
50,2,79,6ee28300-4feb-3be6-b680-b4093426cc86::61E54B03-FB49-4904-B89D-F65D8D36A59A,1584838559
51,2,80,ae2543c1-be5f-3ddd-9003-b669c48a87c0::61E54B03-FB49-4904-B89D-F65D8D36A59A,1584838559
52,2,83,897da90a-932e-38e5-aa2a-fda6964b06ac::61E54B03-FB49-4904-B89D-F65D8D36A59A,1584838559
53,2,86,379ca423-b206-3577-9795-931fe6e566e3::61E54B03-FB49-4904-B89D-F65D8D36A59A,1584838559
54,2,87,9dfa0abb-9a08-3ec2-a555-c3f5544fff2f::61E54B03-FB49-4904-B89D-F65D8D36A59A,1584838559
55,2,88,f36b0a49-46fa-3f78-b284-90a08a81958e::61E54B03-FB49-4904-B89D-F65D8D36A59A,1584838559
56,2,92,1111cfc0-035d-3f07-9c67-612039142e74::61E54B03-FB49-4904-B89D-F65D8D36A59A,1584838559
57,2,94,2243854d-20f4-3691-8876-e46196f3ddd4::61E54B03-FB49-4904-B89D-F65D8D36A59A,1584838559
58,2,95,9f5ca276-cb85-3918-82b4-28514fb71500::61E54B03-FB49-4904-B89D-F65D8D36A59A,1584838559
59,2,97,d6bf1ed8-3aea-3ad0-8687-62dc5741ecde::61E54B03-FB49-4904-B89D-F65D8D36A59A,1584838559
60,2,98,dd9e5700-93d3-335f-aa27-9fb6a4a8a7a9::61E54B03-FB49-4904-B89D-F65D8D36A59A,1584838559
61,2,99,2b9d91a6-fba2-374a-aa81-ebf1166f1c05::61E54B03-FB49-4904-B89D-F65D8D36A59A,1584838559
62,2,100,521d5820-2bac-3dc0-9dc6-0e194c55cd01::61E54B03-FB49-4904-B89D-F65D8D36A59A,1584838559
63,2,102,b37822e6-a5e6-31c5-9277-69e36b6b8e19::61E54B03-FB49-4904-B89D-F65D8D36A59A,1584838559
64,2,105,c8d2016b-8f0d-31e1-95c6-8766827d392a::61E54B03-FB49-4904-B89D-F65D8D36A59A,1584838559
65,2,107,a377f315-6634-3d34-b080-e36b8bfd1d3b::61E54B03-FB49-4904-B89D-F65D8D36A59A,1584838559
66,2,110,24ccb28f-892f-3976-b5c0-57d57812eb4f::61E54B03-FB49-4904-B89D-F65D8D36A59A,1584838559
67,2,111,9deab19c-a205-384f-8551-4196c4ea36dc::61E54B03-FB49-4904-B89D-F65D8D36A59A,1584838559
68,2,112,b59600ac-fdee-306f-a960-8be4c1358429::61E54B03-FB49-4904-B89D-F65D8D36A59A,1584838559
69,2,113,fdc817f4-1e63-3669-abeb-3a4adf767698::61E54B03-FB49-4904-B89D-F65D8D36A59A,1584838559
70,2,117,729a67dc-a7f3-3d5e-80c2-aca9df46eeee::61E54B03-FB49-4904-B89D-F65D8D36A59A,1584838559
71,1,16,D4893E43-6D9D-4FF1-9E1A-7A85A54CAFF8,1584840157
72,2,119,779DBC56-E151-469C-8049-87144BA258D9::03B604F1-C5B4-40CB-9A45-A3440E627EC2,1586702562
