Z_PK,Z_ENT,Z_OPT,ZAUTHORTS,ZBUNDLEIDTS,ZCONTEXTNAMETS,ZPROCESSIDTS,ZTIMESTAMP,ZAUTHOR,ZBUNDLEID,ZCONTEXTNAME,ZPROCESSID,ZQUERYGEN
1,16002,,,1,,1,606519672.407837,,,,,
2,16002,,,1,,1,606519672.411482,,,,,
3,16002,,,1,,1,606519672.41599,,,,,
4,16002,,,1,,1,606530904.588439,,,,,
5,16002,,,1,,1,606530904.591241,,,,,
6,16002,,,1,,1,606530904.593386,,,,,
7,16002,,,1,,1,608398732.413141,,,,,
8,16002,,,1,,1,608398732.416577,,,,,
9,16002,,,1,,1,608398732.418758,,,,,
10,16002,,,1,,1,608409178.312493,,,,,
11,16002,,,1,,1,608409178.314398,,,,,
12,16002,,,1,,1,608409178.315966,,,,,
13,16002,,,1,,1,608498803.228559,,,,,
14,16002,,,1,,1,608498803.233091,,,,,
15,16002,,,1,,1,608498803.236104,,,,,
16,16002,,,1,,1,608744602.529681,,,,,
17,16002,,,1,,1,608744602.536913,,,,,
18,16002,,,1,,1,608744602.540587,,,,,
