Z_PK,Z_ENT,Z_OPT,ZAUTHORTS,ZBUNDLEIDTS,ZCONTEXTNAMETS,ZPROCESSIDTS,ZTIMESTAMP,ZAUTHOR,ZBUNDLEID,ZCONTEXTNAME,ZPROCESSID,ZQUERYGEN
1,16002,,,1,,2,606519591.896445,,,,,
2,16002,,,1,,2,606519594.985146,,,,,
3,16002,,,1,,2,606520079.817614,,,,,
4,16002,,,1,,2,606520084.259335,,,,,
5,16002,,,1,,2,606520142.352786,,,,,
6,16002,,,1,,2,606520142.369837,,,,,
7,16002,,,1,,2,606520142.373719,,,,,
8,16002,,,1,7.0,2,606520142.764234,,,,,
9,16002,,,1,,2,606520142.897564,,,,,
10,16002,,,8,,9,606520175.7378,,,,,
11,16002,,,1,,2,606520175.944615,,,,,
12,16002,,,1,,2,606520176.139557,,,,,
13,16002,,,1,7.0,2,606520457.924429,,,,,
14,16002,,,1,7.0,2,606520470.408325,,,,,
15,16002,,,1,7.0,2,606520485.827316,,,,,
16,16002,,,1,7.0,2,606520499.371664,,,,,
17,16002,,,1,,2,606520964.371674,,,,,
18,16002,,,8,,9,606524576.952164,,,,,
19,16002,,,1,,2,606524578.095918,,,,,
20,16002,,,1,,2,606524578.410309,,,,,
21,16002,,,1,7.0,2,606531135.625926,,,,,
22,16002,,,1,7.0,2,606532954.845363,,,,,
23,16002,,,1,7.0,2,606533036.71512,,,,,
24,16002,,,1,7.0,2,606533074.273228,,,,,
25,16002,,,1,7.0,2,606533114.716771,,,,,
26,16002,,,1,7.0,2,606533191.820795,,,,,
27,16002,,,1,7.0,2,606533239.107322,,,,,
28,16002,,,1,7.0,2,606533331.691765,,,,,
29,16002,,,1,7.0,2,606533395.484622,,,,,
30,16002,,,1,7.0,2,606533552.326034,,,,,
31,16002,,,1,7.0,2,606533625.556686,,,,,
32,16002,,,1,7.0,2,606533668.195162,,,,,
33,16002,,,1,7.0,2,606533731.878196,,,,,
34,16002,,,1,7.0,2,606533799.253058,,,,,
35,16002,,,1,7.0,2,606533870.53509,,,,,
36,16002,,,1,7.0,2,606533916.996496,,,,,
37,16002,,,1,7.0,2,606534018.83816,,,,,
38,16002,,,1,7.0,2,606534123.392424,,,,,
39,16002,,,1,7.0,2,606534219.023917,,,,,
40,16002,,,1,7.0,2,606534301.649252,,,,,
41,16002,,,1,7.0,2,606534351.531687,,,,,
42,16002,,,1,7.0,2,606534468.886326,,,,,
43,16002,,,1,7.0,2,606534636.480335,,,,,
44,16002,,,1,7.0,2,606534699.126246,,,,,
45,16002,,,1,7.0,2,606534766.117074,,,,,
46,16002,,,1,7.0,2,606534838.474806,,,,,
47,16002,,,1,7.0,2,606534879.366631,,,,,
48,16002,,,1,7.0,2,606534950.786221,,,,,
49,16002,,,1,7.0,2,606535009.487325,,,,,
50,16002,,,1,,2,606539137.139649,,,,,
51,16002,,,1,,2,606540095.577066,,,,,
52,16002,,,1,,2,606541177.68985,,,,,
53,16002,,,1,,2,606543626.517722,,,,,
54,16002,,,1,,2,606546349.34886,,,,,
55,16002,,,1,,2,606550479.464738,,,,,
56,16002,,,1,,2,606554116.085261,,,,,
57,16002,,,1,,2,606556825.028064,,,,,
58,16002,,,1,,2,606557708.209692,,,,,
59,16002,,,1,,2,606561365.934505,,,,,
60,16002,,,1,,2,606562785.643732,,,,,
61,16002,,,1,,2,606564626.161641,,,,,
62,16002,,,1,,2,606568520.045866,,,,,
63,16002,,,8,,9,606577496.926051,,,,,
64,16002,,,1,,2,606577497.156905,,,,,
65,16002,,,1,,2,606577497.288633,,,,,
66,16002,,,1,,2,606597674.717866,,,,,
67,16002,,,1,,2,606598593.807271,,,,,
68,16002,,,1,,2,606599495.68331,,,,,
69,16002,,,1,,2,606601284.798017,,,,,
70,16002,,,1,,2,606604884.698349,,,,,
71,16002,,,1,,2,606606000.38146,,,,,
72,16002,,,1,,2,606608484.603677,,,,,
73,16002,,,1,,2,606612358.99227,,,,,
74,16002,,,8,,9,606666587.501181,,,,,
75,16002,,,1,,2,606666587.88649,,,,,
76,16002,,,1,,2,606666588.186717,,,,,
77,16002,,,1,,2,606688374.606332,,,,,
78,16002,,,1,,2,606689275.690963,,,,,
79,16002,,,1,,2,606690175.360906,,,,,
80,16002,,,1,,2,606692034.222433,,,,,
81,16002,,,1,,2,606695587.813694,,,,,
82,16002,,,1,,2,606699200.491241,,,,,
83,16002,,,1,,2,606769856.017351,,,,,
84,16002,,,1,,2,606770757.44007,,,,,
85,16002,,,1,,2,606771690.297011,,,,,
86,16002,,,1,,2,606773475.263298,,,,,
87,16002,,,1,,2,606792008.64858,,,,,
88,16002,,,1,,2,606792912.795549,,,,,
89,16002,,,1,,2,606794032.911754,,,,,
90,16002,,,1,,2,606795610.255472,,,,,
91,16002,,,1,,2,606799250.625034,,,,,
92,16002,,,1,,2,606802836.724167,,,,,
93,16002,,,1,,2,606806458.466921,,,,,
94,16002,,,1,,2,606810027.532189,,,,,
95,16002,,,1,,2,606813630.386516,,,,,
96,16002,,,1,,2,606817271.295503,,,,,
97,16002,,,1,,2,606821392.311889,,,,,
98,16002,,,1,,2,606824482.258858,,,,,
99,16002,,,1,,2,606880149.036395,,,,,
100,16002,,,1,,2,606881115.628326,,,,,
101,16002,,,1,,2,606882021.020592,,,,,
102,16002,,,1,,2,606883759.402728,,,,,
103,16002,,,1,,2,606887360.766536,,,,,
104,16002,,,1,,2,606891365.635828,,,,,
105,16002,,,1,,2,606894681.005502,,,,,
106,16002,,,1,,2,606898214.844885,,,,,
107,16002,,,1,,2,606901992.081592,,,,,
108,16002,,,1,,2,606905925.006654,,,,,
109,16002,,,1,,2,606908954.82348,,,,,
110,16002,,,1,,2,606966163.819261,,,,,
111,16002,,,1,,2,606967065.043197,,,,,
112,16002,,,1,,2,606967968.099528,,,,,
113,16002,,,1,,2,606969776.918409,,,,,
114,16002,,,1,,2,606973366.162017,,,,,
115,16002,,,1,,2,606977005.268571,,,,,
116,16002,,,1,,2,606980863.740204,,,,,
117,16002,,,1,,2,606984302.794445,,,,,
118,16002,,,1,,2,606987764.075035,,,,,
119,16002,,,1,,2,606991364.524466,,,,,
120,16002,,,1,,2,606995208.177381,,,,,
121,16002,,,8,,9,607048351.888411,,,,,
122,16002,,,1,,2,607048352.411642,,,,,
123,16002,,,1,,2,607048352.662431,,,,,
124,16002,,,1,,2,607053420.809848,,,,,
125,16002,,,1,,2,607055164.47526,,,,,
126,16002,,,1,,2,607058754.048546,,,,,
127,16002,,,1,,2,607062373.465632,,,,,
128,16002,,,1,,2,607066002.671973,,,,,
129,16002,,,1,,2,607069619.592217,,,,,
130,16002,,,1,,2,607073100.716821,,,,,
131,16002,,,1,,2,607076694.75078,,,,,
132,16002,,,1,,2,607080542.42163,,,,,
133,16002,,,1,,2,607084136.419171,,,,,
134,16002,,,8,,9,607092996.011915,,,,,
135,16002,,,1,,2,607092996.021462,,,,,
136,16002,,,1,,2,607092996.166575,,,,,
137,16002,,,1,,2,607175927.24974,,,,,
138,16002,,,1,,2,607223915.650828,,,,,
139,16002,,,1,,2,607224817.342259,,,,,
140,16002,,,1,,2,607225718.265532,,,,,
141,16002,,,1,,2,607227520.959552,,,,,
142,16002,,,1,,2,607231120.942079,,,,,
143,16002,,,1,,2,607234720.881567,,,,,
144,16002,,,1,,2,607238588.947425,,,,,
145,16002,,,1,,2,607241915.750899,,,,,
146,16002,,,1,,2,607245551.524513,,,,,
147,16002,,,1,,2,607249404.735318,,,,,
148,16002,,,1,,2,607252715.575279,,,,,
149,16002,,,1,,2,607256401.990214,,,,,
150,16002,,,1,7.0,2,607276429.267035,,,,,
151,16002,,,1,7.0,2,607277019.38936,,,,,
152,16002,,,1,7.0,2,607290320.658135,,,,,
153,16002,,,1,,2,607316185.006064,,,,,
154,16002,,,1,,2,607317247.958552,,,,,
155,16002,,,1,,2,607318151.263993,,,,,
156,16002,,,1,,2,607319817.898947,,,,,
157,16002,,,1,,2,607323761.992361,,,,,
158,16002,,,1,,2,607327084.210516,,,,,
159,16002,,,1,,2,607330657.578737,,,,,
160,16002,,,1,,2,607334211.607882,,,,,
161,16002,,,1,,2,607337823.497299,,,,,
162,16002,,,1,,2,607341453.464515,,,,,
163,16002,,,1,,2,607454344.611322,,,,,
164,16002,,,1,,2,607455268.520119,,,,,
165,16002,,,1,,2,607456475.875344,,,,,
166,16002,,,1,7.0,2,607527222.092926,,,,,
167,16002,,,1,7.0,2,607527260.051527,,,,,
168,16002,,,1,7.0,2,607527326.078332,,,,,
169,16002,,,1,7.0,2,607527396.604431,,,,,
170,16002,,,1,,2,607528092.15986,,,,,
171,16002,,,1,,2,607529026.479025,,,,,
172,16002,,,1,,2,607531767.247004,,,,,
173,16002,,,1,,2,607534599.682307,,,,,
174,16002,,,1,,2,607535560.63363,,,,,
175,16002,,,1,,2,607538896.468349,,,,,
176,16002,,,1,7.0,2,607623550.675086,,,,,
177,16002,,,1,7.0,2,607632653.914646,,,,,
178,16002,,,1,,2,607633250.396046,,,,,
179,16002,,,1,,2,607634156.986459,,,,,
180,16002,,,1,,2,607635087.985755,,,,,
181,16002,,,1,,2,607636863.77372,,,,,
182,16002,,,1,,2,607640466.285294,,,,,
183,16002,,,1,,2,607644216.671005,,,,,
184,16002,,,1,,2,607647661.81871,,,,,
185,16002,,,1,,2,607709138.856646,,,,,
186,16002,,,1,7.0,2,607709138.86339,,,,,
187,16002,,,1,,2,607709141.052907,,,,,
188,16002,,,1,7.0,2,607709210.143266,,,,,
189,16002,,,1,7.0,2,607725717.605636,,,,,
190,16002,,,1,,2,607725718.976377,,,,,
191,16002,,,1,,2,607725720.4961,,,,,
192,16002,,,1,,2,607730911.92189,,,,,
193,16002,,,1,,2,607730961.172899,,,,,
194,16002,,,1,7.0,2,607739724.73847,,,,,
195,16002,,,8,,9,607739934.944426,,,,,
196,16002,,,1,,2,607739935.234758,,,,,
197,16002,,,1,,2,607739935.627606,,,,,
198,16002,,,1,,2,607741110.060203,,,,,
199,16002,,,1,,2,607742011.083049,,,,,
200,16002,,,1,,2,607742911.695139,,,,,
201,16002,,,1,,2,607744757.022777,,,,,
202,16002,,,1,,2,607748593.404078,,,,,
203,16002,,,1,,2,607751910.211963,,,,,
204,16002,,,1,,2,607755977.431496,,,,,
205,16002,,,1,,2,607759388.529589,,,,,
206,16002,,,1,,2,607762988.928359,,,,,
207,16002,,,1,,2,607766402.941583,,,,,
208,16002,,,1,,2,607766992.683774,,,,,
209,16002,,,1,,2,607769610.370929,,,,,
210,16002,,,1,,2,607769909.964653,,,,,
211,16002,,,1,,2,607773788.905335,,,,,
212,16002,,,8,,9,607779199.653861,,,,,
213,16002,,,1,,2,607779199.66882,,,,,
214,16002,,,1,,2,607779199.772714,,,,,
215,16002,,,8,,9,607803039.987073,,,,,
216,16002,,,1,,2,607803040.838648,,,,,
217,16002,,,1,,2,607803041.700234,,,,,
218,16002,,,1,7.0,2,607828069.14311,,,,,
219,16002,,,1,7.0,2,607828290.4644,,,,,
220,16002,,,1,,2,607877799.670237,,,,,
221,16002,,,1,,2,607878700.63043,,,,,
222,16002,,,1,,2,607879602.553136,,,,,
223,16002,,,1,,2,607881409.629251,,,,,
224,16002,,,1,,2,607885016.033964,,,,,
225,16002,,,1,,2,607888614.065225,,,,,
226,16002,,,1,,2,607892214.328872,,,,,
227,16002,,,1,,2,607896127.174576,,,,,
228,16002,,,1,,2,607899551.733593,,,,,
229,16002,,,8,,9,607912122.995567,,,,,
230,16002,,,1,,2,607912123.762215,,,,,
231,16002,,,1,,2,607912124.867764,,,,,
232,16002,,,1,,2,607999376.546816,,,,,
233,16002,,,1,,2,607999437.015708,,,,,
234,16002,,,1,,2,607999437.183432,,,,,
235,16002,,,1,,2,608000278.116061,,,,,
236,16002,,,1,,2,608001177.915204,,,,,
237,16002,,,1,,2,608002983.839008,,,,,
238,16002,,,1,,2,608006580.871935,,,,,
239,16002,,,1,,2,608010229.181228,,,,,
240,16002,,,1,,2,608013784.52106,,,,,
241,16002,,,1,,2,608022715.22152,,,,,
242,16002,,,1,,2,608023880.677895,,,,,
243,16002,,,1,,2,608025080.783338,,,,,
244,16002,,,1,,2,608028676.320917,,,,,
245,16002,,,1,,2,608031825.288171,,,,,
246,16002,,,1,,2,608035384.201974,,,,,
247,16002,,,1,,2,608038984.656797,,,,,
248,16002,,,1,,2,608042585.605755,,,,,
249,16002,,,1,,2,608046182.634961,,,,,
250,16002,,,1,,2,608153431.326048,,,,,
251,16002,,,1,,2,608154335.84506,,,,,
252,16002,,,1,,2,608155249.250498,,,,,
253,16002,,,1,,2,608157055.624415,,,,,
254,16002,,,1,,2,608160656.216665,,,,,
255,16002,,,1,,2,608164247.802202,,,,,
256,16002,,,1,,2,608167912.301928,,,,,
257,16002,,,1,,2,608171542.394807,,,,,
258,16002,,,1,,2,608242315.633752,,,,,
259,16002,,,1,,2,608243226.804003,,,,,
260,16002,,,1,,2,608244127.667371,,,,,
261,16002,,,1,,2,608246036.392043,,,,,
262,16002,,,1,,2,608249569.475556,,,,,
263,16002,,,1,,2,608253164.735953,,,,,
264,16002,,,1,,2,608256862.43172,,,,,
265,16002,,,1,,2,608260316.653561,,,,,
266,16002,,,1,,2,608264212.148407,,,,,
267,16002,,,1,,2,608267941.468233,,,,,
268,16002,,,1,,2,608271240.189553,,,,,
269,16002,,,1,,2,608274917.263817,,,,,
270,16002,,,1,,2,608278595.85308,,,,,
271,16002,,,1,,2,608282211.735653,,,,,
272,16002,,,1,,2,608285571.155021,,,,,
273,16002,,,1,,2,608289474.73814,,,,,
274,16002,,,1,,2,608292777.988213,,,,,
275,16002,,,1,,2,608296329.278451,,,,,
276,16002,,,1,,2,608324888.630369,,,,,
277,16002,,,1,,2,608325793.37733,,,,,
278,16002,,,1,,2,608326698.622414,,,,,
279,16002,,,1,,2,608328640.498,,,,,
280,16002,,,1,,2,608332096.011411,,,,,
281,16002,,,1,,2,608335693.33112,,,,,
282,16002,,,1,,2,608351543.589231,,,,,
283,16002,,,1,,2,608352451.705282,,,,,
284,16002,,,1,,2,608353382.422104,,,,,
285,16002,,,1,,2,608355306.972327,,,,,
286,16002,,,1,,2,608358753.511026,,,,,
287,16002,,,1,,2,608362508.289823,,,,,
288,16002,,,1,,2,608366109.55519,,,,,
289,16002,,,1,,2,608374197.373982,,,,,
290,16002,,,1,,2,608375471.307878,,,,,
291,16002,,,1,,2,608376950.366743,,,,,
292,16002,,,1,,2,608377394.71362,,,,,
293,16002,,,1,,2,608380531.929815,,,,,
294,16002,,,1,,2,608384064.9328,,,,,
295,16002,,,1,,2,608387664.491617,,,,,
296,16002,,,1,,2,608392456.815568,,,,,
297,16002,,,1,7.0,2,608403109.028028,,,,,
298,16002,,,1,,2,608403276.046561,,,,,
299,16002,,,1,,2,608405670.24328,,,,,
300,16002,,,1,7.0,2,608407594.027282,,,,,
301,16002,,,1,7.0,2,608407759.912552,,,,,
302,16002,,,1,,2,608408578.940714,,,,,
303,16002,,,1,,2,608408595.401382,,,,,
304,16002,,,8,,9,608409258.36062,,,,,
305,16002,,,1,,2,608409259.211933,,,,,
306,16002,,,1,,2,608409259.876675,,,,,
307,16002,,,1,,2,608409525.410879,,,,,
308,16002,,,1,,2,608413042.109312,,,,,
309,16002,,,1,,2,608416643.03538,,,,,
310,16002,,,1,,2,608420240.984533,,,,,
311,16002,,,1,,2,608423849.459436,,,,,
312,16002,,,1,,2,608431045.428604,,,,,
313,16002,,62.0,1,,2,608498182.959995,,,,,
314,16002,,,1,7.0,2,608498348.367397,,,,,
315,16002,,,1,,2,608498649.552047,,,,,
316,16002,,,1,,2,608499188.505402,,,,,
317,16002,,,1,,2,608499190.377343,,,,,
318,16002,,,1,,2,608500148.173106,,,,,
319,16002,,,1,,2,608503758.155148,,,,,
320,16002,,,1,,2,608507507.945333,,,,,
321,16002,,,1,,2,608511166.116706,,,,,
322,16002,,,1,7.0,2,608519661.568762,,,,,
323,16002,,,1,7.0,2,608519694.649169,,,,,
324,16002,,,1,7.0,2,608565227.059609,,,,,
325,16002,,,1,,2,608598685.682729,,,,,
326,16002,,,1,,2,608599591.6263,,,,,
327,16002,,,1,,2,608600495.212516,,,,,
328,16002,,,1,,2,608602296.292834,,,,,
329,16002,,,1,,2,608606545.08719,,,,,
330,16002,,,1,,2,608609487.667013,,,,,
331,16002,,,1,,2,608613248.602115,,,,,
332,16002,,,1,,2,608616703.916785,,,,,
333,16002,,,1,,2,608620557.122053,,,,,
334,16002,,,1,,2,608623932.303906,,,,,
335,16002,,,1,,2,608631831.14201,,,,,
336,16002,,,1,,2,608632914.192583,,,,,
337,16002,,,1,,2,608634958.968867,,,,,
338,16002,,,1,,2,608638513.981265,,,,,
339,16002,,,1,,2,608691667.506234,,,,,
340,16002,,,1,,2,608692574.782572,,,,,
341,16002,,,1,,2,608693505.786187,,,,,
342,16002,,,1,,2,608695309.024178,,,,,
343,16002,,,1,,2,608698897.713986,,,,,
344,16002,,,1,,2,608702502.609908,,,,,
345,16002,,,1,,2,608706360.566123,,,,,
346,16002,,,1,,2,608716274.18599,,,,,
347,16002,,,1,,2,608717175.708754,,,,,
348,16002,,,1,,2,608718080.580989,,,,,
349,16002,,,1,,2,608720504.676741,,,,,
350,16002,,,1,,2,608724117.100226,,,,,
351,16002,,,1,,2,608738274.034614,,,,,
352,16002,,,1,,2,608739179.740046,,,,,
353,16002,,,1,,2,608740087.039006,,,,,
354,16002,,,1,,2,608741897.207209,,,,,
355,16002,,,1,7.0,2,608745207.167389,,,,,
356,16002,,,8,,9,608745433.384906,,,,,
357,16002,,,1,,2,608745433.779465,,,,,
358,16002,,,1,,2,608745434.170394,,,,,
359,16002,,,1,,2,608746117.465002,,,,,
360,16002,,,1,,2,608749221.673166,,,,,
