Z_PK,Z_ENT,Z_OPT,ZTOTALTIMEINSECONDS,ZBLOCK,ZIDENTIFIER
648,26,1,2458,1014,DH1009
649,26,1,146,1026,DH1002
650,26,1,93,1130,DH0013
651,26,1,1247,1175,DH1008
652,26,1,5,962,DH1007
653,26,1,1388,1059,DH1005
654,26,1,562,1115,DH0013
655,26,1,256,1026,DH1003
656,26,1,4,1010,DH0013
657,26,1,1176,1093,DH1002
658,26,1,884,1022,DH1007
659,26,1,847,1014,DH0013
660,26,1,2,1130,DH1003
661,26,1,350,961,DH1002
662,26,1,9,1135,DH1003
663,26,1,234,1000,DH0013
664,26,1,55,860,DH0013
665,26,1,36,968,DH0012
666,26,1,17,1135,DH1004
667,26,1,55,915,DH1005
668,26,1,551,929,DH1003
669,26,1,190,1048,DH1008
670,26,1,236,1047,DH1002
671,26,1,137,945,DH1002
672,26,1,404,962,DH1002
673,26,1,139,1175,DH1009
674,26,1,137,816,DH1002
675,26,1,2060,821,DH1002
676,26,1,683,1071,DH0013
677,26,1,71,1175,DH0012
678,26,1,17,1061,DH0013
679,26,1,6,1115,DH1002
680,26,1,769,1060,DH1003
681,26,1,23,1133,DH0013
682,26,1,711,815,DH1007
683,26,1,2254,1164,DH1005
684,26,1,22,1125,DH1008
685,26,1,183,1111,DH0013
686,26,1,42,1029,DH1009
687,26,1,83,833,DH1007
688,26,1,217,860,DH1002
689,26,1,247,1130,DH1005
690,26,1,856,1027,DH1004
691,26,1,262,855,DH0013
692,26,1,6,857,DH0012
693,26,1,11,843,DH1005
694,26,1,123,1010,DH1009
695,26,1,90,1014,DH1005
696,26,1,2,969,DH1004
697,26,1,97,1170,DH1004
698,26,1,322,833,DH0012
699,26,1,149,1125,DH1009
700,26,1,36,1038,DH1008
701,26,1,30,1108,DH1005
702,26,1,137,818,DH1004
703,26,1,27,820,DH1009
704,26,1,747,1087,DH1009
705,26,1,1042,983,DH1002
706,26,1,32,962,DH1005
707,26,1,647,857,DH1009
708,26,1,74,1115,DH0012
709,26,1,88,1048,DH0013
710,26,1,925,1105,DH1005
711,26,1,45,945,DH1005
712,26,1,62,838,DH0013
713,26,1,212,1010,DH1008
714,26,1,14,824,DH1007
715,26,1,49,1087,DH1005
716,26,1,1592,1163,DH1003
717,26,1,248,1108,DH0013
718,26,1,242,839,DH1002
719,26,1,983,915,DH1004
720,26,1,15,897,DH0013
721,26,1,119,818,DH1002
722,26,1,2374,915,DH1002
723,26,1,28,964,DH1005
724,26,1,825,869,DH1007
725,26,1,22,985,DH1003
726,26,1,36,869,DH1004
727,26,1,160,963,DH1002
728,26,1,194,969,DH1003
729,26,1,1740,838,DH1002
730,26,1,298,961,DH1004
731,26,1,83,969,DH0013
732,26,1,42,1125,DH0013
733,26,1,62,839,DH0013
734,26,1,294,962,DH0013
735,26,1,1574,968,DH1008
736,26,1,137,872,DH0013
737,26,1,2,841,DH1005
738,26,1,126,1110,DH0013
739,26,1,10,969,DH1002
740,26,1,2973,1025,DH1002
741,26,1,33,838,DH1004
742,26,1,154,1110,DH0012
743,26,1,4,1133,DH1004
744,26,1,17,815,DH1005
745,26,1,17,864,DH1005
746,26,1,208,834,DH1002
747,26,1,17,968,DH1005
748,26,1,1611,1120,DH1002
749,26,1,66,1026,DH0013
750,26,1,913,1027,DH1005
751,26,1,41,824,DH0013
752,26,1,9,1000,DH0011
753,26,1,99,1130,DH1009
754,26,1,1169,1075,DH1005
755,26,1,126,864,DH1002
756,26,1,11,1049,DH0012
757,26,1,274,938,DH1008
758,26,1,16,945,DH1007
759,26,1,406,983,DH1005
760,26,1,625,834,DH1007
761,26,1,1,1043,DH1004
762,26,1,37,1021,DH1004
763,26,1,16,1049,DH1005
764,26,1,69,1049,DH1008
765,26,1,946,1111,DH1005
766,26,1,691,873,DH1007
767,26,1,29,1135,DH1005
768,26,1,30,1059,DH0012
769,26,1,56,1000,DH0012
770,26,1,71,875,DH0013
771,26,1,2,1059,DH1003
772,26,1,543,1111,DH1004
773,26,1,97,968,DH0013
774,26,1,1258,1011,DH1003
775,26,1,1102,843,DH1003
776,26,1,1004,1167,DH1002
777,26,1,26,1061,DH1005
778,26,1,3,864,DH0013
779,26,1,106,1093,DH1004
780,26,1,1008,835,DH1002
781,26,1,182,1048,DH1004
782,26,1,12,945,DH1003
783,26,1,30,1059,DH0013
784,26,1,176,1047,DH0012
785,26,1,1256,1111,DH1002
786,26,1,227,860,DH0012
787,26,1,1,1171,DH1004
788,26,1,11,1108,DH0012
789,26,1,31,1166,DH0013
790,26,1,323,1061,DH0012
791,26,1,15,824,DH1002
792,26,1,347,960,DH1002
793,26,1,178,855,DH1004
794,26,1,81,964,DH0012
795,26,1,1006,1059,DH1002
796,26,1,19,945,DH1004
797,26,1,2520,873,DH0012
798,26,1,401,908,DH1002
799,26,1,9,1119,DH0013
800,26,1,1671,1027,DH1002
801,26,1,10,1135,DH1007
802,26,1,11,1010,DH1005
803,26,1,5,1017,DH1002
804,26,1,1169,835,DH1005
805,26,1,17,1025,DH0013
806,26,1,73,1097,DH1005
807,26,1,165,838,DH1005
808,26,1,66,875,DH1009
809,26,1,621,1021,DH1002
810,26,1,608,866,DH1002
811,26,1,239,855,DH1002
812,26,1,4,1138,DH1007
813,26,1,195,1130,DH1008
814,26,1,1990,1133,DH1002
815,26,1,26,872,DH1003
816,26,1,301,1047,DH1009
817,26,1,456,1075,DH1002
818,26,1,132,938,DH1009
819,26,1,906,833,DH1005
820,26,1,117,1047,DH1005
821,26,1,64,875,DH1005
822,26,1,1188,1021,DH1005
823,26,1,12,915,DH0013
824,26,1,36,983,DH0013
825,26,1,756,860,DH1005
826,26,1,658,964,DH1003
827,26,1,85,1119,DH1008
828,26,1,98,961,DH1008
829,26,1,196,816,DH1005
830,26,1,281,1115,DH1005
831,26,1,2555,869,DH1002
832,26,1,89,1087,DH1003
833,26,1,32,1048,DH1005
834,26,1,14,895,DH0013
835,26,1,1,1010,DH1003
836,26,1,68,839,DH1005
837,26,1,99,938,DH1005
838,26,1,89,1119,DH1009
839,26,1,89,1146,DH1002
840,26,1,1,1034,DH1003
841,26,1,37,1027,DH0013
842,26,1,318,820,DH1005
843,26,1,277,895,DH1008
844,26,1,539,873,DH1009
845,26,1,67,964,DH0013
846,26,1,856,820,DH0013
847,26,1,254,1093,DH1005
848,26,1,29,1006,DH1005
849,26,1,67,824,DH1008
850,26,1,60,1138,DH0013
851,26,1,135,1093,DH0013
852,26,1,516,815,DH1002
853,26,1,138,1125,DH1002
854,26,1,98,873,DH0013
855,26,1,107,938,DH0013
856,26,1,126,1017,DH1003
857,26,1,7,1119,DH1002
858,26,1,414,838,DH0012
859,26,1,1277,1166,DH1002
860,26,1,183,1029,DH1002
861,26,1,363,985,DH1009
862,26,1,217,1171,DH1007
863,26,1,4,1049,DH1002
864,26,1,14,938,DH1002
865,26,1,130,1175,DH0013
866,26,1,173,1111,DH1003
867,26,1,3,1108,DH1002
868,26,1,659,896,DH0013
869,26,1,67,968,DH1009
870,26,1,884,1079,DH1003
871,26,1,6,945,DH1009
872,26,1,376,1135,DH1002
873,26,1,2,1026,DH1005
874,26,1,23,945,DH0013
875,26,1,3,1017,DH0013
876,26,1,108,873,DH1003
877,26,1,3,945,DH0012
878,26,1,120,961,DH0013
879,26,1,63,858,DH1005
880,26,1,2,983,DH1004
881,26,1,27,964,DH1009
882,26,1,3,1119,DH1005
883,26,1,397,1130,DH0012
884,26,1,33,966,DH0013
885,26,1,143,1079,DH1002
886,26,1,83,864,DH1004
887,26,1,449,833,DH0013
888,26,1,1,833,DH1003
889,26,1,405,1167,DH1004
890,26,1,30,821,DH1003
891,26,1,311,1110,DH1009
892,26,1,1,1115,DH1009
893,26,1,1660,1065,DH1005
894,26,1,4,1048,DH0012
895,26,1,71,1017,DH1005
896,26,1,314,1108,DH1008
897,26,1,14,1014,DH0012
898,26,1,24,860,DH1004
899,26,1,38,843,DH0013
900,26,1,7,1194,DH0013
901,26,1,1138,1184,DH0012
902,26,1,224,1183,DH1009
903,26,1,214,1194,DH1005
904,26,1,98,1194,DH1009
905,26,1,381,1183,DH0013
906,26,1,29,1187,DH0013
907,26,2,769,1186,DH0012
908,26,2,420,1186,DH1009
909,26,1,24,1186,DH1004
910,26,1,23,1186,DH0013
911,26,2,2088,1196,DH1002
912,26,2,66,1196,DH0013
913,26,1,270,1197,DH1002
914,26,1,5,1196,DH1009
915,26,1,29,1197,DH1009
916,26,1,972,1196,DH1004
917,26,1,87,1196,DH1005
918,26,1,81,1205,DH1002
919,26,1,5,1210,DH1005
920,26,1,33,1206,DH0013
921,26,1,7,1210,DH1002
922,26,1,11,1222,DH1003
923,26,1,11,1222,DH1007
924,26,1,86,1222,DH0013
925,26,1,649,1220,DH1002
926,26,1,35,1222,DH1005
927,26,1,4,1222,DH0012
928,26,1,17,1221,DH1005
929,26,1,419,1222,DH1002
930,26,1,8,1221,DH0012
931,26,1,2,1220,DH1003
932,26,1,109,1220,DH0012
933,26,1,36,1222,DH1004
934,26,1,4,1221,DH0013
935,26,1,10,1220,DH0013
936,26,1,1766,1221,DH1002
937,26,1,149,1225,DH1004
938,26,1,195,1225,DH0013
939,26,2,486,1225,DH1002
940,26,1,167,1226,DH1002
941,26,1,34,1226,DH1004
