event_id,module_id,sample_rate
16,3,0
18,3,0
26,3,0
27,3,0
52,3,100
55,3,1
59,3,0
71,3,0
75,3,0
76,3,0
38,6,500
44,6,0
47,6,25
48,6,0
52,6,1
53,6,1
54,6,1
55,6,1
61,6,0
62,6,1
63,6,1
65,6,0
40,7,0
50,7,0
53,7,0
54,7,0
56,7,0
64,7,1
65,7,1
73,7,1
74,7,1
75,7,1
76,7,0
77,7,1
79,7,1
175,10,0
184,10,100
186,10,0
199,10,0
200,10,50
204,10,0
205,10,1
210,10,0
211,10,0
213,10,10
214,10,10000
217,10,0
218,10,0
220,10,0
230,10,0
234,10,0
242,10,0
243,10,0
259,10,10
262,10,0
264,10,1
272,10,1000
274,10,0
276,10,0
30,14,10
129,19,0
136,19,0
137,19,0
138,19,0
139,19,0
140,19,0
141,19,0
142,19,0
146,19,1
147,19,1
148,19,0
149,19,0
151,19,20
152,19,20
154,19,0
156,19,0
158,19,0
161,19,0
164,19,0
166,19,20
167,19,1
169,19,0
12,24,0
13,24,0
16,24,0
62,26,1
11,29,0
12,29,4096
13,29,1000000
18,29,1000
27,29,0
32,29,100000
33,29,0
34,29,1000000
36,29,100000
38,29,1000000
46,29,0
47,29,0
52,29,5000
63,29,0
67,29,0
27,32,1
29,32,1
30,32,25
31,32,1
35,32,0
36,32,1
37,32,1
42,32,0
43,32,1
45,32,0
46,32,0
47,32,0
48,32,0
50,32,0
51,32,0
59,32,1
61,32,2
65,32,20
67,32,0
68,32,1
74,32,0
75,32,0
79,32,20
80,32,1
83,32,0
87,32,20
89,32,1
92,32,1
96,32,0
97,32,1
98,32,1
100,32,1
102,32,0
26,35,150
4,40,10000
5,40,1
6,40,100
7,40,1
8,40,1
2,46,0
24,47,500
47,49,0
62,49,0
63,49,0
65,49,10000
66,49,10000
68,49,10000
69,49,10000
70,49,10000
18,53,10
23,53,1
24,53,1
50,53,25
12,61,0
17,61,0
13,68,10
3,75,0
4,75,0
5,75,0
6,75,0
7,75,0
8,75,0
9,75,0
11,75,1
12,75,1
37,84,1000
42,84,100000
43,84,500
62,84,1000
63,84,1000
80,84,500
96,84,100
106,84,100
107,84,100
121,84,1
129,84,1
132,84,1
133,84,1
137,84,1
138,84,100
139,84,100
140,84,100
141,84,100
147,84,1
148,84,1
154,84,1
165,84,1000
168,84,1
169,84,1
170,84,1
171,84,10
199,84,100
2,92,0
5,108,1
48,110,1
115,110,1
3,118,1
24,118,1
25,118,1
26,118,1
24,120,1
27,120,1
30,120,1
36,120,1
38,120,1
39,120,1
40,120,1
42,120,1
54,120,1
55,120,1
1,122,0
2,122,0
13,122,1
14,122,1
15,122,1
18,122,0
2,124,0
6,124,0
21,124,0
22,124,0
25,124,0
42,124,0
48,124,0
57,124,0
58,124,0
66,124,0
3,127,500
1,128,0
3,128,0
4,128,0
5,128,0
6,128,0
7,128,1
8,128,0
9,128,0
10,128,0
11,128,0
13,128,1000
14,128,2
15,128,0
16,128,0
19,128,0
20,128,100
21,128,10
22,128,10
24,128,0
25,128,10
26,128,10
27,128,1
28,128,100
29,128,0
34,128,0
1,132,50000
2,132,0
3,132,0
4,132,0
5,132,10000
6,132,5000
7,132,0
8,132,0
1,135,0
2,135,1
3,135,0
4,135,0
5,135,0
7,135,0
8,135,0
9,135,0
10,135,0
11,135,0
12,135,0
16,135,10
17,135,10
20,135,0
21,135,10
22,135,0
23,135,0
24,135,0
26,135,0
30,135,0
1,137,0
2,137,0
3,137,0
4,137,0
5,137,0
4,139,1
56,141,250
57,141,250
62,141,1
1,148,150
17,148,1
18,148,0
19,148,0
20,148,1
21,148,1
22,148,1
2,151,0
4,151,1
5,151,1
6,151,1
7,151,1
8,151,1
1,152,0
2,152,0
36,152,0
37,152,0
41,152,10
48,152,1
50,152,0
51,152,0
52,152,0
53,152,0
1,155,75
6,155,0
7,155,0
8,155,0
11,155,0
12,155,0
13,155,4096
14,155,0
15,155,4096
16,155,0
11,156,1
12,156,1
13,156,1
15,156,5
20,156,1
16,159,50000
20,159,50000
60,159,30000
16,162,1
1,169,2000
3,169,1
5,169,200
6,169,200
8,169,1000
9,169,1
11,169,1
13,169,1
15,169,1
16,169,1
18,169,1
20,169,1
23,169,1
25,169,1
28,169,1
30,169,0
32,169,0
34,169,1
35,169,1
37,169,1
38,169,1
39,169,1
40,169,1
41,169,1
42,169,1
43,169,1
44,169,1
45,169,1
46,169,1
47,169,1
48,169,1
49,169,1
50,169,1
51,169,1
55,169,1
56,169,1
57,169,1
58,169,1
59,169,1
60,169,1
62,169,1
64,169,1
66,169,0
67,169,1
68,169,1000
71,169,1
74,169,0
77,169,1
78,169,1
81,169,0
83,169,0
86,169,1
88,169,0
89,169,1
92,169,1
93,169,1
94,169,10
95,169,1
97,169,1
3,172,1
4,172,1
5,172,1
6,172,1
11,172,1
13,172,1
14,172,0
15,172,1
19,172,100
22,172,0
25,172,500
26,172,500
27,172,500
28,172,500
40,172,1
41,172,1
42,172,1
43,172,1
3,175,0
4,175,0
5,175,0
3,176,250
1,178,10
10,178,25
12,178,10
2,179,1
5,179,1
6,179,1
7,179,10
8,179,10
11,179,10
12,179,10
1,180,10
2,181,1000000000
3,181,1000
1,182,0
2,182,0
3,182,0
4,182,0
6,182,50
7,182,0
8,182,0
9,182,10
10,182,0
11,182,0
12,182,1000
13,182,0
14,182,500
15,182,0
16,182,0
17,182,0
18,182,50
19,182,0
20,182,0
21,182,0
22,182,500
25,182,0
33,182,0
34,182,0
35,182,0
50,182,0
72,182,0
73,182,0
82,182,0
90,182,0
91,182,0
92,182,0
95,182,0
96,182,0
98,182,0
101,182,0
104,182,500
107,182,50
8,185,500
10,185,500
11,185,0
17,185,500
1,189,0
2,189,0
3,189,0
4,189,0
5,189,0
5,190,1
9,190,1
11,190,10
12,190,10
15,190,100
16,190,100
17,190,10
18,190,10
20,190,10
21,190,10
22,190,1
23,190,10
24,190,10
25,190,10
26,190,10
27,190,10
3,192,2500
6,196,5
7,196,5
8,196,5
15,196,10
45,196,1
50,196,1
3,199,0
5,199,0
6,199,0
8,199,0
9,199,0
10,199,0
1,200,0
2,200,1
3,200,1
1,202,20
2,202,20
3,202,20
8,202,20
11,202,0
12,202,0
21,202,0
24,202,0
25,202,0
26,202,0
27,202,0
34,202,10
35,202,0
40,202,0
44,202,0
50,202,0
51,202,1
52,202,0
59,202,0
60,202,1
61,202,0
62,202,0
63,202,0
75,202,1
76,202,0
77,202,0
80,202,0
93,202,1
94,202,0
95,202,0
103,202,10
104,202,0
105,202,0
107,202,0
108,202,0
112,202,1
113,202,1
116,202,0
119,202,1000
1,203,5
2,203,5
3,203,5
4,203,5
5,203,5
1,204,5
2,204,5
3,204,5
4,204,5
8,204,5
1,208,10000
10,208,0
7,209,1000
2,211,500
17,211,0
1,217,0
2,217,0
3,217,0
7,222,5
8,222,5
9,222,100
10,222,1
21,222,1
25,222,5
26,222,5
27,222,5
2,223,1
3,223,1
1,229,0
1,231,1
1,234,0
7,234,0
8,234,0
9,234,0
11,234,1
15,234,0
17,234,100
18,234,0
1,238,0
2,238,0
3,238,0
4,238,0
5,238,0
6,238,0
7,238,0
6,244,1
13,244,1
14,244,1
15,244,10000
2,247,250
3,247,250
1,248,1
2,248,1
3,248,10
4,248,10
5,248,10
6,248,100000
7,248,100
8,248,100
9,248,1000
10,248,1
11,248,10
13,248,1000
14,248,1000
15,248,1000
17,248,1000
18,248,1000
19,248,10
20,248,10
22,248,1
23,248,10
26,248,1
27,248,10
28,248,10
29,248,10
31,248,1
33,248,1000
34,248,1
35,248,1000
41,248,1
43,248,10
3,249,1000
4,249,1000
5,249,0
8,249,2000
10,249,5
11,249,2000
12,249,2000
13,249,2000
14,249,2000
16,249,10000000
17,249,2000
18,249,0
19,249,0
20,249,0
21,249,0
22,249,0
24,249,2000
25,249,2000
26,249,2000
27,249,20000
28,249,20000
30,249,2000
31,249,2000
32,249,20000
33,249,50000
35,249,10
36,249,2000
37,249,2000
38,249,500
40,249,20000
44,249,0
45,249,0
46,249,0
47,249,0
48,249,1
51,249,100
53,249,1
54,249,1
55,249,1
56,249,1
57,249,0
58,249,0
59,249,2000
60,249,0
61,249,0
62,249,0
63,249,0
64,249,2000
65,249,2000
66,249,100000
67,249,20000
68,249,20000
69,249,20000
70,249,0
71,249,2000
72,249,2000
74,249,500
75,249,2000
76,249,2000
78,249,10
79,249,1
80,249,100
81,249,100
82,249,10
83,249,10
85,249,0
86,249,0
87,249,100
96,249,10
97,249,0
98,249,0
99,249,0
100,249,0
101,249,0
103,249,10
104,249,10
107,249,10
108,249,0
114,249,1
117,249,100
118,249,100
119,249,100
120,249,100
121,249,100
122,249,1
1,252,0
5,252,0
6,252,0
8,252,3000
9,252,0
10,252,0
1,257,0
1,264,100
2,268,1
3,269,0
4,269,0
5,269,0
6,269,0
7,269,0
9,269,100
10,269,100
11,269,100
15,269,0
20,269,1
3,272,0
4,272,0
5,274,10000
4,279,1
8,279,0
1,283,20000
3,283,20000
4,283,20000
5,283,1
6,283,1
7,283,1
8,283,1
9,283,20000
10,283,20000
11,283,1000
12,283,1000
13,283,1000
14,283,1000
15,283,1
16,283,1000
17,283,1
18,283,1000
1,284,10
2,284,5000
2,286,1000
1,287,1
2,287,100
3,287,100
4,287,1
1,289,0
2,289,0
3,289,0
1,290,0
2,290,0
3,290,0
4,290,0
5,290,0
6,290,0
9,290,0
10,290,0
11,290,0
12,290,0
14,290,0
15,290,0
18,290,0
19,290,0
1,293,20
2,293,20
3,293,20
4,293,20
26,293,20
23,294,0
16,297,250
17,297,1
18,297,1
4,299,0
4,302,10
3,303,1
2,307,0
7,307,0
10,307,0
11,307,0
12,307,0
1,313,0
2,313,0
3,313,0
4,313,0
2,314,0
3,314,0
4,314,0
5,314,1
6,314,1
7,314,1
8,314,1
9,314,0
10,314,0
11,314,0
13,314,0
14,314,0
15,314,1
4,315,250
5,315,250
2,316,0
3,316,0
1,318,0
2,318,0
1,319,10
2,319,0
1,320,1000
2,320,1000
3,320,1000
7,325,0
8,325,0
15,325,100
17,325,0
7,326,10000
12,326,100000
1,332,0
2,332,0
3,332,0
4,332,0
4,334,0
1,336,1
1,337,100
2,338,0
4,338,0
5,338,0
8,338,10
10,338,0
11,338,0
1,341,0
2,341,0
5,341,50
7,341,1
1,343,0
2,343,1
1,349,10000
3,349,100
5,349,100000
1,354,0
2,354,0
2,357,0
3,357,1
1,358,1
4,358,0
5,358,0
1,360,1
3,360,1
4,360,1
5,360,1
6,360,1
7,360,1
8,360,1
9,360,1
10,360,0
12,360,1
13,360,1
14,360,1
15,360,1
24,360,1
2,363,0
1,372,0
2,373,0
1,374,1000
1,376,0
7,376,1000
4,383,1
1,385,0
1,388,0
2,388,0
5,391,0
1,397,1
1,407,1
16,408,1
2,409,0
4,409,1234
8,409,0
9,409,0
10,409,0
12,409,0
1,418,1
4,418,1
1,420,1
1,421,0
1,422,1
2,422,1
3,422,1
4,422,1
5,422,1
6,422,1
8,422,1
9,422,1
6,424,100000
1,430,100000
5,430,0
1,431,1
3,431,500
1,434,100
2,434,1000
1,435,0
2,435,0
3,435,0
4,435,0
1,446,0
1,448,0
1,452,1
1,458,0
3,462,10
4,462,1
4,465,10
5,465,1
10,465,200
1,466,1
2,466,1
5,466,1
6,466,1
7,466,1
12,466,10
13,466,1
14,466,1
15,466,1
17,466,1
18,466,1
19,466,1
20,466,1
23,466,100
24,466,1
1,470,0
2,470,0
1,472,1
2,472,1
1,473,1
3,473,1
1,474,1
1,476,1
1,481,0
1,482,0
2,482,0
3,482,0
4,482,0
17,483,0
23,483,0
1,484,0
2,484,0
3,484,1
1,491,1
2,491,1
2,493,1
1,500,0
2,500,0
1,502,25
1,505,1
2,505,50
1,517,0
2,517,3
1,521,0
2,521,0
3,521,0
2,522,1800
3,522,10
8,522,0
10,522,0
1,523,1000
4,523,0
5,523,100
6,523,100
1,526,0
2,526,0
3,526,0
4,526,0
5,526,0
6,526,0
7,526,0
8,526,0
9,526,0
10,526,0
2,531,0
3,531,0
1,545,1000
2,545,1000
3,545,5000
4,545,1000
7,545,1000
8,545,1000
10,545,5
11,545,1
1,548,10
2,548,0
6,553,0
3,559,100
2,560,10
1,562,0
3,562,0
4,562,0
5,562,0
7,562,0
13,563,100
18,563,100
2,565,25
3,565,0
1,572,10
2,573,0
1,574,1
2,574,1
3,574,10000
7,574,10000
10,574,1
31,574,1
1,576,100
1,583,10
2,583,10
1,590,1
1,591,50
2,595,0
3,595,0
4,595,0
5,595,0
6,595,0
7,595,0
3,596,1
4,596,1
1,597,0
2,604,1
4,604,20
5,604,100
10,604,1
1,613,1000
3,613,100
1,617,0
2,617,1000
3,617,0
4,617,0
5,617,1
1,619,1
3,619,0
1,622,0
5,625,0
1,627,0
1,635,1
2,636,10
3,636,10
1,639,1
2,643,1
3,643,1
4,643,1
5,643,1
6,643,1
2,650,1
4,658,0
1,659,1000000
5,676,0
1,689,1
2,689,1
3,689,1
1,721,1000
2,721,1
3,721,1
4,721,200
5,721,200
6,721,100
7,721,100
8,721,1
10,721,1
11,721,1
1,745,1
2,760,1
5,776,1
4,777,1
5,777,1
2,786,1
1,787,10000
2,787,10000
3,787,10000
4,787,10000
2,788,1
1,791,1
2,792,1
1,841,0
379,-3,1
250,-3,1
252,-3,1
253,-3,1
251,-3,1
390,-3,1
249,-3,1
382,-3,1
381,-3,1
119,-3,1
117,-3,1
112,-3,1
118,-3,1
116,-3,1
120,-3,1
153,-3,1
312,-3,1
206,-3,1
205,-3,1
363,-3,1
297,-3,1
113,-3,1
409,-3,1
410,-3,1
421,-3,100
214,-3,1
146,-3,1
293,-3,1
296,-3,1
403,-3,1
404,-3,1
147,-3,1
212,-3,1
356,-3,1
357,-3,1
211,-3,1
340,-3,1
338,-3,1
344,-3,1
342,-3,1
341,-3,1
343,-3,1
386,-3,1
387,-3,1
388,-3,1
337,-3,1
339,-3,1
369,-3,1
370,-3,1
223,-3,1
198,-3,1
407,-3,1
226,-3,1
225,-3,1
392,-3,1
393,-3,1
391,-3,1
826,-3,1
243,-3,1
134,-3,1
418,-3,1
263,-3,1
219,-3,1
411,-3,1
320,-3,1
115,-3,1
180,-3,1
171,-3,1
174,-3,1
183,-3,1
181,-3,1
179,-3,1
182,-3,1
185,-3,1
172,-3,1
175,-3,1
139,-3,1
176,-3,1
108,-3,1
471,-3,1
470,-3,1
472,-3,1
469,-3,1
111,-3,1
107,-3,1
159,-3,1
248,-3,1
433,-3,1
148,-3,1
138,-3,1
150,-3,1
158,-3,1
151,-3,1
149,-3,1
423,-3,1
817,-3,1
422,-3,1
431,-3,1
427,-3,1000
133,-3,1
131,-3,1
482,-3,1
130,-3,1
129,-3,1
114,-3,1
193,-3,1
366,-3,1
459,-3,1
460,-3,1
449,-3,1
450,-3,1
446,-3,1
447,-3,1
424,-3,1
383,-3,1
441,-3,1
439,-3,1
440,-3,1
442,-3,1
443,-3,1
468,-3,1
417,-3,1
315,-3,1
316,-3,1
474,-3,1
462,-3,1
445,-3,1
435,-3,1
436,-3,1
425,-3,1
317,-3,1
458,-3,1
456,-3,1
457,-3,1
466,-3,1
465,-3,1
464,-3,1
455,-3,1
453,-3,1
454,-3,1
346,-3,1
271,-3,1
467,-3,1
478,-3,1
479,-3,1
334,-3,1
350,-3,1
324,-3,1
329,-3,1
323,-3,1
331,-3,1
325,-3,1
349,-3,1
330,-3,1
335,-3,1
318,-3,1
279,-3,1
280,-3,1
281,-3,1
282,-3,1
283,-3,1
284,-3,1
285,-3,1
428,-3,1
481,-3,1
169,-3,1
157,-3,1
161,-3,1
109,-3,1
203,-3,1
168,-3,1
170,-3,1
165,-3,1
166,-3,1
164,-3,1
202,-3,1
272,-3,1
292,-3,1
254,-3,1
207,-3,1
208,-3,1
210,-3,1
209,-3,1
128,-3,1
127,-3,1
213,-3,1
152,-3,1
191,-3,1
364,-3,1
365,-3,1
199,-3,1
224,-3,1
801,-3,1
270,-3,1
353,-3,1
110,-3,1
278,-3,1
276,-3,1
275,-3,1
277,-3,1
274,-3,1
286,-3,1
288,-3,1
246,-3,1
245,-3,1
290,-3,1
242,-3,1
247,-3,1
218,-3,1
351,-3,1
389,-3,1
189,-3,1
322,-3,1
227,-3,1
228,-3,1
229,-3,1
230,-3,1
234,-3,1
233,-3,1
238,-3,1
232,-3,1
235,-3,1
236,-3,1
237,-3,1
231,-3,1
477,-3,1
372,-3,1
299,-3,1
371,-3,1
385,-3,1
319,-3,1
204,-3,1
156,-3,1
314,-3,1
412,-3,1
273,-3,1
256,-3,1
197,-3,1
426,-3,1
196,-3,1
190,-3,1
822,-3,1
373,-3,1
336,-3,1
476,-3,1
132,-3,1
155,-3,1
200,-3,1
313,-3,1
241,-3,1
239,-3,1
328,-3,1
855,-3,1
854,-3,1
327,-3,1
326,-3,1
853,-3,1
852,-3,1
240,-3,1
265,-3,1
264,-3,1
269,-3,1
268,-3,1
827,-3,1
347,-3,1
140,-3,1
220,-3,1
221,-3,1
291,-3,1
367,-3,1
368,-3,1
125,-3,1
121,-3,1
122,-3,1
123,-3,1
124,-3,1
354,-3,1
352,-3,1
812,-3,1
813,-3,1
298,-3,1
419,-3,1
834,-3,1
833,-3,1
840,-3,1
839,-3,1
844,-3,1
838,-3,1
830,-3,1
829,-3,1
831,-3,1
843,-3,1
837,-3,1
137,-3,10
845,-3,500
195,-3,1
194,-3,1
846,-3,1
378,-3,1
374,-3,1
375,-3,1
376,-3,1
216,-3,0
217,-3,0
408,-3,0
310,-3,0
303,-3,0
304,-3,0
307,-3,0
309,-3,0
804,-3,0
429,-3,0
434,-3,0
405,-3,0
345,-3,0
869,-3,0
415,-3,0
23,-4,0
24,-4,0
25,-4,0
26,-4,0
31,-4,0
32,-4,0
33,-4,0
34,-4,0
35,-4,0
300,-4,0
301,-4,1
22,-4,1
27,-4,1
28,-4,1
29,-4,1
36,-4,1
295,-3,1
40,-4,1
41,-4,1
42,-4,1
43,-4,1
44,-4,1
45,-4,1
46,-4,1
50,-4,0
51,-4,0
52,-4,1
70,-4,1
71,-4,1
72,-4,1
73,-4,1
74,-4,1
483,-4,1
484,-4,1
64,6,0
291,10,0
31,190,10
99,202,0
1,303,10000
2,303,10000
6,303,10000
7,303,10000
9,303,10000
10,303,10000
11,303,10000
12,303,10000
13,303,10000
14,303,10000
15,303,10000
17,303,10000
19,303,10000
21,303,10000
25,303,10000
28,303,10000
29,303,10000
31,303,10000
2,342,10000
3,342,10000
6,342,10000
2,431,50000
7,613,100
2,666,1
1,861,1
2,861,1
3,861,1
4,861,1
871,-3,1
862,-3,1
863,-3,1
872,-3,1
821,-3,1
807,-3,1
836,-3,1
848,-3,1
819,-3,1
847,-4,1
851,-4,1
71,7,0
72,7,0
23,128,5000
32,128,10
97,182,0
53,196,100
54,196,1
44,248,10
45,248,10
47,248,1
48,248,5
5,272,1
1,357,0
1,391,100000
2,395,5000
7,424,10000
12,465,10
33,485,0
1,518,10
3,627,0
7,679,0
1,853,1
4,866,10000
5,866,1000000
3,870,1
1,872,0
809,-3,10
437,-3,1
864,-3,1
142,-3,1
215,-3,1
824,-3,1
384,-3,1
808,-3,1
816,-3,1
835,-3,1
841,-3,1
842,-3,1
806,-3,0
805,-3,0
135,-3,0
832,-3,0
295,-4,1
215,-4,1
55,196,1
81,7,1
143,-3,1
141,-3,1
810,-3,1
815,-3,1
