Z_PK,Z_ENT,Z_OPT,ZKIND,ZMETADATA,ZTAG,ZHASPROCESS,Z13_HASPROCESS,ZALLFLOWS,ZBILLCYCLEEND,ZJUMBOFLOWS,ZTIMESTAMP,ZWIFIIN,ZWIFIOUT,ZWIREDIN,ZWIREDOUT,ZWWANIN,ZWWANOUT,ZXIN,ZXOUT
1,9,591,0,0,0,1,13,1630.0,,0.0,606519805.410118,764952.0,30504.0,0.0,0.0,72428.0,0.0,0.0,0.0
2,9,17,1,0,0,2,14,35.0,,0.0,606519805.547605,0.0,0.0,0.0,0.0,216168.0,189672.0,0.0,0.0
3,9,888,0,0,0,3,13,2143.0,,0.0,606519818.50933,152572.0,84289.0,0.0,0.0,8535819.0,4253598.0,0.0,0.0
4,9,1782,0,0,0,4,13,8291.0,,0.0,606519823.156514,28220809.0,10824759.0,16969753.0,17497.0,206160.0,325918.0,0.0,0.0
5,9,512,0,0,0,5,13,1768.0,,0.0,606519823.261477,89425626.0,6174167.0,0.0,0.0,4070993.0,568882.0,0.0,0.0
6,9,486,0,0,0,6,13,981.0,,0.0,606519823.262947,3423377.0,1264329.0,0.0,0.0,1702899.0,344937.0,0.0,0.0
7,9,604,0,0,0,7,13,1434.0,,0.0,606519823.264457,20054664.0,15285861.0,0.0,0.0,409092.0,337411.0,0.0,0.0
8,9,193,0,0,0,8,13,521.0,,0.0,606519823.303027,1480753.0,936999.0,0.0,0.0,851979.0,412499.0,0.0,0.0
9,9,6,0,0,0,9,13,14.0,,0.0,606519823.308118,34355.0,13631.0,0.0,0.0,7097.0,3227.0,0.0,0.0
10,9,393,0,0,0,10,13,1069.0,,0.0,606519823.310933,5984310.0,2066935.0,0.0,0.0,868773.0,365345.0,0.0,0.0
11,9,24,0,0,0,11,13,42.0,,0.0,606519823.312721,215050.0,82711.0,0.0,0.0,59590.0,22787.0,0.0,0.0
12,9,387,0,0,0,12,13,3273.0,,0.0,606519823.315574,27609944.0,21087234.0,0.0,0.0,1120804.0,823206.0,0.0,0.0
13,9,342,0,0,0,13,13,1413.0,,0.0,606519823.490625,122469.0,98188.0,0.0,0.0,9237.0,7592.0,0.0,0.0
14,9,1590,0,0,0,14,13,3443.0,,0.0,606519854.754708,9809183.0,14614282.0,0.0,0.0,5553680.0,8105123.0,0.0,0.0
15,9,51,1,0,0,15,14,162.0,,0.0,606519855.763229,540044.0,69968.0,0.0,0.0,432273.0,57021.0,0.0,0.0
16,9,3,0,0,0,16,13,3.0,,0.0,606519855.780073,372137.0,18223.0,0.0,0.0,368288.0,21169.0,0.0,0.0
17,9,234,0,0,0,17,13,1276.0,,13.0,606519855.855913,1233858740.0,36530300.0,0.0,0.0,1033038.0,224105.0,0.0,0.0
18,9,762,0,0,0,18,13,2401.0,,0.0,606519856.001384,19559435.0,6560437.0,0.0,0.0,2712591.0,1118142.0,0.0,0.0
19,9,110,1,0,0,19,14,1611.0,,10.0,606519856.153046,982998865.0,25393795.0,0.0,0.0,1338866743.0,34485370.0,0.0,0.0
20,9,10,0,0,0,20,13,9.0,,0.0,606519856.155993,52649.0,26576.0,0.0,0.0,94900.0,31548.0,0.0,0.0
21,9,178,0,0,0,21,13,328.0,,0.0,606519857.698406,1487966.0,347834.0,0.0,0.0,157970.0,48182.0,0.0,0.0
22,9,405,0,0,0,22,13,1955.0,,7.0,606519858.449368,2614732736.0,38862651.0,0.0,0.0,1072930.0,136014.0,0.0,0.0
23,9,1,0,0,0,23,13,1.0,,0.0,606519858.453988,0.0,0.0,0.0,0.0,21543.0,2907.0,0.0,0.0
24,9,9,0,0,0,24,13,46.0,,0.0,606519876.661298,251367.0,70723.0,0.0,0.0,7453.0,2599.0,0.0,0.0
25,9,636,0,0,0,25,13,6069.0,,0.0,606519876.916397,5756275.0,2120285.0,0.0,0.0,981653.0,376916.0,0.0,0.0
26,9,667,0,0,0,26,13,1346.0,,0.0,606519981.819672,40880819.0,527321820.0,0.0,0.0,1794712.0,1254584.0,0.0,0.0
27,9,60,0,0,0,27,13,179.0,,0.0,606520063.896162,525162.0,258974.0,0.0,0.0,421269.0,206379.0,0.0,0.0
28,9,19,0,0,0,28,13,32.0,,0.0,606520063.900675,82886.0,30942.0,0.0,0.0,128893.0,60467.0,0.0,0.0
29,9,34,0,0,0,29,13,77.0,,0.0,606520064.244345,858183.0,121747.0,0.0,0.0,374514.0,232403.0,0.0,0.0
30,9,4,0,0,0,30,13,12.0,,0.0,606520064.266823,0.0,0.0,0.0,0.0,47000.0,17697.0,0.0,0.0
31,9,96,0,0,0,31,13,254.0,,0.0,606520079.904521,9100853.0,504497.0,0.0,0.0,13755.0,5166.0,0.0,0.0
32,9,33,0,0,0,32,13,107.0,,0.0,606520079.908249,2584021.0,229386.0,0.0,0.0,141140.0,14831.0,0.0,0.0
33,9,41,0,0,0,33,13,59.0,,0.0,606520079.915904,273886.0,166513.0,0.0,0.0,155736.0,106714.0,0.0,0.0
34,9,32,0,0,0,34,13,59.0,,0.0,606520081.322524,302206.0,133586.0,0.0,0.0,58580.0,31838.0,0.0,0.0
35,9,953,0,0,0,35,13,6812.0,,0.0,606520081.323555,48555878.0,12799080.0,0.0,0.0,16332714.0,2179384.0,0.0,0.0
36,9,37,0,0,0,36,13,138.0,,0.0,606520083.830888,797689.0,234766.0,0.0,0.0,99891.0,59273.0,0.0,0.0
37,9,25,0,0,0,37,13,42.0,,0.0,606520085.693523,203350.0,77944.0,0.0,0.0,23703.0,11161.0,0.0,0.0
38,9,6,0,0,0,38,13,5.0,,0.0,606520086.190068,19983.0,58746.0,0.0,0.0,6763.0,20747.0,0.0,0.0
39,9,316,0,0,0,39,13,730.0,,0.0,606520086.693162,2868097.0,1378517.0,0.0,0.0,629095.0,648680.0,0.0,0.0
40,9,16,0,0,0,40,13,29.0,,0.0,606520093.638117,0.0,0.0,0.0,0.0,297452.0,244731.0,0.0,0.0
41,9,90,0,0,0,41,13,246.0,,2.0,606520094.634138,254998.0,78283.0,11044547.0,490551858.0,50719.0,19747.0,0.0,0.0
42,9,166,0,0,0,42,13,385.0,,0.0,606520094.927664,1363237.0,805761.0,0.0,0.0,96883.0,60612.0,0.0,0.0
43,9,537,0,0,0,43,13,1595.0,,0.0,606520110.867024,4447843.0,11582070.0,0.0,0.0,3877778.0,3768288.0,0.0,0.0
44,9,3,0,0,0,44,13,2.0,,0.0,606520110.871005,0.0,0.0,0.0,0.0,11968.0,4778.0,0.0,0.0
45,9,145,0,0,0,45,13,276.0,,0.0,606520111.283204,2937738.0,482133.0,0.0,0.0,225606.0,34928.0,0.0,0.0
46,9,65,0,0,0,46,13,99.0,,0.0,606520142.863267,667627.0,203319.0,0.0,0.0,131892.0,37861.0,0.0,0.0
47,9,8,0,0,0,47,13,36.0,,0.0,606520151.8812,12076540.0,290432.0,0.0,0.0,748711.0,49060.0,0.0,0.0
48,9,40,0,0,0,48,13,33.0,,0.0,606520157.08642,204291.0,141994.0,0.0,0.0,142340.0,103952.0,0.0,0.0
49,9,450,0,0,0,49,13,1698.0,,0.0,606520157.092215,89252204.0,5687587.0,0.0,0.0,4806674.0,1151885.0,0.0,0.0
50,9,19,0,0,0,50,13,27.0,,0.0,606520157.095463,53434.0,35874.0,0.0,0.0,81733.0,63741.0,0.0,0.0
51,9,146,1,0,0,51,14,327.0,,0.0,606520157.100614,1693089.0,787775.0,0.0,0.0,392413.0,211365.0,0.0,0.0
52,9,9,0,0,0,52,13,12.0,,0.0,606520157.115087,0.0,0.0,0.0,0.0,51514.0,27815.0,0.0,0.0
53,9,31,0,0,0,53,13,54.0,,0.0,606520157.119646,196163.0,105410.0,0.0,0.0,97456.0,56385.0,0.0,0.0
54,9,15,0,0,0,54,13,22.0,,0.0,606520159.223709,139863.0,32459.0,0.0,0.0,21686.0,5714.0,0.0,0.0
55,9,5,0,0,0,55,13,9.0,,0.0,606520159.226415,12307.0,7371.0,0.0,0.0,23795.0,24324.0,0.0,0.0
56,9,75,0,0,0,56,13,224.0,,0.0,606520159.583709,412751.0,394204.0,0.0,0.0,377928.0,474364.0,0.0,0.0
57,9,160,1,0,0,57,14,682.0,,0.0,606520161.73523,2084630.0,1266230.0,0.0,0.0,1572850.0,697998.0,0.0,0.0
58,9,2,0,0,0,58,13,10.0,,0.0,606520162.741589,0.0,0.0,0.0,0.0,51117.0,31184.0,0.0,0.0
59,9,176,1,0,0,59,14,497.0,,0.0,606520167.005519,1599870.0,1130390.0,0.0,0.0,723896.0,454757.0,0.0,0.0
60,9,143,0,0,0,60,13,508.0,,0.0,606520167.427791,11253808.0,1189729.0,0.0,0.0,110492.0,29970.0,0.0,0.0
61,9,1,0,0,0,61,13,2.0,,0.0,606520168.615691,0.0,0.0,0.0,0.0,10558.0,4006.0,0.0,0.0
62,9,149,0,0,0,62,13,269.0,,0.0,606520172.385949,48876854.0,1906263.0,0.0,0.0,884889.0,176532.0,0.0,0.0
63,9,88,0,0,0,63,13,222.0,,0.0,606520173.139761,221692.0,149048.0,0.0,0.0,19903.0,21328.0,0.0,0.0
64,9,284,1,0,0,64,14,46.0,,0.0,606520176.060417,238922.0,49020.0,0.0,0.0,169968.0,36193.0,0.0,0.0
65,9,1095,0,0,0,65,13,7422.0,,0.0,606520176.062043,454879979.0,41248004.0,0.0,0.0,6966534.0,764419.0,0.0,0.0
66,9,33,1,0,0,66,14,161.0,,0.0,606520179.785798,1245874.0,317028.0,0.0,0.0,195657.0,54669.0,0.0,0.0
67,9,5,1,0,0,67,14,13.0,,0.0,606520181.387042,0.0,0.0,0.0,0.0,189330.0,18844.0,0.0,0.0
68,9,254,1,0,0,68,14,1299.0,,0.0,606520181.389614,4242006.0,1561731.0,0.0,0.0,343934.0,157351.0,0.0,0.0
69,9,44,0,0,0,69,13,218.0,,0.0,606520203.068326,1052711.0,327438.0,0.0,0.0,67115.0,26248.0,0.0,0.0
70,9,89,1,0,0,70,14,176.0,,0.0,606520209.543306,656401.0,205078.0,0.0,0.0,563302.0,166446.0,0.0,0.0
71,9,2,0,0,0,71,13,2.0,,0.0,606520218.601883,5697.0,2227.0,0.0,0.0,5990.0,2395.0,0.0,0.0
72,9,756,0,0,0,72,13,2804.0,,0.0,606520231.546835,795938.0,606384.0,0.0,0.0,160962.0,107720.0,0.0,0.0
73,9,2,1,0,0,73,14,21.0,,0.0,606520382.767046,0.0,0.0,0.0,0.0,437905.0,57320.0,0.0,0.0
74,9,2,1,0,0,74,14,13.0,,0.0,606520482.804471,0.0,0.0,0.0,0.0,47480.0,10422.0,0.0,0.0
75,9,2,1,0,0,75,14,7.0,,0.0,606520692.433373,0.0,0.0,0.0,0.0,96373.0,107515.0,0.0,0.0
76,9,17,0,0,0,76,13,16.0,,0.0,606520995.263826,160708.0,111329.0,0.0,0.0,74029.0,72692.0,0.0,0.0
77,9,49,0,0,0,77,13,103.0,,0.0,606521814.958468,425957.0,188739.0,0.0,0.0,9199.0,3734.0,0.0,0.0
78,9,3,0,0,0,78,13,5.0,,0.0,606524574.488334,644.0,9833.0,0.0,0.0,4698.0,3088.0,0.0,0.0
79,9,11,0,0,0,79,13,6.0,,0.0,606524574.503487,47731.0,16306.0,0.0,0.0,31650.0,9793.0,0.0,0.0
80,9,21,0,0,0,80,13,34.0,,0.0,606524574.766249,3599494.0,193953.0,0.0,0.0,32944.0,18054.0,0.0,0.0
81,9,50,0,0,0,81,13,134.0,,0.0,606525167.078731,1219152.0,8132466.0,0.0,0.0,238710.0,144678.0,0.0,0.0
82,9,35,1,0,0,82,14,5.0,,0.0,606525167.121263,16647.0,11435.0,0.0,0.0,10476.0,6262.0,0.0,0.0
83,9,8,0,0,0,83,13,8.0,,0.0,606525354.581118,81162.0,46442.0,0.0,0.0,30248.0,23923.0,0.0,0.0
84,9,10,1,0,0,84,14,47.0,,0.0,606530933.66625,40790.0,6665.0,0.0,0.0,202794.0,154211.0,0.0,0.0
85,9,1031,0,0,0,85,13,3983.0,,3.0,606530962.659918,2064448601.0,79266179.0,0.0,0.0,4019772.0,1939633.0,0.0,0.0
86,9,22,0,0,0,86,13,28.0,,0.0,606530969.124757,111712.0,38097.0,0.0,0.0,40715.0,16202.0,0.0,0.0
87,9,2,0,0,0,87,13,1.0,,0.0,606531126.940677,0.0,0.0,0.0,0.0,5937.0,2465.0,0.0,0.0
88,9,1,0,0,0,88,13,1.0,,0.0,606531128.23775,0.0,0.0,0.0,0.0,4547.0,5448.0,0.0,0.0
89,9,27,1,0,0,89,14,73.0,,0.0,606531136.614732,1993424.0,294558.0,0.0,0.0,13096.0,9131.0,0.0,0.0
90,9,9,0,0,0,90,13,11.0,,0.0,606531414.475094,43302.0,14451.0,0.0,0.0,14149.0,6012.0,0.0,0.0
91,9,123,1,0,0,91,14,1873.0,,6.0,606531486.680188,788332005.0,21261363.0,0.0,0.0,821162.0,62700.0,0.0,0.0
92,9,384,0,0,0,92,13,755.0,,0.0,606532133.490123,3846996.0,1257093.0,0.0,0.0,8680.0,2723.0,0.0,0.0
93,9,19,1,0,0,93,14,1.0,,0.0,606532133.491852,0.0,0.0,0.0,0.0,8792.0,2686.0,0.0,0.0
94,9,35,1,0,0,94,14,1678.0,,0.0,606532133.539835,71669747.0,7054286.0,0.0,0.0,652682.0,86795.0,0.0,0.0
95,9,357,1,0,0,95,14,1119.0,,0.0,606532290.369534,6959397.0,3924548.0,0.0,0.0,6062597.0,437055.0,0.0,0.0
96,9,19,1,0,0,96,14,40.0,,0.0,606532592.359903,324201.0,54461.0,0.0,0.0,1444148.0,170844.0,0.0,0.0
97,9,7,0,0,0,97,13,31.0,,0.0,606532677.439136,75712.0,33983.0,0.0,0.0,15406.0,7057.0,0.0,0.0
98,9,100,0,0,0,98,13,439.0,,17.0,606533330.941991,342099.0,73974.0,5991059.0,3183157109.0,58958.0,15188.0,0.0,0.0
99,9,6,0,0,0,99,13,6.0,,0.0,606535218.151105,46667.0,12027.0,0.0,0.0,10917.0,3018.0,0.0,0.0
100,9,7,1,0,0,100,14,3.0,,0.0,606535253.067298,103.0,55.0,0.0,0.0,213.0,110.0,0.0,0.0
101,9,203,0,0,0,101,13,884.0,,0.0,606538628.727597,12706465.0,2773161.0,0.0,0.0,201699.0,50523.0,0.0,0.0
102,9,139,1,0,0,102,14,326.0,,0.0,606539125.794134,1915452.0,23529349.0,0.0,0.0,403617.0,2994333.0,0.0,0.0
103,9,86,0,0,0,103,13,465.0,,0.0,606539128.425224,1439535.0,1183924.0,0.0,0.0,39557.0,30632.0,0.0,0.0
104,9,112,0,0,0,104,13,284.0,,0.0,606539128.98359,2406786.0,4078728.0,0.0,0.0,137916.0,87950.0,0.0,0.0
105,9,70,1,0,0,105,14,272.0,,0.0,606539193.789516,1315261.0,297145.0,0.0,0.0,8558433.0,1496589.0,2501956.0,456010.0
106,9,6,0,0,0,106,13,31.0,,0.0,606541207.49233,38028.0,13517.0,0.0,0.0,28646.0,10721.0,0.0,0.0
107,9,26,0,0,0,107,13,26.0,,0.0,606562785.603486,194751.0,57477.0,0.0,0.0,16930.0,5466.0,0.0,0.0
108,9,156,0,0,0,108,13,233.0,,0.0,606574970.62566,1100383.0,1565842.0,0.0,0.0,131964.0,307848.0,0.0,0.0
109,9,16,1,0,0,109,14,166.0,,0.0,606575013.236688,125309.0,63761.0,0.0,0.0,12395897.0,1214089.0,0.0,0.0
110,9,20,1,0,0,110,14,133.0,,0.0,606578406.814846,58675.0,65763.0,0.0,0.0,5902263.0,1612248.0,0.0,0.0
111,9,22,1,0,0,111,14,525.0,,1.0,606581971.751695,7712843.0,752335.0,0.0,0.0,163060230.0,6620510.0,0.0,0.0
112,9,121,1,0,0,112,14,282.0,,0.0,606582909.204287,415296.0,214364.0,0.0,0.0,2438526.0,6001928.0,0.0,0.0
113,9,55,0,0,0,113,13,55.0,,0.0,606583323.585015,433559.0,233644.0,0.0,0.0,34836.0,20065.0,0.0,0.0
114,9,21,1,0,0,114,14,183.0,,0.0,606595063.036189,28999416.0,8488163.0,0.0,0.0,15820000.0,628856.0,0.0,0.0
115,9,40,0,0,0,115,13,80.0,,0.0,606596405.051421,34892.0,12806.0,0.0,0.0,0.0,0.0,0.0,0.0
116,9,99,0,0,0,116,13,198.0,,0.0,606596410.219259,546482.0,274416.0,0.0,0.0,0.0,0.0,0.0,0.0
117,9,40,1,0,0,117,14,112.0,,0.0,606596410.55111,1541185.0,14210563.0,0.0,0.0,0.0,0.0,0.0,0.0
118,9,35,0,0,0,118,13,196.0,,0.0,606596768.775313,1968587.0,590682.0,0.0,0.0,22502.0,8521.0,0.0,0.0
119,9,21,0,0,0,119,13,19.0,,0.0,606596777.658475,183796.0,122546.0,0.0,0.0,0.0,0.0,0.0,0.0
120,9,64,1,0,0,120,14,1065.0,,0.0,606597226.217475,9608552.0,4252536.0,0.0,0.0,62555.0,35891.0,0.0,0.0
121,9,50,0,0,0,121,13,255.0,,0.0,606597228.011454,190357.0,137634.0,0.0,0.0,252.0,102.0,0.0,0.0
122,9,37,1,0,0,122,14,233.0,,0.0,606597670.675068,42472125.0,13159928.0,0.0,0.0,0.0,0.0,0.0,0.0
123,9,47,0,0,0,123,13,155.0,,0.0,606597693.268433,746962.0,232563.0,0.0,0.0,0.0,0.0,0.0,0.0
124,9,26,0,0,0,124,13,67.0,,0.0,606597705.341467,194351.0,103618.0,0.0,0.0,168426.0,183616.0,0.0,0.0
125,9,28,0,0,0,125,13,116.0,,0.0,606597736.047872,8777211.0,1353972.0,0.0,0.0,0.0,0.0,0.0,0.0
126,9,217,0,0,0,126,13,238.0,,0.0,606598444.574859,2718478.0,2098778.0,0.0,0.0,0.0,0.0,0.0,0.0
127,9,15,1,0,0,127,14,121.0,,0.0,606618194.286053,3348795.0,836927.0,0.0,0.0,0.0,0.0,0.0,0.0
128,9,54,1,0,0,128,14,569.0,,1.0,606619291.565296,274419749.0,6248914.0,0.0,0.0,0.0,0.0,0.0,0.0
129,9,11,1,0,0,129,14,108.0,,0.0,606620257.629092,6017609.0,1757300.0,0.0,0.0,12204.0,15216.0,0.0,0.0
130,9,21,1,0,0,130,14,55.0,,0.0,606621803.222505,2577548.0,1263742.0,0.0,0.0,0.0,0.0,0.0,0.0
131,9,26,0,0,0,131,13,103.0,,0.0,606689802.129355,621931.0,189836.0,0.0,0.0,0.0,0.0,0.0,0.0
132,9,43,1,0,0,132,14,5538.0,,0.0,606704641.19942,169512132.0,27538382.0,0.0,0.0,0.0,0.0,0.0,0.0
133,9,21,1,0,0,133,14,462.0,,0.0,606705088.444523,16247848.0,11924065.0,0.0,0.0,0.0,0.0,0.0,0.0
134,9,63,1,0,0,134,14,311.0,,0.0,606705473.357826,17679946.0,1425138.0,0.0,0.0,0.0,0.0,0.0,0.0
135,9,607,1,0,0,135,14,559.0,,0.0,606705605.536862,13000131.0,2190798.0,0.0,0.0,2354.0,1548.0,0.0,0.0
136,9,11,1,0,0,136,14,55.0,,0.0,606705671.968764,1696467.0,867257.0,0.0,0.0,0.0,0.0,0.0,0.0
137,9,20,1,0,0,137,14,127.0,,0.0,606705849.639233,20047467.0,12097468.0,0.0,0.0,5716.0,20704.0,0.0,0.0
138,9,51,1,0,0,138,14,344.0,,0.0,606705943.837215,59786615.0,1292412.0,0.0,0.0,0.0,0.0,0.0,0.0
139,9,90,1,0,0,139,14,359.0,,0.0,606706528.014464,37277975.0,1999890.0,0.0,0.0,0.0,0.0,0.0,0.0
140,9,16,1,0,0,140,14,260.0,,0.0,606706705.234124,4991516.0,799436.0,0.0,0.0,0.0,0.0,0.0,0.0
141,9,31,1,0,0,141,14,149.0,,0.0,606707513.432504,8710721.0,9456340.0,0.0,0.0,0.0,0.0,0.0,0.0
142,9,87,1,0,0,142,14,365.0,,0.0,606707710.231808,1534459.0,655093.0,0.0,0.0,558.0,278.0,0.0,0.0
143,9,89,1,0,0,143,14,360.0,,0.0,606707837.331685,12278754.0,10625970.0,0.0,0.0,43603.0,51671.0,0.0,0.0
144,9,2,1,0,0,144,14,1.0,,0.0,606747074.975694,103.0,55.0,0.0,0.0,0.0,0.0,0.0,0.0
145,9,29,1,0,0,145,14,1398.0,,0.0,606789937.753457,18520064.0,8814344.0,0.0,0.0,0.0,0.0,0.0,0.0
146,9,8,1,0,0,146,14,10.0,,0.0,606854969.190335,13263.0,5238.0,0.0,0.0,0.0,0.0,0.0,0.0
147,9,137,0,0,0,147,13,133.0,,0.0,606855051.07918,2731866.0,945434.0,0.0,0.0,17626.0,5859.0,0.0,0.0
148,9,64,1,0,0,148,14,409.0,,3.0,606855404.77313,1350289703.0,18160333.0,0.0,0.0,4507702.0,415024.0,45132.0,31895.0
149,9,7,1,0,0,149,14,8.0,,0.0,606856905.845326,141463.0,24908.0,0.0,0.0,0.0,0.0,0.0,0.0
150,9,8,0,0,0,150,13,20.0,,0.0,606865262.474426,110827.0,56318.0,0.0,0.0,0.0,0.0,0.0,0.0
151,9,23,1,0,0,151,14,6.0,,0.0,606877812.163874,133918.0,18547.0,0.0,0.0,0.0,0.0,0.0,0.0
152,9,17,1,0,0,152,14,287.0,,0.0,606877855.972715,45298118.0,11125150.0,0.0,0.0,0.0,0.0,0.0,0.0
153,9,4,0,0,0,153,13,5.0,,0.0,606885000.050461,3505757.0,71915.0,0.0,0.0,49414.0,12562.0,0.0,0.0
154,9,392,0,0,0,154,13,1368.0,,0.0,606994051.53059,8710004.0,5389777.0,0.0,0.0,0.0,0.0,0.0,0.0
155,9,5,0,0,0,155,13,21.0,,0.0,607027274.823479,8915827.0,2053647.0,0.0,0.0,0.0,0.0,0.0,0.0
156,9,11,1,0,0,156,14,113.0,,0.0,607048584.966804,626268.0,465730.0,0.0,0.0,0.0,0.0,0.0,0.0
157,9,5,0,0,0,157,13,3.0,,0.0,607052611.518866,36422.0,13403.0,0.0,0.0,0.0,0.0,0.0,0.0
158,9,2,0,0,0,158,13,7.0,,0.0,607052716.265094,126582.0,2658094.0,0.0,0.0,0.0,0.0,0.0,0.0
159,9,15,1,0,0,159,14,142.0,,0.0,607260361.523947,951642.0,674089.0,0.0,0.0,110581.0,103341.0,0.0,0.0
160,9,14,1,0,0,160,14,68.0,,0.0,607276436.076119,723478.0,579172.0,0.0,0.0,0.0,0.0,0.0,0.0
161,9,2,0,0,0,161,13,17.0,,0.0,607276803.70104,30235.0,17519.0,0.0,0.0,227.0,500.0,0.0,0.0
162,9,22,1,0,0,162,14,125.0,,0.0,607277029.475529,299397.0,222039.0,0.0,0.0,16337.0,9859.0,0.0,0.0
163,9,7,1,0,0,163,14,60.0,,0.0,607290349.391758,204999.0,148888.0,0.0,0.0,0.0,0.0,0.0,0.0
164,9,37,1,0,0,164,14,124.0,,0.0,607527605.520568,1958680.0,1843224.0,0.0,0.0,20091.0,20544.0,0.0,0.0
165,9,34,1,0,0,165,14,547.0,,0.0,607527627.1633,4050325.0,1543847.0,0.0,0.0,610704.0,143083.0,0.0,0.0
166,9,41,1,0,0,166,14,147.0,,0.0,607527637.018684,3211348.0,4063309.0,0.0,0.0,0.0,0.0,0.0,0.0
167,9,2,0,0,0,167,13,2.0,,0.0,607528106.133663,9696.0,6808.0,0.0,0.0,0.0,0.0,0.0,0.0
168,9,706,1,0,0,168,14,9030.0,,0.0,607623611.078937,137433649.0,32022070.0,0.0,0.0,825956.0,669288.0,0.0,0.0
169,9,110,1,0,0,169,14,271.0,,0.0,607632663.943616,641252.0,416232.0,0.0,0.0,35833.0,26639.0,0.0,0.0
170,9,4,0,0,0,170,13,10.0,,0.0,607710121.271827,49129.0,24727.0,0.0,0.0,0.0,0.0,0.0,0.0
171,9,14,1,0,0,171,14,49.0,,0.0,607714045.439571,1190479.0,709226.0,0.0,0.0,0.0,0.0,0.0,0.0
172,9,3,0,0,0,172,13,3.0,,0.0,607726345.737461,22557.0,19076.0,0.0,0.0,7297.0,7494.0,0.0,0.0
173,9,2,0,0,0,173,13,2.0,,0.0,607729953.471615,9450.0,13355.0,0.0,0.0,24198.0,8696.0,0.0,0.0
174,9,2,0,0,0,174,13,2.0,,0.0,607730864.577184,6159.0,1606.0,0.0,0.0,6251.0,1606.0,0.0,0.0
175,9,20,1,0,0,15,14,108.0,,0.0,607739692.879707,180398.0,30333.0,0.0,0.0,42088.0,6881.0,0.0,0.0
176,9,51,1,0,0,19,14,397.0,,4.0,607739692.87163,455281117.0,6746408.0,0.0,0.0,0.0,0.0,0.0,0.0
177,9,123,1,0,0,51,14,350.0,,0.0,607739724.36639,2107092.0,968761.0,0.0,0.0,31020.0,16370.0,0.0,0.0
178,9,103,1,0,0,64,14,76.0,,0.0,607739935.29417,3309615.0,326631.0,0.0,0.0,6746.0,10411.0,0.0,0.0
179,9,317,1,0,0,95,14,913.0,,0.0,607742021.355139,5021628.0,3100382.0,0.0,0.0,133715.0,40044.0,0.0,0.0
180,9,23,1,0,0,66,14,154.0,,0.0,607742010.653751,1565333.0,391179.0,0.0,0.0,0.0,0.0,0.0,0.0
181,9,129,1,0,0,102,14,463.0,,0.0,607755719.952189,3896212.0,41317574.0,0.0,0.0,1194285.0,28955636.0,0.0,0.0
182,9,75,1,0,0,105,14,640.0,,0.0,607758962.506242,1362498.0,514168.0,0.0,0.0,9255399.0,1725520.0,3127059.0,413305.0
183,9,126,1,0,0,59,14,349.0,,0.0,607773062.937412,1669542.0,922915.0,0.0,0.0,63601.0,34376.0,0.0,0.0
184,9,123,1,0,0,57,14,439.0,,0.0,607773062.719572,2331271.0,1403130.0,0.0,0.0,0.0,0.0,0.0,0.0
185,9,2,1,0,0,89,14,0.0,,0.0,607779021.382701,0.0,0.0,0.0,0.0,0.0,0.0,0.0,0.0
186,9,10,1,0,0,175,14,7.0,,0.0,607779199.888994,36656.0,8969.0,0.0,0.0,0.0,0.0,0.0,0.0
187,9,57,1,0,0,91,14,812.0,,4.0,607786842.605771,669163094.0,19497666.0,0.0,0.0,132925.0,24156.0,0.0,0.0
188,9,88,1,0,0,112,14,151.0,,0.0,607792676.888877,532217.0,246581.0,0.0,0.0,2092.0,5668.0,0.0,0.0
189,9,6,1,0,0,68,14,33.0,,0.0,607803041.445223,201168.0,70472.0,0.0,0.0,0.0,0.0,0.0,0.0
190,9,7,1,0,0,93,14,2.0,,0.0,607805592.10608,8447.0,2223.0,0.0,0.0,0.0,0.0,0.0,0.0
191,9,34,1,0,0,120,14,284.0,,0.0,607806913.888836,2344740.0,792546.0,0.0,0.0,30085.0,10363.0,0.0,0.0
192,9,14,1,0,0,117,14,55.0,,0.0,607823406.681799,927384.0,21598570.0,0.0,0.0,0.0,0.0,0.0,0.0
193,9,35,1,0,0,70,14,85.0,,0.0,607823484.295325,732783.0,225159.0,0.0,0.0,41958.0,8006.0,0.0,0.0
194,9,1,1,0,0,73,14,2.0,,0.0,607828051.91353,320988.0,13593.0,0.0,0.0,0.0,0.0,0.0,0.0
195,9,69,1,0,0,176,14,378.0,,1.0,607828439.730167,47326301.0,49547855.0,0.0,0.0,89084.0,35918.0,0.0,0.0
196,9,14,1,0,0,94,14,91.0,,0.0,607828522.190794,6795713.0,455975.0,0.0,0.0,0.0,0.0,0.0,0.0
197,9,17,1,0,0,177,14,434.0,,0.0,607828766.526938,13318301.0,11867071.0,0.0,0.0,688791.0,197713.0,0.0,0.0
198,9,27,1,0,0,128,14,169.0,,0.0,607879380.367697,9515420.0,600401.0,0.0,0.0,67455.0,9070.0,0.0,0.0
199,9,13,1,0,0,111,14,393.0,,0.0,607893143.102206,21267950.0,1244442.0,0.0,0.0,0.0,0.0,0.0,0.0
200,9,29,1,0,0,82,14,14.0,,0.0,607912190.308176,927.0,605.0,0.0,0.0,529.0,275.0,0.0,0.0
201,9,43,1,0,0,139,14,142.0,,0.0,607916861.068148,2565822.0,371331.0,0.0,0.0,0.0,0.0,0.0,0.0
202,9,66,1,0,0,134,14,970.0,,0.0,607936485.295645,72124949.0,11652641.0,0.0,0.0,10065489.0,1395418.0,0.0,0.0
203,9,86,1,0,0,142,14,610.0,,0.0,607951557.206557,3939261.0,1638687.0,0.0,0.0,468734.0,141301.0,0.0,0.0
204,9,30,1,0,0,143,14,158.0,,0.0,607951555.839794,303143.0,143188.0,0.0,0.0,66575.0,42244.0,0.0,0.0
205,9,309,1,0,0,135,14,674.0,,0.0,607956208.80117,29809709.0,3309541.0,0.0,0.0,603038.0,50455.0,0.0,0.0
206,9,45,1,0,0,138,14,819.0,,0.0,607967841.374908,37749005.0,4509816.0,0.0,0.0,21594013.0,376634.0,0.0,0.0
207,9,51,1,0,0,132,14,1855.0,,1.0,607991685.733619,271381311.0,7435334.0,0.0,0.0,496279.0,83562.0,0.0,0.0
208,9,9,1,0,0,114,14,61.0,,0.0,608038200.855888,5907154.0,299261.0,0.0,0.0,0.0,0.0,0.0,0.0
209,9,11,1,0,0,145,14,663.0,,0.0,608238690.922163,5967664.0,1810545.0,0.0,0.0,509856.0,199933.0,0.0,0.0
210,9,33,1,0,0,110,14,182.0,,0.0,608320674.81763,6430206.0,696902.0,0.0,0.0,1543059.0,245637.0,0.0,0.0
211,9,21,1,0,0,122,14,156.0,,0.0,608321021.087822,1499356.0,246843.0,0.0,0.0,2455864.0,232241.0,0.0,0.0
212,9,12,1,0,0,127,14,109.0,,0.0,608321108.468128,403909.0,155883.0,0.0,0.0,4977590.0,389994.0,0.0,0.0
213,9,8,1,0,0,129,14,69.0,,0.0,608321163.56869,136994.0,65252.0,0.0,0.0,391539.0,120637.0,0.0,0.0
214,9,13,1,0,0,130,14,24.0,,0.0,608321205.614412,42042.0,24635.0,0.0,0.0,19161.0,11310.0,0.0,0.0
215,9,12,1,0,0,133,14,176.0,,0.0,608321245.233508,600791.0,225134.0,0.0,0.0,834375.0,327598.0,0.0,0.0
216,9,11,1,0,0,136,14,25.0,,0.0,608321307.297631,82221.0,89153.0,0.0,0.0,198590.0,93217.0,0.0,0.0
217,9,12,1,0,0,141,14,111.0,,0.0,608322197.867115,89098.0,40727.0,0.0,0.0,99201.0,43388.0,0.0,0.0
218,9,4,1,0,0,178,14,132.0,,0.0,608322886.513331,0.0,0.0,0.0,0.0,799230.0,402142.0,0.0,0.0
219,9,4,0,0,0,179,13,14.0,,0.0,608324950.864771,34464.0,19516.0,0.0,0.0,0.0,0.0,0.0,0.0
220,9,1,1,0,0,180,14,3.0,,0.0,608346761.23219,19998.0,6229.0,0.0,0.0,0.0,0.0,0.0,0.0
221,9,4,1,0,0,100,14,3.0,,0.0,608390026.835368,309.0,165.0,0.0,0.0,0.0,0.0,0.0,0.0
222,9,1,1,0,0,144,14,0.0,,0.0,608390530.934292,0.0,0.0,0.0,0.0,0.0,0.0,0.0,0.0
223,9,4,1,0,0,181,14,81.0,,0.0,608391542.58536,2358055.0,311216.0,0.0,0.0,0.0,0.0,0.0,0.0
224,9,3,1,0,0,182,14,13.0,,0.0,608391933.538747,19683882.0,1688617.0,0.0,0.0,0.0,0.0,0.0,0.0
225,9,22,1,0,0,148,14,155.0,,0.0,608392451.725285,101531605.0,1711370.0,0.0,0.0,6384030.0,327729.0,0.0,0.0
226,9,11,1,0,0,183,14,3.0,,0.0,608393123.25469,0.0,0.0,0.0,0.0,51593.0,4660.0,0.0,0.0
227,9,6,1,0,0,84,14,1.0,,0.0,608395419.009084,103.0,55.0,0.0,0.0,0.0,0.0,0.0,0.0
228,9,4,0,0,0,184,13,5.0,,0.0,608395517.291483,21319.0,8369.0,0.0,0.0,0.0,0.0,0.0,0.0
229,9,1,1,0,0,185,14,3.0,,0.0,608398006.946617,4160629.0,23177981.0,0.0,0.0,1684.0,6840.0,0.0,0.0
230,9,3,1,0,0,186,14,11.0,,0.0,608407745.321118,12800914.0,165389.0,0.0,0.0,0.0,0.0,0.0,0.0
231,9,3,1,0,0,187,14,16.0,,0.0,608407765.455094,527657.0,82075.0,0.0,0.0,0.0,0.0,0.0,0.0
232,9,1,0,0,0,188,13,34.0,,0.0,608407766.768724,5814205.0,21254.0,0.0,0.0,0.0,0.0,0.0,0.0
233,9,1,0,0,0,189,13,4.0,,0.0,608496886.436993,8523.0,5574.0,0.0,0.0,0.0,0.0,0.0,0.0
234,9,2,0,0,0,191,13,4.0,,0.0,608498174.809691,20389.0,11316.0,0.0,0.0,0.0,0.0,0.0,0.0
235,9,1,0,0,0,192,13,1.0,,0.0,608498180.081484,8400.0,2817.0,0.0,0.0,0.0,0.0,0.0,0.0
236,9,1,0,0,0,193,13,1.0,,0.0,608498351.104813,11426.0,7986.0,0.0,0.0,0.0,0.0,0.0,0.0
237,9,1,0,0,0,194,13,2.0,,0.0,608498351.249353,20790.0,8138.0,0.0,0.0,0.0,0.0,0.0,0.0
238,9,9,1,0,0,109,14,45.0,,0.0,608498851.579442,428557.0,129382.0,0.0,0.0,0.0,0.0,0.0,0.0
239,9,8,1,0,0,159,14,104.0,,0.0,608498863.851085,855106.0,903490.0,0.0,0.0,0.0,0.0,0.0,0.0
240,9,9,1,0,0,137,14,40.0,,0.0,608499007.995366,341852.0,266639.0,0.0,0.0,0.0,0.0,0.0,0.0
241,9,5,1,0,0,96,14,0.0,,0.0,608499020.74589,0.0,0.0,0.0,0.0,0.0,0.0,0.0,0.0
242,9,8,1,0,0,140,14,119.0,,0.0,608499035.175824,625161.0,374457.0,0.0,0.0,0.0,0.0,0.0,0.0
243,9,4,1,0,0,152,14,60.0,,0.0,608499041.672689,1457147.0,201567.0,0.0,0.0,0.0,0.0,0.0,0.0
244,9,6,1,0,0,156,14,19.0,,0.0,608499115.141329,154189.0,66025.0,0.0,0.0,0.0,0.0,0.0,0.0
245,9,1,1,0,0,151,14,0.0,,0.0,608499145.716581,0.0,0.0,0.0,0.0,0.0,0.0,0.0,0.0
246,9,4,1,0,0,163,14,90.0,,0.0,608600481.995589,965668.0,287761.0,0.0,0.0,512.0,335.0,0.0,0.0
247,9,26,1,0,0,195,14,830.0,,0.0,608601613.839729,3819443.0,2949318.0,0.0,0.0,98545.0,47783.0,92281.0,44615.0
248,9,7,1,0,0,196,14,176.0,,0.0,608603930.126904,1077680.0,6556888.0,0.0,0.0,0.0,0.0,0.0,0.0
249,9,5,1,0,0,197,14,80.0,,0.0,608603988.794586,495539.0,165796.0,0.0,0.0,0.0,0.0,0.0,0.0
250,9,19,0,0,0,198,13,80.0,,0.0,608731878.241917,24213.0,15266.0,0.0,0.0,646.0,270.0,0.0,0.0
