Z_PK,Z_ENT,Z_OPT,ZFIRSTTIMESTAMP,ZTIMESTAMP,ZBUNDLENAME,ZPROCNAME
1,13,592,606519805.410118,608745923.040138,,configd
2,14,18,606519805.547605,606520115.658452,com.apple.purplebuddy,com.apple.purplebuddy
3,13,889,606519818.50933,608750005.592326,,CommCenter
4,13,1783,606519823.156514,608750005.592508,,mDNSResponder
5,13,513,606519823.261477,608745237.227483,,locationd
6,13,488,606519823.262947,608748845.4503,,passd
7,13,605,606519823.264457,608748525.437723,,nsurlsessiond
8,13,194,606519823.303027,608745232.860609,,akd
9,13,7,606519823.308118,608744696.022159,,com.apple.Diagno
10,13,395,606519823.310933,608745239.227555,,appstored
11,13,25,606519823.312721,608647250.607669,,watchlistd
12,13,388,606519823.315574,608745235.779996,,IMRemoteURLConne
13,13,343,606519823.490625,608727328.491861,,timed
14,13,1598,606519854.754708,608750005.592461,,apsd
15,14,62,606519855.763229,608605194.393936,com.apple.springboard,com.apple.springboard
16,13,4,606519855.780073,608241813.581174,,com.apple.CommCenterMobileHelper
17,13,235,606519855.855913,608745240.727646,,atc
18,13,765,606519856.001384,608745693.976864,,itunesstored
19,14,140,606519856.153046,608745248.788608,com.apple.AppStore,com.apple.AppStore
20,13,11,606519856.155993,608498802.196113,,com.apple.kbd
21,13,179,606519857.698406,608749840.524296,,remindd
22,13,406,606519858.449368,608738288.646804,,mobileassetd
23,13,2,606519858.453988,606519860.890265,,tipsd
24,13,10,606519876.661298,608745221.005667,,com.apple.swcd
25,13,698,606519876.916397,608744704.996639,,swcd
26,13,670,606519981.819672,608749064.162876,,cloudd
27,13,61,606520063.896162,608736856.945584,,accountsd
28,13,20,606520063.900675,608498375.726943,,amsaccountsd
29,13,35,606520064.244345,608703393.414461,,com.apple.sbd
30,13,5,606520064.266823,606520334.521407,,gamed
31,13,97,606520079.904521,608745234.552822,,trustd
32,13,34,606520079.908249,608703544.063455,,coreidvd
33,13,42,606520079.915904,608745248.073555,,ind
34,13,33,606520081.322524,608717209.725942,,familycircled
35,13,954,606520081.323555,608748194.483664,,geod
36,13,38,606520083.830888,608730674.334741,,mobileactivation
37,13,26,606520085.693523,608498381.910691,,mstreamd
38,13,7,606520086.190068,608523667.653095,,seld
39,13,318,606520086.693162,608745924.093453,,syncdefaultsd
40,13,17,606520093.638117,606520406.939213,,bird
41,13,91,606520094.634138,608745344.509081,,sharingd
42,13,167,606520094.927664,608745268.487663,,adprivacyd
43,13,538,606520110.867024,608745593.786971,,assistantd
44,13,4,606520110.871005,606524574.749203,,vmd
45,13,146,606520111.283204,608745589.227292,,rtcreportingd
46,13,66,606520142.863267,608745232.860042,,CategoriesServic
47,13,9,606520151.8812,608603788.62233,,CommCenterMobile
48,13,41,606520157.08642,608745238.034164,,com.apple.SafariBookmarksSyncAgent
49,13,453,606520157.092215,608745242.410788,,itunescloudd
50,13,20,606520157.095463,608745213.199951,,fmflocatord
51,14,248,606520157.100614,608749837.959064,com.apple.reminders,com.apple.reminders
52,13,10,606520157.115087,606521927.497294,,backupd
53,13,32,606520157.119646,608745471.611118,,fmfd
54,13,16,606520159.223709,608745218.762289,,cloudphotod
55,13,6,606520159.226415,608496966.4813,,com.apple.cloudpaird
56,13,76,606520159.583709,608745248.075515,,findmydeviced
57,14,269,606520161.73523,608742211.174478,com.apple.mobilecal,com.apple.mobilecal
58,13,3,606520162.741589,606532294.432879,,dataaccessd
59,14,279,606520167.005519,608742224.001352,com.apple.MobileAddressBook,com.apple.MobileAddressBook
60,13,159,606520167.427791,608731130.045787,,parsecd
61,13,2,606520168.615691,606520169.624449,,FMIPClientXPCSer
62,13,150,606520172.385949,608745276.309879,,assistant_servic
63,13,89,606520173.139761,608745247.672753,,networkservicepr
64,14,345,606520176.060417,608732005.367592,com.apple.news,com.apple.news
65,13,1096,606520176.062043,608749927.125483,,newsd
66,14,47,606520179.785798,608731903.853772,com.apple.weather,com.apple.weather
67,14,6,606520181.387042,606520456.467803,com.apple.tips,com.apple.tips
68,14,260,606520181.389614,608732005.367459,com.apple.stocks,com.apple.stocks
69,13,45,606520203.068326,608745244.013266,,destinationd
70,14,108,606520209.543306,608744641.40833,com.apple.Preferences,com.apple.Preferences
71,13,3,606520218.601883,608407669.915564,,com.apple.languageassetd
72,13,757,606520231.546835,608744951.738866,,kbd
73,14,3,606520382.767046,607828052.8509,com.apple.Passbook,com.apple.Passbook
74,14,3,606520482.804471,606520484.904007,com.apple.tv,com.apple.tv
75,14,3,606520692.433373,606520938.602391,com.apple.AuthKitUI.AKFollowUpServerUIExtension,com.apple.AuthKitUI.AKFollowUpServerUIExtension
76,13,18,606520995.263826,608745242.177527,,com.apple.siriknowledged
77,13,50,606521814.958468,608716429.004007,,triald
78,13,4,606524574.488334,607729853.418774,,com.apple.geod
79,13,12,606524574.503487,608498351.284293,,bookassetd
80,13,22,606524574.766249,608746121.472195,,com.apple.mobileassetd
81,13,51,606525167.078731,608746119.52598,,com.apple.bird
82,14,46,606525167.121263,608404622.357667,com.apple.MobileSMS,com.apple.MobileSMS
83,13,9,606525354.581118,608744603.856022,,com.apple.accessibility.AccessibilityUIServer
84,14,13,606530933.66625,608519275.98047,com.apple.Bridge,com.apple.Bridge
85,13,1033,606530962.659918,608749299.128282,,terminusd
86,13,23,606530969.124757,608745248.076661,,assetsd
87,13,3,606531126.940677,606531129.369946,,com.apple.appstored
88,13,2,606531128.23775,606531128.237815,,nanoregistryd
89,14,28,606531136.614732,607738917.881665,com.apple.Fitness,com.apple.Fitness
90,13,10,606531414.475094,608745243.854463,,nanoweatherprefs
91,14,168,606531486.680188,608732034.832924,com.apple.podcasts,com.apple.podcasts
92,13,386,606532133.490123,608744952.055531,,com.apple.Safari
93,14,24,606532133.491852,608350229.954554,com.apple.SafariViewService,com.apple.SafariViewService
94,14,45,606532133.539835,608736966.934363,com.apple.mobilesafari,com.apple.mobilesafari
95,14,630,606532290.369534,608750005.592388,com.apple.mobilemail,com.apple.mobilemail
96,14,20,606532592.359903,607740760.042912,com.apple.ios.StoreKitUIService,com.apple.ios.StoreKitUIService
97,13,8,606532677.439136,608603818.661843,,ndoagent
98,13,101,606533330.941991,608730779.874389,,mediaserverd
99,13,7,606535218.151105,608405619.456176,,searchd
100,14,8,606535253.067298,608730297.503816,com.apple.DocumentsApp,com.apple.DocumentsApp
101,13,205,606538628.727597,608739868.089089,,storebookkeeperd
102,14,236,606539125.794134,608748937.258161,com.apple.mobileslideshow,com.apple.mobileslideshow
103,13,87,606539128.425224,608746121.311435,,parsec-fbf
104,13,113,606539128.98359,608737911.914088,,OTACrashCopier
105,14,125,606539193.789516,608738309.338835,com.apple.Maps,com.apple.Maps
106,13,7,606541207.49233,607535225.333418,,transparencyd
107,13,27,606562785.603486,608703461.75162,,com.apple.online-auth-agent
108,13,157,606574970.62566,608745383.065321,,identityservices
109,14,24,606575013.236688,608731880.306774,com.hammerandchisel.discord,com.hammerandchisel.discord
110,14,40,606578406.814846,608738073.56522,com.facebook.Messenger,com.facebook.Messenger
111,14,30,606581971.751695,608731738.85912,imgurmobile,imgurmobile
112,14,197,606582909.204287,608744045.350885,co.babypenguin.imo,co.babypenguin.imo
113,13,56,606583323.585015,608496090.375768,,com.apple.callhistory.sync-helper
114,14,26,606595063.036189,608731644.807017,com.burbn.instagram,com.burbn.instagram
115,13,41,606596405.051421,608745923.767828,,captiveagent
116,13,100,606596410.219259,608746125.360733,,AssetCacheLocato
117,14,48,606596410.55111,608732506.737126,com.apple.Health,com.apple.Health
118,13,36,606596768.775313,608745910.426371,,healthappd
119,13,22,606596777.658475,608709965.557304,,com.apple.securityd
120,14,93,606597226.217475,608731819.782285,com.kik.chat,com.kik.chat
121,13,51,606597228.011454,608736955.367268,,com.apple.WebKit
122,14,45,606597670.675068,608731825.256469,jp.naver.line,jp.naver.line
123,13,48,606597693.268433,608738294.256627,,securityuploadd
124,13,27,606597705.341467,608660833.578418,,searchpartyd
125,13,29,606597736.047872,608703535.062494,,com.apple.pipelined
126,13,218,606598444.574859,608748945.132423,,com.apple.coreduetd
127,14,18,606618194.286053,608731674.620654,com.mewe,com.mewe
128,14,72,606619291.565296,608739754.218276,com.reddit.Reddit,com.reddit.Reddit
129,14,16,606620257.629092,608731661.803905,org.whispersystems.signal,org.whispersystems.signal
130,14,28,606621803.222505,608736350.361301,com.silentcircle.SilentPhone,com.silentcircle.SilentPhone
131,13,27,606689802.129355,608717388.901157,,com.apple.siri-d
132,14,90,606704641.19942,608744212.818533,com.skout.SKOUT,com.skout.SKOUT
133,14,28,606705088.444523,608731663.704346,com.skype.skype,com.skype.skype
134,14,104,606705473.357826,608745855.743189,com.toyopagroup.picaboo,com.toyopagroup.picaboo
135,14,893,606705605.536862,608731710.084024,com.spotify.client,com.spotify.client
136,14,18,606705671.968764,608731616.665524,ph.telegra.Telegraph,ph.telegra.Telegraph
137,14,27,606705849.639233,608731680.857905,com.burbn.threads,com.burbn.threads
138,14,80,606705943.837215,608736804.318247,com.zhiliaoapp.musically,com.zhiliaoapp.musically
139,14,113,606706528.014464,608731580.699708,com.atebits.Tweetie2,com.atebits.Tweetie2
140,14,20,606706705.234124,608731738.864194,net.kortina.labs.Venmo,net.kortina.labs.Venmo
141,14,38,606707513.432504,608731566.148602,net.whatsapp.WhatsApp,net.whatsapp.WhatsApp
142,14,152,606707710.231808,608733617.977025,com.mywickr.wickr,com.mywickr.wickr
143,14,107,606707837.331685,608731582.073717,com.wearezeta.zclient.ios,com.wearezeta.zclient.ios
144,14,3,606747074.975694,606747074.975814,com.apple.DocumentManagerUICore.Service,com.apple.DocumentManagerUICore.Service
145,14,34,606789937.753457,608730992.720031,com.tinginteractive.usms,com.tinginteractive.usms
146,14,9,606854969.190335,607541288.963574,com.apple.SharingViewService,com.apple.SharingViewService
147,13,368,606855051.07918,608745230.223826,,homed
148,14,74,606855404.77313,608736966.93025,com.apple.Music,com.apple.Music
149,14,8,606856905.845326,608063907.346763,com.apple.MusicUIService,com.apple.MusicUIService
150,13,9,606865262.474426,608744815.552215,,AppleCredentialM
151,14,24,606877812.163874,607092624.373896,com.apple.Home,com.apple.Home
152,14,22,606877855.972715,608512559.775767,com.viber,com.viber
153,13,5,606885000.050461,607537464.915401,,nanomapscd
154,13,393,606994051.53059,608739569.376595,,coreduetd
155,13,6,607027274.823479,608390486.656436,,IMTransferAgent
156,14,15,607048584.966804,608731883.605791,com.apple.mobilenotes,com.apple.mobilenotes
157,13,6,607052611.518866,608745235.688526,,NPKCompanionAgen
158,13,3,607052716.265094,607052951.796644,,com.apple.CloudDocs.container-metadata
159,14,18,607260361.523947,608745660.816114,com.mentionmobile.cyberdust,com.mentionmobile.cyberdust
160,14,21,607276436.076119,607289531.562887,com.philips.lighting.hue2,com.philips.lighting.hue2
161,13,3,607276803.70104,607277325.850675,,MFAANetwork
162,14,23,607277029.475529,607455974.290735,com.belkin.plugin,com.belkin.plugin
163,14,8,607290349.391758,608601080.81056,com.signify.hue.blue,com.signify.hue.blue
164,14,38,607527605.520568,608174237.875611,com.facebook.talk,com.facebook.talk
165,14,35,607527627.1633,608731683.588792,com.adhoclabs.burner,com.adhoclabs.burner
166,14,42,607527637.018684,608736451.547223,ch.protonmail.protonmail,ch.protonmail.protonmail
167,13,3,607528106.133663,608153522.322339,,geocorrectiond
168,14,707,607623611.078937,608748806.21781,com.fitbit.FitbitMobile,com.fitbit.FitbitMobile
169,14,111,607632663.943616,608744545.820816,com.redshiftdev.Fitbit-Health-Sync,com.redshiftdev.Fitbit-Health-Sync
170,13,5,607710121.271827,608746119.353105,,com.apple.parsecd
171,14,15,607714045.439571,608731878.327788,de.tutao.tutanota,de.tutao.tutanota
172,13,4,607726345.737461,607911975.846225,,com.apple.assistant.assistantd
173,13,3,607729953.471615,607740900.813061,,com.apple.syncdefaultsd
174,13,3,607730864.577184,607921518.521229,,com.apple.OTACrashCopier
175,14,11,607779199.888994,607912124.638544,com.apple.ScreenTimeUI.ScreenTimeWidget,com.apple.ScreenTimeUI.ScreenTimeWidget
176,14,71,607828439.730167,608744045.120025,us.zoom.videomeetings,us.zoom.videomeetings
177,14,18,607828766.526938,608731603.008726,com.herzick.houseparty,com.herzick.houseparty
178,14,5,608322886.513331,608323475.401979,com.apple.findmy,com.apple.findmy
179,13,5,608324950.864771,608395724.361709,,photoanalysisd
180,14,2,608346761.23219,608346761.477488,com.apple.BusinessChatViewService,com.apple.BusinessChatViewService
181,14,5,608391542.58536,608731834.935132,org.mozilla.ios.Focus,org.mozilla.ios.Focus
182,14,4,608391933.538747,608731825.892321,com.miketigas.OnionBrowser,com.miketigas.OnionBrowser
183,14,12,608393123.25469,608393152.521144,com.apple.mobilephone,com.apple.mobilephone
184,13,5,608395517.291483,608744685.087875,,wifivelocityd
185,14,2,608398006.946617,608398106.404491,com.apple.facetime,com.apple.facetime
186,14,4,608407745.321118,608408514.046411,kjc.loader,kjc.loader
187,14,4,608407765.455094,608408180.442438,com.saurik.Cydia,com.saurik.Cydia
188,13,2,608407766.768724,608407770.874786,,http
189,13,2,608496886.436993,608497136.047522,,softwareupdatese
190,13,1,608497231.314561,-63114076800.0,,com.apple.Mobile
191,13,3,608498174.809691,608519890.652184,,softwareupdated
192,13,2,608498180.081484,608498180.083559,,UserEventAgent
193,13,2,608498351.104813,608498351.149334,,com.apple.cloudd
194,13,2,608498351.249353,608498351.280692,,com.apple.migrat
195,14,27,608601613.839729,608745802.657686,com.coverme.covermeAdhoc,com.coverme.covermeAdhoc
196,14,8,608603930.126904,608731715.255415,com.keepsafe.KeepSafe,com.keepsafe.KeepSafe
197,14,6,608603988.794586,608604774.182192,com.enchantedcloud.photovault,com.enchantedcloud.photovault
198,13,20,608731878.241917,608744951.778758,,adservicesd
