Z_PK,Z_ENT,Z_OPT,ZATTRS,ZISHOTSPOT,ZISKNOWNGOOD,ZISLOWINTERNETDL,ZISLOWINTERNETUL,ZKIND,ZWASLASTFAILED,ZFIRSTTIMESTAMP,ZOVERALLSTAYMEAN,ZOVERALLSTAYVAR,ZTIMESTAMP,ZVELO,ZIDENTIFIER,ZSERVICE,ZNETSIGNATURE
1,10,275,259,,1,,,2,,606456000,25.12671848291178,18312.092664783453,608702400,0.0,Carrier-18005506,,b'c1dc6fe5111c8dc4-3e8d881'
2,10,240,259,,1,,,2,,606456000,16.129977487578476,3556.9206787876205,608702400,0.0,Carrier-18934281,,b'c1dc6fe5111c8dc4-3e8d881'
3,10,208,259,,1,,,2,,606456000,13.77558117906678,3122.7782160845063,608702400,0.0,Carrier-18934275,,b'c1dc6fe5111c8dc4-3e8d881'
4,10,27,259,,1,,,2,,606542400,0.0,0.0,606542400,0.0,Carrier-31513626,,b'c1dc6fe5111c8dc4-3e8d881'
5,10,108,259,,0,,,2,,606542400,77.20587376832286,9495.365426872762,608616000,0.0,Carrier-13182,,b'c1dc6fe5111c8dc4-3e8d881'
6,10,77,259,,0,,,2,,606542400,53.33756874634488,10398.613862543209,608616000,0.0,Carrier-14093,,b'c1dc6fe5111c8dc4-3e8d881'
7,10,64,259,,1,,,2,,606542400,34.54582050256431,2765.539316851343,608616000,0.0,Carrier-218635363,,b'c1dc6fe5111c8dc4-3e8d881'
8,10,176,259,0.0,1,,,1,,606542400,2130.2276629274174,54370036.41760079,608702400,0.0,CcookiesDcastleR5 Guest-f8:bb:bf:1e:fa:f1,,b'n|\xd4p\x89^\xbew3\x00\x8caBcB\xb8}\xc3\x97z\x00\x00\x00\x00'
9,10,35,259,,1,,,2,,606542400,17.61921399831772,543.3520425211108,607406400,0.0,Carrier-39709221,,b'c1dc6fe5111c8dc4-3e8d881'
10,10,114,259,0.0,1,,,1,,606542400,13665.49593007186,362676584.0788258,608702400,0.0,CcookiesDcastleR5 Guest-f8:bb:bf:8d:b9:ca,,b'n|\xd4p\x89^\xbew3\x00\x8caBcB\xb8}\xc3\x97z\x00\x00\x00\x00'
11,10,46,259,,1,,,2,,606542400,62.31632115184397,23938.588449612183,608616000,0.0,Carrier-18620168,,b'c1dc6fe5111c8dc4-3e8d881'
12,10,75,259,0.0,1,,,1,,606628800,47.32551624576251,16735.787435878403,608702400,0.0,CcookiesDcastleR5 Guest-f8:bb:bf:8d:b9:c9,,b'n|\xd4p\x89^\xbew3\x00\x8caBcB\xb8}\xc3\x97z\x00\x00\x00\x00'
13,10,162,259,0.0,1,,,1,,606628800,1481.1211997389794,28126183.79311267,608702400,0.0,CcookiesDcastleR5 Guest-f8:bb:bf:1e:fa:f0,,b'n|\xd4p\x89^\xbew3\x00\x8caBcB\xb8}\xc3\x97z\x00\x00\x00\x00'
14,10,144,259,0.0,0,,,1,,606628800,224.6223587653363,159519.6496661615,608702400,0.0,CcookiesDcastleR5 Guest-f8:bb:bf:1e:fa:ef,,b'n|\xd4p\x89^\xbew3\x00\x8caBcB\xb8}\xc3\x97z\x00\x00\x00\x00'
15,10,66,259,0.0,0,,,1,,606628800,30.412518893678982,2701.5488167912786,608702400,0.0,CcookiesDcastleR5 Guest-f8:bb:bf:90:a8:fa,,b'\xd9\xba\x0ez\x16\xae\xcf\xfc\x9d\xd5\xe8\xdc\x19$*I\xf7\xb2Vy\x00\x00\x00\x00'
16,10,100,259,0.0,0,,,1,,606628800,150.2106968533425,37525.337148416365,608702400,0.0,CcookiesDcastleR5 Guest-f8:bb:bf:90:a8:f9,,b'n|\xd4p\x89^\xbew3\x00\x8caBcB\xb8}\xc3\x97z\x00\x00\x00\x00'
17,10,42,259,,1,,,2,,606628800,8.56556807066265,302.2292782402786,608616000,0.0,Carrier-39709187,,b'c1dc6fe5111c8dc4-3e8d881'
18,10,37,259,,1,,,2,,606628800,22.660591808954873,492.9013836629641,607406400,0.0,Carrier-39709220,,b'c1dc6fe5111c8dc4-3e8d881'
19,10,31,259,,1,,,2,,606628800,52.80274911721548,3989.6502776605876,606888000,0.0,Carrier-11283,,b'c1dc6fe5111c8dc4-3e8d881'
20,10,26,259,,1,,,2,,606715200,0.0,0.0,606715200,0.0,Carrier-195403793,,b'c1dc6fe5111c8dc4-3e8d881'
21,10,26,259,,1,,,2,,606715200,0.0,0.0,606715200,0.0,Carrier-195138575,,b'c1dc6fe5111c8dc4-3e8d881'
22,10,29,259,,1,,,2,,606715200,60.81591275334358,3462.6212299132553,607406400,0.0,Carrier-193436718,,b'c1dc6fe5111c8dc4-3e8d881'
23,10,41,259,,1,,,2,,606715200,11.18943499667304,310.54317806604274,608616000,0.0,Carrier-218629823,,b'c1dc6fe5111c8dc4-3e8d881'
24,10,30,259,,1,,,2,,606801600,63.30779502391815,4808.602809372033,607752000,0.0,Carrier-18934280,,b'c1dc6fe5111c8dc4-3e8d881'
25,10,24,259,,1,,,2,,606801600,642.6888915300369,822503.3976713398,606801600,0.0,Carrier-17175043,,b'c1dc6fe5111c8dc4-3e8d881'
26,10,38,259,,1,,,2,,606888000,71.04372636296533,34539.379841628215,608616000,0.0,Carrier-18004483,,b'c1dc6fe5111c8dc4-3e8d881'
27,10,22,259,,1,,,2,,606974400,0.0,0.0,606974400,0.0,Carrier-218631395,,b'c1dc6fe5111c8dc4-3e8d881'
28,10,28,259,,1,,,2,,606974400,4.206845164299011,43.179045078121256,608356800,0.0,Carrier-17143043,,b'c1dc6fe5111c8dc4-3e8d881'
29,10,24,259,,1,,,2,,606974400,5.46104363600413,74.1992096922454,608356800,0.0,Carrier-17142531,,b'c1dc6fe5111c8dc4-3e8d881'
30,10,22,259,,1,,,2,,606974400,0.0,0.0,606974400,0.0,Carrier-17144578,,b'c1dc6fe5111c8dc4-3e8d881'
31,10,23,259,0.0,1,,,1,,607233600,52.21304359436035,5742.377181692667,607233600,0.0,Wemo.Mini.873-c4:41:1e:58:31:20,,b'\xeaT^X\xad\xa6\n=\xb9\xa7\x91\x16\t\x810\x1b\xbaE\x1a\x08\x00\x00\x00\x00'
32,10,18,259,,1,,,2,,607320000,0.0,0.0,607320000,0.0,Carrier-14091,,b'c1dc6fe5111c8dc4-3e8d881'
33,10,24,259,,0,,,2,,607320000,13.383702388176552,446.73029035588695,608616000,0.0,Carrier-18934273,,b'c1dc6fe5111c8dc4-3e8d881'
34,10,24,259,,1,,,2,,607320000,52.175350815057755,11325.256380403845,608616000,0.0,Carrier-18934279,,b'c1dc6fe5111c8dc4-3e8d881'
35,10,22,259,,1,,,2,,607406400,152.95189066727957,21994.52657880141,607752000,0.0,Carrier-19406339,,b'c1dc6fe5111c8dc4-3e8d881'
36,10,18,259,,1,,,2,,607406400,0.0,0.0,607406400,0.0,Carrier-19406337,,b'c1dc6fe5111c8dc4-3e8d881'
37,10,21,259,,1,,,2,,607406400,55.88219976425171,3842.893290050186,607665600,0.0,Carrier-19686915,,b'c1dc6fe5111c8dc4-3e8d881'
38,10,21,259,,1,,,2,,607406400,24.883727886460044,215.91489425600994,607665600,0.0,Carrier-19406338,,b'c1dc6fe5111c8dc4-3e8d881'
39,10,22,259,,1,,,2,,607406400,454.37521398067474,111618.19899786939,607665600,0.0,Carrier-19686914,,b'c1dc6fe5111c8dc4-3e8d881'
40,10,21,259,,1,,,2,,607406400,29.370092170579092,729.5350903485504,607665600,0.0,Carrier-17175041,,b'c1dc6fe5111c8dc4-3e8d881'
41,10,17,259,,1,,,2,,607406400,0.0,0.0,607406400,0.0,Carrier-17143811,,b'c1dc6fe5111c8dc4-3e8d881'
42,10,16,259,,1,,,2,,607665600,140.8056669831276,1704.990580079735,607752000,0.0,Carrier-18934274,,b'c1dc6fe5111c8dc4-3e8d881'
43,10,7,259,,1,,,2,,608270400,0.844060480594635,0.6408670265387357,608270400,0.0,Carrier-18992130,,b'c1dc6fe5111c8dc4-3e8d881'
44,10,7,259,,1,,,2,,608270400,0.0,0.0,608270400,0.0,Carrier-195001871,,b'c1dc6fe5111c8dc4-3e8d881'
45,10,3,259,,1,,,2,,608616000,0.0,0.0,608616000,0.0,Carrier-39836676,,b'c1dc6fe5111c8dc4-3e8d881'
