Z_PK,Z_ENT,Z_OPT,ZKIND,ZHASNETWORKATTACHMENT,ZADMINDISABLES,ZBYTESIN,ZBYTESOUT,ZCAPTIVITYREDIRECTS,ZCERTERRORS,ZCONNATTEMPTS,ZCONNSUCCESSES,ZDATASTALLS,ZEPOCHS,ZFAULTYSTAY,ZLOWLQMSTAY,ZLOWQSTAY,ZLQMTRANSITIONCOUNT,ZOVERALLSTAY,ZOVERALLSTAYM2,ZPACKETSIN,ZPACKETSOUT,ZRETXBYTES,ZRTTAVG,ZRTTMIN,ZRTTVAR,ZRXDUPEBYTES,ZRXOOOBYTES,ZTIMESTAMP,ZTOPDOWNLOADRATE
1,8,244,2,1,0.0,1578480297.0,87089080.0,0.0,0.0,4376.0,3930.0,26.0,44459.0,0.0,22334.46010541916,0.0,227.0,1116854.02929008,823042970.817724,1305630.0,522770.0,1355071.0,0.0,0.02246875,0.0,608201.0,81395623.0,608702400,1695848.1147698294
2,8,211,2,2,0.0,39293617.0,8572587.0,0.0,0.0,879.0,806.0,5.0,50794.0,0.0,2658.4378262758255,0.0,66.0,810077.4969338179,177002541.43939334,47631.0,42223.0,136354.0,0.0,0.0143125,0.0,203573.0,2419134.0,608702400,0.0
3,8,177,2,3,0.0,4911036.0,1903149.0,0.0,0.0,115.0,83.0,0.0,7370.0,0.0,1199.6215858459473,0.0,20.0,99665.45358407497,21913358.272013936,7797.0,8238.0,133838.0,0.0,0.013625,0.0,61693.0,518032.0,608702400,0.0
4,8,2,2,4,0.0,0.0,1180.0,0.0,0.0,4.0,0.0,0.0,1.0,0.0,0.0,0.0,0.0,4.499521970748901,0.0,0.0,18.0,0.0,0.0,1.7976931348623157e+308,0.0,0.0,0.0,606542400,0.0
5,8,81,2,5,0.0,257322.0,385554.0,0.0,0.0,87.0,37.0,4.0,353.0,0.0,5725.875735640526,0.0,138.0,27253.67344021797,3342368.6302592126,990.0,2054.0,105090.0,0.0,0.346,0.0,26620.0,73469.0,608616000,0.0
6,8,47,2,6,0.0,36965.0,109795.0,0.0,0.0,29.0,5.0,0.0,202.0,0.0,1845.7081946134567,0.0,56.0,10774.188886761665,2090121.3863711848,245.0,676.0,22553.0,0.0,0.44,0.0,3002.0,2036.0,608616000,0.0
7,8,37,2,7,0.0,8402.0,48668.0,0.0,0.0,12.0,1.0,0.0,64.0,0.0,17.78006100654602,0.0,51.0,2210.932512164116,174228.9769616346,21.0,258.0,14677.0,0.0,0.10125,0.0,0.0,0.0,608616000,0.0
8,8,125,1,8,0.0,1313713441.0,89643770.0,0.0,0.0,7911.0,6816.0,57.0,302.0,6.48233699798584,2109.559603214264,88.80210196971893,596.0,631004.8772534132,16008019242.350597,1002062.0,443588.0,789037.0,0.0,0.00875,0.0,881783.0,66880464.0,608702400,12466566.547933677
9,8,10,2,9,0.0,0.0,1309.0,0.0,0.0,0.0,0.0,0.0,10.0,0.0,30.605272889137268,0.0,6.0,176.19213998317719,4890.168382689997,0.0,12.0,468.0,0.0,1.7976931348623157e+308,0.0,0.0,0.0,607406400,0.0
10,8,79,1,10,0.0,3290926634.0,215065909.0,0.0,1.0,10127.0,9576.0,32.0,64.0,0.0,603.6146873235703,0.0,110.0,905947.6575214863,23453779406.417408,2418793.0,1216358.0,1345781.0,0.0,0.012,0.0,3164492.0,184958455.0,608702400,8011618.583396991
11,8,5,2,11,0.0,341.0,4794.0,0.0,0.0,0.0,0.0,0.0,11.0,0.0,0.3601229190826416,0.0,1.0,42.54915189743042,3.8128625624624934,4.0,5.0,829.0,0.0,1.7976931348623157e+308,0.0,0.0,0.0,606974400,0.0
12,8,40,1,12,0.0,1513855.0,421172.0,0.0,0.0,139.0,87.0,2.0,61.0,0.0,93.73082029819489,0.3532789945602417,75.0,2873.3448317050934,987591.0307856838,1956.0,2611.0,35760.0,0.0,0.0143125,0.0,56554.0,113470.0,608702400,0.0
13,8,117,1,13,0.0,542418007.0,90687417.0,0.0,0.0,4135.0,3469.0,25.0,306.0,500.26835203170776,873.6554434299469,87.43471813201904,503.0,442379.57288622856,8169201955.907021,428057.0,245861.0,386412.0,0.0,0.0085625,0.0,377394.0,49646596.0,608702400,15105873.218285775
14,8,99,1,14,0.0,11950207.0,3657783.0,0.0,0.0,899.0,432.0,8.0,299.0,1148.9166060686111,469.4905364513397,3.2412859201431274,523.0,66778.22666144371,46100355.43444053,14663.0,18251.0,203541.0,0.0,0.010375,0.0,110381.0,254972.0,608702400,141905.859472638
15,8,25,1,15,0.0,222131.0,237372.0,0.0,0.0,35.0,21.0,0.0,39.0,0.0,92.94806492328644,33.853946924209595,32.0,1190.0589510202408,117974.85278059776,447.0,769.0,15609.0,0.0,0.0155,0.0,2894.0,821.0,607752000,0.0
16,8,56,1,16,0.0,50429284.0,2985997.0,0.0,0.0,679.0,366.0,8.0,107.0,0.0,1384.966414809227,317.9559940099716,223.0,16951.427876591682,4454559.450866744,38935.0,20892.0,148085.0,0.0,0.014,0.0,336041.0,1480919.0,607752000,1658045.910131111
17,8,15,2,17,0.0,0.0,432.0,0.0,0.0,0.0,0.0,0.0,18.0,0.0,0.0,0.0,3.0,158.39443826675415,5421.380773205597,0.0,6.0,0.0,0.0,1.7976931348623157e+308,0.0,0.0,0.0,607406400,0.0
18,8,11,2,18,0.0,281.0,1256.0,0.0,0.0,0.0,0.0,0.0,15.0,0.0,0.0,0.0,8.0,339.9088771343231,6900.619371281498,3.0,20.0,0.0,0.0,1.7976931348623157e+308,0.0,0.0,0.0,607406400,0.0
19,8,6,2,19,0.0,0.0,5644.0,0.0,0.0,0.0,0.0,0.0,9.0,0.0,171.5795420408249,0.0,4.0,475.22474205493927,31917.2022212847,0.0,6.0,2436.0,0.0,1.7976931348623157e+308,0.0,0.0,0.0,606888000,0.0
20,8,2,2,20,0.0,0.0,312.0,0.0,0.0,0.0,0.0,0.0,1.0,0.0,0.0,0.0,0.0,33.583991050720215,0.0,0.0,6.0,0.0,0.0,1.7976931348623157e+308,0.0,0.0,0.0,606715200,0.0
21,8,2,2,21,0.0,0.0,0.0,0.0,0.0,0.0,0.0,0.0,1.0,0.0,0.0,0.0,1.0,13.181440949440002,0.0,0.0,0.0,0.0,0.0,1.7976931348623157e+308,0.0,0.0,0.0,606715200,0.0
22,8,5,2,22,0.0,0.0,520.0,0.0,0.0,0.0,0.0,0.0,4.0,0.0,0.0,0.0,1.0,243.26365101337433,10387.863689739766,0.0,10.0,0.0,0.0,1.7976931348623157e+308,0.0,0.0,0.0,607406400,0.0
23,8,11,2,23,0.0,0.0,52.0,0.0,0.0,0.0,0.0,0.0,10.0,0.0,0.0,0.0,7.0,115.81431889533997,3006.592093747866,0.0,1.0,0.0,0.0,1.7976931348623157e+308,0.0,0.0,0.0,607320000,0.0
24,8,3,2,24,0.0,317668.0,43366.0,0.0,0.0,8.0,8.0,0.0,3.0,0.0,14.394691944122314,0.0,3.0,249.55208802223206,26613.118332430575,331.0,313.0,708.0,0.0,0.06425,0.0,6661.0,4737.0,606801600,0.0
25,8,2,2,25,0.0,364801.0,73310.0,0.0,0.0,25.0,25.0,0.0,2.0,0.0,47.67492699623108,0.0,4.0,1285.3777830600739,822503.3976713398,478.0,543.0,1935.0,0.0,0.046,0.0,1479.0,31256.0,606801600,0.0
26,8,17,2,26,0.0,1393656.0,498802.0,0.0,0.0,66.0,61.0,0.0,22.0,0.0,11.166277885437012,0.0,5.0,1562.9619799852371,725326.9766741926,1987.0,2299.0,5330.0,0.0,0.0375,0.0,3367.0,0.0,608616000,0.0
27,8,2,2,27,0.0,0.0,0.0,0.0,0.0,0.0,0.0,0.0,1.0,0.0,0.0,0.0,1.0,0.36032092571258545,0.0,0.0,0.0,0.0,0.0,1.7976931348623157e+308,0.0,0.0,0.0,606974400,0.0
28,8,4,2,28,0.0,0.0,0.0,0.0,0.0,0.0,0.0,0.0,5.0,0.0,14.94689393043518,0.0,1.0,36.19522988796234,339.20953775553903,0.0,0.0,0.0,0.0,1.7976931348623157e+308,0.0,0.0,0.0,606974400,0.0
29,8,2,2,29,0.0,598.0,391.0,0.0,0.0,0.0,0.0,0.0,2.0,0.0,0.0,0.0,0.0,15.80814790725708,112.58803658749866,10.0,9.0,0.0,0.0,1.7976931348623157e+308,0.0,0.0,0.0,606974400,0.0
30,8,2,2,30,0.0,0.0,0.0,0.0,0.0,0.0,0.0,0.0,1.0,0.0,0.2980400323867798,0.0,1.0,0.5363160371780396,0.0,0.0,0.0,0.0,0.0,1.7976931348623157e+308,0.0,0.0,0.0,606974400,0.0
31,8,6,1,31,0.0,0.0,791.0,0.0,0.0,1.0,0.0,0.0,5.0,189.34030401706696,50.38279891014099,0.0,20.0,261.06521797180176,22969.508726770673,0.0,11.0,0.0,0.0,1.7976931348623157e+308,0.0,0.0,0.0,607233600,0.0
32,8,2,2,32,0.0,12913.0,8167.0,0.0,0.0,4.0,3.0,0.0,1.0,0.0,0.0,0.0,0.0,21.709702014923096,0.0,62.0,78.0,1631.0,0.0,1.7976931348623157e+308,0.0,4573.0,0.0,607320000,0.0
33,8,6,2,33,0.0,238469.0,151679.0,0.0,0.0,27.0,25.0,0.0,5.0,0.0,73.38366901874542,0.0,7.0,223.15559101104736,3947.7090613771525,639.0,831.0,2036.0,0.0,0.0911875,0.0,260.0,24.0,607752000,0.0
34,8,5,2,34,0.0,420265.0,176649.0,0.0,0.0,42.0,38.0,1.0,11.0,0.0,122.11418926715851,0.0,7.0,769.1149920225143,76734.60059032985,808.0,1006.0,0.0,0.0,0.044125,0.0,2578.0,0.0,607752000,0.0
35,8,5,2,24,0.0,175771.0,78322.0,0.0,0.0,25.0,23.0,0.0,7.0,0.0,0.0,0.0,1.0,383.52586221694946,14971.172563557591,394.0,513.0,77.0,0.0,1.7976931348623157e+308,0.0,4126.0,0.0,607752000,0.0
36,8,6,2,35,0.0,1871902.0,631254.0,0.0,0.0,192.0,174.0,3.0,6.0,0.0,42.20430111885071,0.0,5.0,917.7113440036774,109972.63289400705,3171.0,3844.0,1454.0,0.0,0.04478125,0.0,13025.0,0.0,607752000,0.0
37,8,2,2,36,0.0,5469188.0,703337.0,0.0,0.0,92.0,83.0,1.0,1.0,0.0,40.4071409702301,0.0,6.0,310.0366699695587,0.0,5214.0,5588.0,4492.0,0.0,0.0405,0.0,2538.0,815796.0,607406400,0.0
38,8,5,2,37,0.0,314175.0,122678.0,0.0,0.0,25.0,23.0,2.0,4.0,0.0,51.03990995883942,0.0,2.0,223.52879905700684,11528.679870150558,597.0,716.0,0.0,0.0,1.7976931348623157e+308,0.0,3185.0,0.0,607665600,0.0
39,8,5,2,38,0.0,553292.0,85908.0,0.0,0.0,23.0,19.0,0.0,11.0,0.0,0.305946946144104,0.0,4.0,273.7210067510605,2159.1489425600985,623.0,639.0,0.0,0.0,1.7976931348623157e+308,0.0,7158.0,35154.0,607665600,0.0
40,8,5,2,39,0.0,1476630.0,520521.0,0.0,0.0,123.0,103.0,1.0,3.0,0.0,390.9364379644394,0.0,12.0,1363.1256419420242,223236.39799573884,2458.0,2962.0,1904.0,0.0,1.7976931348623157e+308,0.0,3985.0,114329.0,607665600,0.0
41,8,5,2,40,0.0,112913.0,32127.0,0.0,0.0,9.0,9.0,0.0,7.0,0.0,6.634450078010559,0.0,1.0,205.59064519405365,4377.210542091303,189.0,223.0,0.0,0.0,1.7976931348623157e+308,0.0,862.0,20074.0,607665600,0.0
42,8,2,2,41,0.0,0.0,0.0,0.0,0.0,0.0,0.0,0.0,1.0,0.0,0.0,0.0,0.0,12.782099962234497,0.0,0.0,0.0,0.0,0.0,1.7976931348623157e+308,0.0,0.0,0.0,607406400,0.0
43,8,3,2,42,0.0,695547.0,167683.0,0.0,0.0,40.0,35.0,4.0,2.0,0.0,64.99327790737152,0.0,3.0,281.6113339662552,1704.9905800797353,1025.0,1223.0,77.0,0.0,1.7976931348623157e+308,0.0,3842.0,48741.0,607752000,0.0
44,8,16,2,11,0.0,7558.0,7537.0,0.0,0.0,1.0,0.0,0.0,58.0,0.0,0.0,0.0,0.0,4257.2770075798035,1583115.1801719908,56.0,62.0,930.0,0.0,1.7976931348623157e+308,0.0,477.0,0.0,608616000,0.0
45,8,5,2,23,0.0,0.0,0.0,0.0,0.0,0.0,0.0,0.0,4.0,0.0,0.0,0.0,2.0,40.83777105808258,1025.0910663702475,0.0,0.0,0.0,0.0,1.7976931348623157e+308,0.0,0.0,0.0,608616000,0.0
46,8,4,2,28,0.0,52.0,52.0,0.0,0.0,0.0,0.0,0.0,6.0,0.0,0.0,0.0,0.0,10.080066919326782,8.300363447746546,1.0,1.0,0.0,0.0,1.7976931348623157e+308,0.0,0.0,0.0,608356800,0.0
47,8,2,2,43,0.0,0.0,0.0,0.0,0.0,0.0,0.0,0.0,2.0,0.0,0.0,0.0,0.0,1.68812096118927,0.6408670265387357,0.0,0.0,0.0,0.0,1.7976931348623157e+308,0.0,0.0,0.0,608270400,0.0
48,8,2,2,44,0.0,0.0,0.0,0.0,0.0,0.0,0.0,0.0,1.0,0.0,0.0,0.0,1.0,0.4223250150680542,0.0,0.0,0.0,0.0,0.0,1.7976931348623157e+308,0.0,0.0,0.0,608270400,0.0
49,8,12,1,16,0.0,19104105.0,3011959.0,0.0,0.0,156.0,111.0,2.0,21.0,50.86771500110626,158.1772119998932,23.581691026687622,53.0,2053.6078649759293,198421.22439497605,16374.0,9057.0,44094.0,0.0,0.017125,0.0,76120.0,519675.0,608702400,0.0
50,8,3,2,34,0.0,7248049.0,687157.0,0.0,0.0,111.0,97.0,1.0,21.0,0.0,46.58580005168915,0.0,6.0,900.4962340593338,269070.7539155819,7202.0,4485.0,2738.0,0.0,0.03775,0.0,45532.0,0.0,608616000,0.0
51,8,2,2,29,0.0,0.0,0.0,0.0,0.0,0.0,0.0,0.0,1.0,0.0,0.0,0.0,0.0,0.5749830007553101,0.0,0.0,0.0,0.0,0.0,1.7976931348623157e+308,0.0,0.0,0.0,608356800,0.0
52,8,8,1,15,0.0,5341867.0,229411.0,0.0,0.0,35.0,31.0,0.0,11.0,0.0,71.35842406749725,41.46496605873108,21.0,294.20506286621094,9678.726106349659,4043.0,1487.0,21835.0,0.0,0.01865625,0.0,5807.0,0.0,608702400,0.0
53,8,2,2,45,0.0,0.0,0.0,0.0,0.0,0.0,0.0,0.0,1.0,0.0,0.0,0.0,0.0,2.137252926826477,0.0,0.0,0.0,0.0,0.0,1.7976931348623157e+308,0.0,0.0,0.0,608616000,0.0
54,8,2,2,17,0.0,0.0,0.0,0.0,0.0,0.0,0.0,0.0,1.0,0.0,0.0,0.0,1.0,4.351355075836182,0.0,0.0,0.0,0.0,0.0,1.7976931348623157e+308,0.0,0.0,0.0,608616000,0.0
55,8,2,2,33,0.0,403395.0,44721.0,0.0,0.0,9.0,9.0,0.0,21.0,0.0,9.422788977622986,0.0,2.0,124.82067108154297,1176.1610852743224,375.0,352.0,1388.0,0.0,0.0569375,0.0,0.0,0.0,608616000,0.0
