rowid,zone_rowid,item_id,item_sharing_options,item_localsyncupstate,item_in_flight_diffs,item_local_diffs,item_notifs_rank,item_transfer_priority,item_processing_stamp,item_doc_id,item_file_id,item_generation,item_localname,item_bouncedname,item_staged_file_id,item_staged_generation,item_stat_ckinfo,item_state,item_type,item_mode,item_creator_id,item_birthtime,item_parent_id,item_filename,item_hidden_ext,item_finder_tags,item_xattr_signature,item_live_conflict_loser_etags,version_ckinfo,version_mtime,version_name,version_size,version_thumb_size,version_thumb_signature,version_content_signature,version_xattr_signature,version_device,version_conflict_loser_etags,version_quarantine_info,version_uploaded_assets,version_upload_error,desired_version,item_scope,item_min_supported_os_rowid,app_library_rowid,item_trash_put_back_parent_id,item_trash_put_back_path,item_thumb_greedy,item_thumb_live_signature,item_parent_zone_rowid,item_lastusedtime,item_favoriterank,item_user_visible,item_alias_target,item_tmpbounceno,item_side_car_ckinfo,item_creator,version_edited_since_shared,visible_child_count
1,2,b'\x02\x02\x00\x00\x00',0,4,,33456126,13,,,,45718,1,,,,0,,0,0,1,0,1584827292,b'\x01\x02\x00\x00\x00',Documents,0,,,,,1584827292,,,,,,,,,,,,,1,,2,,,0,,2,0,0,0,,,,0,,0.0
2,2,b'\xe5\xea\x85\xb8\x1f\x8fB\x1c\xaaK|S\xa8\x03\xa9\x06',0,0,,0,26,,,,45721,1,,,,0,b'\x08\x01\x10\x00\x1a\x014',0,0,1,0,1584827292,b'\x01\x02\x00\x00\x00',UbiquitousCards,0,,,,,1584827363,,,,,,,,,,,,,1,,2,,,0,,2,0,0,0,,,,0,,0.0
3,3,b'\x02\x03\x00\x00\x00',0,4,,33456126,15,,,,45771,1,,,,0,,0,0,1,0,1584827293,b'\x01\x03\x00\x00\x00',Documents,0,,,,,1584827293,,,,,,,,,,,,,1,,3,,,0,,3,0,0,0,,,,0,,0.0
4,4,b'\x02\x04\x00\x00\x00',0,4,,33456126,16,,,,45804,1,,,,0,,0,0,1,0,1584827294,b'\x01\x04\x00\x00\x00',Documents,0,,,,,1584827294,,,,,,,,,,,,,1,,4,,,0,,4,0,0,0,,,,0,,0.0
5,5,b'\x02\x05\x00\x00\x00',0,4,,33456126,17,,,,45810,1,,,,0,,0,0,1,0,1584827294,b'\x01\x05\x00\x00\x00',Documents,0,,,,,1584827294,,,,,,,,,,,,,1,,5,,,0,,5,0,0,0,,,,0,,0.0
6,6,b'\x02\x06\x00\x00\x00',0,4,,33456126,18,,,,45858,1,,,,0,,0,0,1,0,1584827294,b'\x01\x06\x00\x00\x00',Documents,0,,,,,1584827294,,,,,,,,,,,,,1,,6,,,0,,6,0,0,0,,,,0,,0.0
7,7,b'\x02\x07\x00\x00\x00',0,4,,33456126,19,,,,45863,1,,,,0,,0,0,1,0,1584827294,b'\x01\x07\x00\x00\x00',Documents,0,,,,,1584827294,,,,,,,,,,,,,1,,7,,,0,,7,0,0,0,,,,0,,0.0
8,8,b'\x02\x08\x00\x00\x00',0,4,,33456126,20,,,,45868,1,,,,0,,0,0,1,0,1584827294,b'\x01\x08\x00\x00\x00',Documents,0,,,,,1584827294,,,,,,,,,,,,,1,,8,,,0,,8,0,0,0,,,,0,,0.0
9,9,b'\x02\t\x00\x00\x00',0,4,,33456126,21,,,,45877,1,,,,0,,0,0,1,0,1584827294,b'\x01\t\x00\x00\x00',Documents,0,,,,,1584827294,,,,,,,,,,,,,1,,9,,,0,,9,0,0,0,,,,0,,0.0
10,10,b'\x02\n\x00\x00\x00',0,4,,33456126,22,,,,45918,1,,,,0,,0,0,1,0,1584827295,b'\x01\n\x00\x00\x00',Documents,0,,,,,1584827295,,,,,,,,,,,,,1,,10,,,0,,10,0,0,0,,,,0,,0.0
11,11,b'\x02\x0b\x00\x00\x00',0,4,,33456126,23,,,,45933,1,,,,0,,0,0,1,0,1584827295,b'\x01\x0b\x00\x00\x00',Documents,0,,,,,1584827295,,,,,,,,,,,,,1,,11,,,0,,11,0,0,0,,,,0,,0.0
12,12,b'\x02\x0c\x00\x00\x00',0,4,,33456126,25,,,,45940,1,,,,0,,0,0,1,0,1584827295,b'\x01\x0c\x00\x00\x00',Documents,0,,,,,1584827295,,,,,,,,,,,,,1,,12,,,0,,12,0,0,1,,,,0,,0.0
13,11,b'\xb9\xe6\x1b\x04elA\x17\x9f\t\xba\xbb\x0b+\x8e\x01',0,0,,0,49,,,,49439,4,,,,0,b'\x08\x01\x10\x00\x1a\x01o',0,0,1,0,1584827420,b'\x01\x0b\x00\x00\x00',Dictionaries,0,,,,,1584827434,,,,,,,,,,,,,1,,11,,,0,,11,0,0,0,,,,0,,0.0
14,11,b'\xeb\xbc3\xa4\x7fIC\x8f\xb7\xb3\x060\x80\xff{A',0,0,,0,50,,,,49441,2,,,,0,b'\x08\x01\x10\x00\x1a\x01r',0,0,1,0,1584827420,b'\xb9\xe6\x1b\x04elA\x17\x9f\t\xba\xbb\x0b+\x8e\x01',mobile~898F53A0-1714-5175-8C2D-9CD740CC7BA7,0,,,,,1584827434,,,,,,,,,,,,,1,,11,,,0,,11,0,0,0,,,,0,,0.0
15,11,b'\xee\x90\xfc\xa7\x9d_D+\xa3\x88iD1\x11g\xd6',0,0,,0,51,,,,49443,2,,,,0,b'\x08\x01\x10\x00\x1a\x01s',0,0,1,0,1584827420,b'\xeb\xbc3\xa4\x7fIC\x8f\xb7\xb3\x060\x80\xff{A',UserDictionary,0,,,,,1584827434,,,,,,,,,,,,,1,,11,,,0,,11,0,0,0,,,,0,,0.0
16,11,b'T\xac_a\xb5\x02H!\xbd\x87Ey\x96U\xdf~',0,0,,0,52,,,,49446,7,,,,0,b'\x08\x01\x10\x00\x1a\x01p',0,0,1,0,1584827420,b'\xee\x90\xfc\xa7\x9d_D+\xa3\x88iD1\x11g\xd6',SAlQVUhF7208e6_gvZx_zdKx1U1AzKGem3HO2pLKjgY=,0,,,,,1584827434,,,,,,,,,,,,,1,,11,,,0,,11,0,0,0,,,,0,,0.0
17,11,b'!\x8c\xe0\x9c\x18\x93H@\xac\x85\xf9\xf4\xf6~Z\\',0,0,,0,53,,,,49453,2,,,,0,b'\x08\x01\x10\x00\x1a\x018',0,0,1,0,1584827420,b'\xb9\xe6\x1b\x04elA\x17\x9f\t\xba\xbb\x0b+\x8e\x01',.cdmetadata,0,,,,,1584827431,,,,,,,,,,,,,1,,11,,,0,,11,0,0,0,,,,0,,0.0
18,11,b'\xf2l\x07\x0e\x08\x87D\xa0\xa3\x15B\xe3/\x1a\x80\x97',0,0,,0,54,,,,49472,3,,,,0,b'\x08\x01\x10\x00\x1a\x01i',0,0,1,0,1584827420,b'\xb9\xe6\x1b\x04elA\x17\x9f\t\xba\xbb\x0b+\x8e\x01',.baseline,0,,,,,1584827433,,,,,,,,,,,,,1,,11,,,0,,11,0,0,0,,,,0,,0.0
19,11,b'\xef\xd0M8\t\xd2A2\xbe^7r\xbb\x1d\x07\xb3',0,0,,0,55,,,,49473,2,,,,0,b'\x08\x01\x10\x00\x1a\x01f',0,0,1,0,1584827420,b'\xf2l\x07\x0e\x08\x87D\xa0\xa3\x15B\xe3/\x1a\x80\x97',UserDictionary,0,,,,,1584827433,,,,,,,,,,,,,1,,11,,,0,,11,0,0,0,,,,0,,0.0
20,11,b'P\xebU\xf2\xcb\xd2N\xe0\xa9\xf3x\\~\x1fs\x19',0,0,,0,56,,,,49474,5,,,,0,b'\x08\x01\x10\x00\x1a\x01h',0,0,1,0,1584827420,b'\xef\xd0M8\t\xd2A2\xbe^7r\xbb\x1d\x07\xb3',SAlQVUhF7208e6_gvZx_zdKx1U1AzKGem3HO2pLKjgY=,0,,,,,1584827433,,,,,,,,,,,,,1,,11,,,0,,11,0,0,0,,,,0,,0.0
21,11,b'\xcc\xd8\x94x\xe5~G \xbb\x87\xcb\x8e\xde\x89\xf1\xa1',0,0,,0,60,,1.587052413036175e+18,3.0,49477,2,,,,0,b'\x08\x01\x10\x00\x1a\x01e',0,1,1,0,1584827420,b'P\xebU\xf2\xcb\xd2N\xe0\xa9\xf3x\\~\x1fs\x19',baseline.zip,0,,,,b'\x08\x01\x10\x00\x1a\x01d',1584827420,baseline.zip,8040.0,0.0,,b'\x01n\xbd\xc2\xdc\x97$\xe3(\x1f\xe9\x0e2O\xbc\x10\xb3{z~R',,1.0,,,,,,1,,11,,,0,,11,0,0,0,,,,0,,
22,11,b'\x0c\x88\xdew\xcb\xf4@u\xbe&\xca\x9c\x0e\x1dV9',0,0,,0,61,,1.587052413018523e+18,4.0,49452,2,,,,0,b'\x08\x01\x10\x00\x1a\x01l',0,1,1,0,1584827420,b'T\xac_a\xb5\x02H!\xbd\x87Ey\x96U\xdf~',CDFE40EE-C14F-44DA-8CC0-1F302CBC95C8.1.cdt,0,,,,b'\x08\x01\x10\x00\x1a\x01k',1584827420,CDFE40EE-C14F-44DA-8CC0-1F302CBC95C8.1.cdt,628.0,0.0,,b'\x01}\x07J\xac\xd83\x95\x1f\xf2\x07\x17\xbd8\x19\xa1\xb9\x15\xb6\xe2Y',,1.0,,,,,,1,,11,,,0,,11,0,0,0,,,,0,,
23,11,"b'|\xda}F\x1f""M\x8b\x86\xff\xebtW\x8d\x86\xaa'",0,0,,0,62,,1.587052413018523e+18,5.0,49539,2,,,,0,b'\x08\x01\x10\x00\x1a\x01n',0,1,1,0,1584827421,b'T\xac_a\xb5\x02H!\xbd\x87Ey\x96U\xdf~',receipt.0.cdt,0,,,,b'\x08\x01\x10\x00\x1a\x01m',1584827421,receipt.0.cdt,239.0,0.0,,"b'\x01\xf2""\x98c\xd6\xf6b<\xbaan\x11\x85\t_#\xc6\x17z\xa3'",,1.0,,,,,,1,,11,,,0,,11,0,0,0,,,,0,,
24,13,b'\x02\r\x00\x00\x00',0,4,,33456126,64,,,,87808,1,,,,0,,0,0,1,0,1584840392,b'\x01\r\x00\x00\x00',Documents,0,,,,,1584840392,,,,,,,,,,,,,1,,13,,,0,,13,0,0,0,,,,0,,0.0
25,14,b'\x02\x0e\x00\x00\x00',0,4,,33456126,66,,,,89438,1,,,,0,,0,0,1,0,1584840461,b'\x01\x0e\x00\x00\x00',Documents,0,,,,,1584840461,,,,,,,,,,,,,1,,14,,,0,,14,0,0,0,,,,0,,0.0
26,15,b'\x02\x0f\x00\x00\x00',0,4,,33456126,68,,,,96246,1,,,,0,,0,0,1,0,1584840752,b'\x01\x0f\x00\x00\x00',Documents,0,,,,,1584840752,,,,,,,,,,,,,1,,15,,,0,,15,0,0,0,,,,0,,0.0
27,16,b'\x02\x10\x00\x00\x00',0,4,,33456126,70,,,,97809,1,,,,0,,0,0,1,0,1584840825,b'\x01\x10\x00\x00\x00',Documents,0,,,,,1584840825,,,,,,,,,,,,,1,,16,,,0,,16,0,0,0,,,,0,,0.0
28,17,b'\x02\x11\x00\x00\x00',0,4,,33456126,72,,,,99498,1,,,,0,,0,0,1,0,1584840932,b'\x01\x11\x00\x00\x00',Documents,0,,,,,1584840932,,,,,,,,,,,,,1,,17,,,0,,17,0,0,0,,,,0,,0.0
29,18,b'\x02\x12\x00\x00\x00',0,4,,33456126,74,,,,108840,1,,,,0,,0,0,1,0,1584841419,b'\x01\x12\x00\x00\x00',Documents,0,,,,,1584841419,,,,,,,,,,,,,1,,18,,,0,,18,0,0,0,,,,0,,0.0
30,19,b'\x02\x13\x00\x00\x00',0,4,,33456126,76,,,,119635,1,,,,0,,0,0,1,0,1584842038,b'\x01\x13\x00\x00\x00',Documents,0,,,,,1584842038,,,,,,,,,,,,,1,,19,,,0,,19,0,0,0,,,,0,,0.0
31,20,b'\x02\x14\x00\x00\x00',0,4,,33456126,78,,,,121613,1,,,,0,,0,0,1,0,1584842084,b'\x01\x14\x00\x00\x00',Documents,0,,,,,1584842084,,,,,,,,,,,,,1,,20,,,0,,20,0,0,0,,,,0,,0.0
32,21,b'\x02\x15\x00\x00\x00',0,4,,33456126,80,,,,123001,1,,,,0,,0,0,1,0,1584842150,b'\x01\x15\x00\x00\x00',Documents,0,,,,,1584842150,,,,,,,,,,,,,1,,21,,,0,,21,0,0,0,,,,0,,0.0
33,22,b'\x02\x16\x00\x00\x00',0,4,,33456126,82,,,,124115,1,,,,0,,0,0,1,0,1584842210,b'\x01\x16\x00\x00\x00',Documents,0,,,,,1584842210,,,,,,,,,,,,,1,,22,,,0,,22,0,0,0,,,,0,,0.0
34,1,b'\x1f\x07\x9d\x82&CK\xc3\x9b\xad\x8a)\x93\xbf\x89O',0,0,,0,131,,,,405596,10,,,,0,b'\x08\x01\x10\x00\x1a\x01p',0,0,1,0,1585359915,b'\x01\x01\x00\x00\x00',Downloads,0,,,,,1587037549,,,,,,,,,,,,,2,,1,,,0,,1,0,1585359915675,1,,,,0,,3.0
36,1,b'\x9e\xb1I\xd8\xc1\x11N\xff\x8f>\n\xbf2-W\xd7',0,0,,0,110,,1.587052408825589e+18,13.0,405607,6,,,,0,b'\x08\x01\x10\x00\x1a\x01f',0,1,1,0,1585359915,b'\x1f\x07\x9d\x82&CK\xc3\x9b\xad\x8a)\x93\xbf\x89O',iOS Mobile Installation Logs.pdf,1,,,,b'\x08\x01\x10\x00\x1a\x017',1585359915,942a1b49-fcf2-42af-afe6-addb89f6a9fa.pdf,1562959.0,37905.0,b'\x01\xc5dl\xea\x11\x94\x03\x82z\xf0/X\t\xe3\xe8\x02\xa1i\x90\xd0',b'\x01\x04\xa0\xde\xec\x8ey\xb1\x83\x11\xd07R9\x8a\rd\x95_\xdf\xd8',,1.0,,,,,,2,,1,,,0,b'\x01\xc5dl\xea\x11\x94\x03\x82z\xf0/X\t\xe3\xe8\x02\xa1i\x90\xd0',1,1585359916,0,1,,,,0,,
38,1,"b'b\xc7\x04\x11\t\xc7H\xda\x83>""\xe1\x97\xe2\xb7\xb5'",0,0,,0,108,,1.587052408825589e+18,15.0,406100,4,,,,0,b'\x08\x01\x10\x00\x1a\x01e',0,1,1,0,1585360149,b'\x1f\x07\x9d\x82&CK\xc3\x9b\xad\x8a)\x93\xbf\x89O',How was an iPhone set up?.pdf,1,,,,b'\x08\x01\x10\x00\x1a\x01a',1585360149,1c5dcde3-b2ab-44c5-8aaa-f306febbbbbd.pdf,846528.0,0.0,,b'\x01\x16~\x01\x80\t\xd3\xef\xbf\x1f\x9b\x9f\xaa\xf3\xb0\xe9\xd6\x9cO\xd7\xc1',,1.0,,,,,,2,,1,,,0,,1,1585360149,0,1,,,,0,,
39,23,b'\x02\x17\x00\x00\x00',0,4,,33456126,106,,,,704837,1,,,,0,,0,0,1,0,1586135511,b'\x01\x17\x00\x00\x00',Documents,0,,,,,1586135511,,,,,,,,,,,,,1,,23,,,0,,23,0,0,0,,,,0,,0.0
40,1,"b'c\xe2v\x9c""IH\xc2\xbd\x8b$\x01Ql\x83n'",68,0,,0,189,,1.587052408825589e+18,37.0,922180,1,,,,0,b'\x08\x01\x10\x00\x1a\x01t',0,1,1,0,1586697676,b'\x1f\x07\x9d\x82&CK\xc3\x9b\xad\x8a)\x93\xbf\x89O',iOS_Bug_Reporting_for_Forensic_Purposes_1.2.pdf,1,,,,b'\x08\x01\x10\x00\x1a\x01o',1586697676,iOS_Bug_Reporting_for_Forensic_Purposes_1.2.pdf,7073725.0,80381.0,b'\x01]7\xc3\xc7{\xec\x1de5K\x8f=\xab\xd0p\xa08\x17X\xcc',b'\x01W\x11\xc7\x87s\xbb\xa4\x84\xe2\xbd\xd9q\x97\r\xc3@\x19z\n\xd1',,1.0,,,,,,2,,1,,,0,b'\x01]7\xc3\xc7{\xec\x1de5K\x8f=\xab\xd0p\xa08\x17X\xcc',1,1587037605,0,1,,,,0,,
41,24,b'\x02\x18\x00\x00\x00',0,4,,33456126,181,,,,1120359,1,,,,0,,0,0,1,0,1586826911,b'\x01\x18\x00\x00\x00',Documents,0,,,,,1586826911,,,,,,,,,,,,,1,,24,,,0,,24,0,0,0,,,,0,,0.0
