package_id,version
11537,1580622200039
11538,1580622200039
11539,1580622200039
16687,1583485427889
5194,1580622200039
6496,1580622200039
3524,1580622200039
7348,1580622200039
8543,1580622200039
13321,1581468200038
570,1580622200039
12913,1580622200039
1975,1580622200039
15815,1582616941392
7584,1580622200039
2351,1580622200039
2242,1580622200039
7494,1580622200039
7488,1580622200039
15492,1579427000034
13640,1579589000037
608,1584753407507
1253,1584753407507
8571,1580622200039
955,1580622200039
6791,1580622200039
4187,1580622200039
2005,1580622200039
14456,1584793007507
925,1580622200039
15493,1579427000034
2710,1580622200039
7127,1580622200039
10066,1580622200039
8823,1580622200039
2344,1580622200039
15644,1581324208718
12797,1580622200039
12374,1580622200039
1100,1580622200039
16613,1582433341398
3583,1580622200039
6740,1580622200039
1252,1580622200039
7842,1580622200039
11503,1580622200039
9466,1580622200039
15567,1581065187416
14378,1582800543276
16612,1582433341398
4669,1580622200039
7334,1580622200039
9905,1580622200039
5792,1580622200039
15527,1580193800037
16799,1584429407509
5835,1580622200039
3065,1580622200039
5030,1580622200039
3773,1580622200039
7260,1580622200039
2821,1580622200039
3858,1580622200039
8155,1580622200039
9350,1580622200039
2802,1580622200039
6795,1580622200039
16047,1584695807507
6684,1580622200039
12796,1580622200039
6083,1580622200039
16760,1584677807509
6253,1580622200039
7776,1580622200039
1917,1580622200039
5027,1583751828221
3620,1580622200039
4107,1580622200039
16622,1582793342879
1185,1580622200039
8368,1580622200039
2786,1580622200039
8550,1580622200039
16628,1582793342879
3212,1580622200039
5510,1580622200039
1312,1580622200039
578,1580622200039
14457,1584793007507
6970,1580622200039
7561,1580622200039
4504,1580622200039
1439,1580622200039
546,1580622200039
15219,1584609407509
2678,1580622200039
7626,1580622200039
1665,1580622200039
6761,1580622200039
7998,1580622200039
6468,1580622200039
1441,1580622200039
15086,1582969741400
14722,1579085020196
3669,1580622200039
16440,1580010200036
1301,1580622200039
12659,1580622200039
2137,1580622200039
7156,1580622200039
6743,1580622200039
9897,1584010811543
1669,1580622200039
8642,1580622200039
7766,1580622200039
2632,1580622200039
10627,1580622200039
10548,1580622200039
11766,1580622200039
6311,1580622200039
12999,1580622200039
4146,1580622200039
4017,1580622200039
4924,1580622200039
6598,1580622200039
3823,1580622200039
13036,1580622200039
10345,1580622200039
393,1580622200039
5200,1580622200039
14922,1581500625841
9410,1584010811543
4900,1580622200039
1169,1580622200039
9891,1580622200039
6009,1580622200039
10752,1580622200039
16708,1584429407509
16596,1581671019959
4694,1580622200039
15915,1583647427582
15993,1584443807765
6437,1580622200039
3312,1580622200039
617,1580622200039
4956,1583744628454
14923,1581500625841
10277,1580622200039
527,1580622200039
3910,1580622200039
3111,1580622200039
5144,1580622200039
14327,1582606141400
10570,1580622200039
8208,1580622200039
732,1580622200039
12762,1580622200039
2461,1580622200039
8087,1580622200039
5921,1580622200039
13967,1579851800036
7849,1580622200039
14992,1582523343001
11837,1580622200039
2673,1580622200039
16629,1584036006987
3175,1580622200039
876,1580622200039
4333,1580622200039
2581,1580622200039
2046,1580622200039
12143,1580622200039
582,1580622200039
715,1580622200039
1579,1580622200039
10165,1580622200039
1753,1580622200039
6982,1580622200039
589,1580622200039
9166,1580622200039
3902,1580622200039
3558,1580622200039
3957,1580622200039
7114,1580622200039
7586,1580622200039
8156,1580622200039
789,1580622200039
14014,1581065187416
815,1580622200039
2746,1580622200039
6854,1580622200039
9340,1580622200039
859,1580622200039
3727,1580622200039
15068,1583658227583
10156,1580622200039
15470,1579250600041
6153,1580622200039
1979,1580622200039
7240,1580622200039
11237,1580622200039
8815,1580622200039
7946,1580622200039
8296,1580622200039
4062,1580622200039
1063,1580622200039
13389,1584753407507
3221,1580622200039
6315,1580622200039
10106,1580622200039
6575,1580622200039
10706,1580622200039
14105,1582350541861
1229,1580622200039
4506,1580622200039
3172,1580622200039
8422,1580622200039
3900,1580622200039
1331,1580622200039
6958,1580622200039
6312,1580622200039
2408,1580622200039
10484,1584753407507
6523,1580622200039
8558,1580622200039
8630,1580622200039
1168,1580622200039
1719,1580622200039
900,1580622200039
8896,1580622200039
10095,1580622200039
8644,1580622200039
5785,1580622200039
13581,1584883007507
1126,1580622200039
13315,1580949800037
4770,1581072240721
716,1580622200039
16120,1584036006987
3774,1580622200039
3616,1580622200039
2094,1580622200039
14450,1584537407507
1718,1580622200039
2464,1580622200039
4274,1580622200039
2939,1580622200039
1350,1580622200039
8677,1580622200039
14386,1584018006987
2713,1580622200039
9216,1580622200039
2998,1580622200039
13300,1579247063354
4147,1580622200039
8757,1580622200039
681,1580622200039
4958,1580622200039
4918,1580622200039
982,1580622200039
9678,1580622200039
2781,1580622200039
13123,1580622200039
3204,1580622200039
1207,1580622200039
2585,1580622200039
775,1580622200039
731,1580622200039
1145,1580622200039
16386,1579430600034
14420,1584018006987
10075,1580622200039
584,1580622200039
12541,1580622200039
16570,1580618600036
6287,1580622200039
5729,1580622200039
1474,1580622200039
10073,1580622200039
6370,1580622200039
14907,1581158702113
11296,1580622200039
10104,1580622200039
11901,1580622200039
8142,1580622200039
6355,1580622200039
12056,1580622200039
12350,1580622200039
16748,1583228942128
1385,1584126006985
13129,1579247063354
12959,1580622200039
4734,1580622200039
14759,1580100200035
14711,1580327000036
8233,1580622200039
7631,1580622200039
4453,1580622200039
12055,1580622200039
5602,1580291018089
15950,1583982006998
9802,1580622200039
9128,1580622200039
12430,1580622200039
7911,1580622200039
3434,1580622200039
14963,1582350541861
6086,1580622200039
11577,1580622200039
15209,1584334429088
683,1580622200039
2281,1580622200039
10157,1580622200039
3899,1580622200039
11500,1580622200039
7985,1580622200039
8676,1580622200039
10097,1580622200039
11463,1580622200039
9871,1580622200039
8579,1580622200039
2092,1580622200039
2088,1580622200039
1029,1580622200039
1628,1580622200039
15828,1583135342421
3296,1580622200039
9363,1580622200039
1348,1580622200039
15816,1583038141390
1271,1580622200039
7741,1580622200039
4382,1580622200039
14975,1582523343001
7441,1580622200039
5360,1580622200039
9773,1580622200039
1529,1584753407507
1076,1580622200039
15551,1580456600038
3714,1580622200039
3223,1580622200039
4588,1581065187416
3131,1580622200039
11634,1580622200039
698,1580622200039
2462,1580622200039
6799,1580622200039
1102,1580622200039
1101,1580622200039
14948,1581919419959
14328,1582606141400
4409,1580622200039
957,1580622200039
1717,1580622200039
6118,1580622200039
6721,1580622200039
10396,1580622200039
564,1580622200039
1349,1580622200039
15524,1580193800037
3897,1580622200039
3383,1580622200039
1758,1580499800038
585,1580622200039
14947,1581919419959
5401,1580622200039
13976,1580363000047
2346,1580622200039
13760,1578638600046
15564,1580715800041
9126,1580622200039
8831,1580622200039
15220,1584609407509
11707,1580622200039
4954,1583744628454
1005,1580622200039
15743,1581930228785
3386,1580622200039
7449,1580622200039
12268,1580622200039
7113,1580622200039
8451,1580622200039
331,1580622200039
11982,1580622200039
12100,1580622200039
6252,1580622200039
11111,1580622200039
11152,1580622200039
685,1580622200039
2745,1580622200039
5266,1580622200039
4408,1580622200039
10791,1580622200039
12272,1580622200039
10515,1579031000034
13571,1584627407506
5271,1583149741393
4452,1580622200039
3631,1580622200039
1062,1580622200039
3778,1580622200039
15427,1578905000034
1008,1580622200039
10911,1580622200039
2712,1580622200039
7386,1580622200039
3438,1581061428980
10392,1580622200039
4057,1580622200039
7031,1580622200039
5957,1580622200039
832,1580622200039
1006,1580622200039
15292,1577681000032
13510,1584248406989
1370,1580622200039
4218,1580622200039
2804,1580622200039
7253,1580622200039
10432,1580622200039
442,1580622200039
7067,1580622200039
4061,1580622200039
8932,1580622200039
11842,1580622200039
10233,1580622200039
10022,1580622200039
7296,1580622200039
1245,1580622200039
8793,1580622200039
8854,1580622200039
7330,1580622200039
1103,1580622200039
3108,1580622200039
14060,1581065187416
13966,1579589000037
11641,1580622200039
1270,1580622200039
15069,1583823828316
11164,1580622200039
10509,1580622200039
8651,1580622200039
3001,1580622200039
7382,1580622200039
3713,1580622200039
2942,1580622200039
5553,1580622200039
5362,1580622200039
8792,1580622200039
9593,1584036006987
8356,1580622200039
663,1580622200039
8104,1580622200039
1576,1580622200039
5920,1580622200039
670,1580622200039
8281,1580622200039
6925,1580622200039
10794,1580622200039
445,1580622200039
7359,1580622200039
3990,1580622200039
566,1580622200039
10925,1580622200039
5ac1bfd5040ab15980c9b435,1583388227581
5ac21542031a6752fb806d55,1583658227583
5ac21184040ab15980c9b43a,1581486200039
5ac21a18040ab15980c9b43e,1579434200034
5ac2197b040ab15980c9b43d,1583388227581
17077,1585039600884
14720,1585075600885
16121,1585450001865
13582,1585392401048
13782,1585075600885
9739,1580622200039
16049,1585028800887
4877,1583744628454
5886,1585421200886
6046,1580622200039
14409,1585075600885
926,1580622200039
970,1580622200039
1040,1580622200039
3487,1580622200039
12246,1580622200039
618,1584753407507
5824,1580622200039
718,1580622200039
12429,1580622200039
6881,1580622200039
6757,1580622200039
11163,1580622200039
1231,1580622200039
987,1580622200039
6173,1580622200039
6581,1580622200039
1757,1580622200039
11775,1580622200039
792,1580622200039
7269,1580622200039
15294,1585457200886
804,1580622200039
1442,1580622200039
6371,1580622200039
9259,1580622200039
349,1580622200039
14534,1585306001912
5139,1585216000908
868,1580622200039
1078,1580622200039
2805,1580622200039
793,1580622200039
3557,1580622200039
3384,1580622200039
8390,1580622200039
8690,1580622200039
5001,1580622200039
3961,1580622200039
4732,1580622200039
752,1580622200039
2628,1580622200039
3814,1580622200039
6404,1580622200039
4110,1580622200039
1414,1580622200039
5469,1580622200039
3105,1580622200039
1298,1580622200039
3896,1580622200039
16176,1585630000886
7788,1580622200039
6753,1580622200039
7401,1580622200039
1228,1580622200039
3316,1580622200039
13637,1585648000885
13328,1581468200038
749,1580622200039
12099,1580622200039
1625,1580622200039
16842,1585723601635
2803,1580622200039
16180,1585810000886
666,1580622200039
13634,1585903601729
3002,1580622200039
6535,1580622200039
956,1580622200039
5225,1585914400886
16218,1585824400886
627,1580622200039
786,1580622200039
5885,1580622200039
684,1580622200039
17289,1586112400888
15412,1586332000886
16219,1586252802229
4380,1580622200039
17205,1586227600888
8179,1580622200039
784,1580622200039
588,1580622200039
15340,1586076401454
16230,1586494000887
9740,1580622200039
14532,1585306001912
16240,1586494000887
702,1580622200039
834,1580622200039
260,1580622200039
1626,1580622200039
1721,1580622200039
3058,1580622200039
10926,1580622200039
7767,1580622200039
1143,1580622200039
856,1580622200039
6049,1580622200039
614,1580622200039
1387,1580622200039
1577,1580622200039
1333,1580622200039
946,1580622200039
587,1580622200039
1043,1580622200039
12231,1580622200039
9342,1580622200039
988,1580622200039
1044,1580622200039
13497,1583239741392
10705,1580622200039
4769,1584753407507
8116,1580622200039
1127,1580622200039
7702,1580622200039
2783,1580622200039
3258,1580622200039
1028,1584753407507
526,1580622200039
629,1580622200039
7922,1580622200039
1477,1580622200039
785,1580622200039
11339,1580622200039
4680,1581065187416
7371,1580622200039
8609,1580622200039
1255,1580622200039
968,1580622200039
699,1580622200039
1801,1580622200039
13037,1580622200039
3206,1580622200039
1230,1580622200039
10296,1580622200039
10281,1580622200039
1313,1580622200039
10110,1580622200039
1027,1581061428980
7332,1580622200039
764,1580622200039
278,1580622200039
4648,1580622200039
1415,1580622200039
1189,1580622200039
1922,1580622200039
920,1580622200039
800,1580622200039
1609,1580622200039
269,1580622200039
16214,1585810000886
5ac21c46040ab15980c9b442,1585061200885
5ac221ca040ab15980c9b449,1585061200885
5ac2216f040ab15980c9b448,1585061200885
5ac2206d031a6752fb806d5f,1585061200885
5ac2211e031a6752fb806d61,1585061200885
5ac1de17040ab15980c9b438,1585061200885
5ac2213e040ab15980c9b447,1585061200885
5ac21e6c040ab15980c9b444,1585061200885
5ac21ef5031a6752fb806d5e,1585061200885
5ac2264e040ab15980c9b44b,1585061200885
5ac21cc5031a6752fb806d5c,1585061200885
5ac21d59031a6752fb806d5d,1585061200885
5ac21f52040ab15980c9b445,1585061200885
5ac22e85040ab15980c9b44f,1585061200885
5ac22def040ab15980c9b44e,1585061200885
5ac2280f031a6752fb806d65,1585061200885
5ac21869040ab15980c9b43b,1585061200885
5ac22b23040ab15980c9b44d,1585061200885
5ac22c9e031a6752fb806d68,1585061200885
5ac218e3040ab15980c9b43c,1585061200885
5ac22bad031a6752fb806d67,1585061200885
5ac2173d031a6752fb806d56,1585018000898
5ac21a13031a6752fb806d57,1585061200885
5ac21a8c040ab15980c9b43f,1585061200885
5ac21ae3040ab15980c9b440,1585061200885
5ac21b4f031a6752fb806d59,1585061200885
10306,1586720800887
12140,1586720800887
8373,1586720800887
8201,1586720800887
9468,1586720800887
11392,1586720800887
10935,1586720800887
8522,1586720800887
10597,1586720800887
858,1580622200039
3725,1580622200039
2938,1580622200039
444,1580622200039
10498,1580622200039
1186,1580622200039
1166,1580622200039
15426,1586508400886
9218,1580622200039
6643,1580622200039
5468,1580622200039
686,1580622200039
778,1580622200039
1130,1580622200039
10004,1580622200039
8566,1580622200039
16220,1586252802229
625,1580622200039
855,1580622200039
1797,1580622200039
886,1580622200039
1417,1580622200039
7318,1580622200039
9634,1580622200039
13329,1581714219959
733,1580622200039
9721,1586717200887
10020,1586717200887
1315,1586807200888
3133,1580622200039
744,1580622200039
