uuid_0,uuid_1,creationDate
6071290475418658585,7882933242128417665,25051930
-485827365514235878,-2147842393884394051,25051926
8956129295230852646,-6757619858646246231,25051926
7370290505217065521,3927613200569692299,25051928
-4950444437431884233,169089608345413788,25051930
-4737254658792311229,-5520701247697316172,25051926
5784145959098312290,-6189542423767100541,25051926
-3439995219117765521,-2199506356508310897,25051926
8092960263248520050,-970739549958775136,25051928
3120020505145346700,8759924852670423681,25051930
-3870318285871187826,9207624530475882909,25051926
3623616130375556498,-2978198069208827733,25051930
3913442710809876629,834998651930482326,25051926
1245056933872076445,2777986521209515931,25051926
3048822490169133745,-1416051942742285380,25051926
6867516333673825244,-5178106006836996949,25051926
20380228326248157,-2235764720019720318,25051930
2974978796131249636,-9050000182617942121,25051926
5496405673597028594,874248359446084792,25051926
4200475828935256564,-9139239924172852839,25051926
-2068653780679073028,-8157446571843278425,25051926
-7330396595787850567,-310250185411665254,25052165
8162743139287083274,-4862204343773997178,25052171
4201056875138104345,-3640044807967790161,25052171
5282069639489736969,-5961271576479808083,25052171
-2789886687839228145,7782494056530276760,25052171
5857131943486284021,6223104523582286780,25052171
8811575253562327833,5681011336716300945,25051930
5424521658588033578,-8797646454044069473,25051926
-7115390580156550305,-7607874545894049905,25051930
-3149475548663853979,-3241225322181113412,25051929
90199091940303722,1261871303388514478,25052165
-2357886711234885762,8249234733479425681,25051926
1894749609685398915,-7461852134802176630,25051926
-3796667996311837809,2449862646583571118,25051926
9100780388868000725,5441340388826509750,25051930
4201264892265166818,-3826527627971423828,25051926
451793854835516645,1561828343466684315,25051926
-5600954346908108536,-4306341614465020274,25052172
-6034692142623981286,457285494631389870,25052172
8451861862186186780,2466183918468232601,25052172
-7978660901149438168,-6217133943425811276,25052172
6575310349555531564,-954702411257430379,25052172
-6175908737270305465,-6276782346746132819,25052172
-5166756707095142566,-7102799595633769573,25052172
-1421871476368709496,510836563147868342,25052172
597999769886985358,-4355652717930736709,25052172
8305270145214312591,4090554057907103903,25052172
7151984495184201622,1621487426834394248,25052172
-5887063125789778282,2230040635149220750,25052172
-4951992169191798368,-3272809970285271382,25052172
6432853214682207909,7313864528359115446,25052172
-6753640308863645693,5142746964065069450,25052176
-6466651712291215834,-3643939264499003741,25052176
