Z_PK,Z_ENT,Z_OPT,ZCOUNT,ZISDEPRECATED,ZTIMESTAMP,ZEVENTLOG,ZMETHODLOG
302,1,1,1,0,608731571.021777,,setUserAttribute:withKey:
315,1,1,1,0,608731571.021879,,setUserData:
316,1,1,1,0,608731571.022021,,setUserData:
323,1,1,1,0,608731571.021684,,setUserAttribute:withKey:
325,1,1,1,0,608731571.02126,,setUserData:
328,1,1,1,0,608731571.021578,,identifyUserWithEmail:name:
330,1,1,1,0,608731571.856371,,appendTags:
331,1,1,1,0,608731571.856007,,setUserData:
332,1,1,1,0,608731571.856191,,resetTags
333,1,1,1,0,608731571.923945,,setUserData:
334,1,1,1,0,608731571.924221,,resetTags
335,1,1,1,0,608731571.924327,,appendTags:
336,1,32,47,0,608731573.433761,,logInfo:
337,1,34,71,0,608731573.61002,,logVerbose:
338,1,1,1,0,608731574.576789,,setUserData:
339,1,1,1,0,608731574.578343,,resetTags
340,1,1,1,0,608731574.578681,,appendTags:
341,1,3,3,0,608731575.331863,,logError:
342,1,1,1,0,608731578.400697,,setUserData:
343,1,1,1,0,608731578.401079,,resetTags
344,1,1,1,0,608731578.401909,,appendTags:
345,1,1,1,0,608731578.45957,,resetTags
346,1,1,1,0,608731578.44718,,logWarn:
347,1,1,1,0,608731578.460175,,appendTags:
348,1,1,1,0,608731578.457333,,setUserData:
