level,idx,start_block,leaves_end_block,end_block,root
0,0,0,0,0 48,b'\x00\x0215\x03\x01\x03\x00\x01\x018\x03\x01\x04\x00\x01\x019\x03\x01\x07\x00\x00\x0225\x03\x01\x06\x00\x00\x015\x03\x01\x05\x00\x00\x05taken\x03\x01\x02\x00'
0,1,0,0,0 59,b'\x00\x0219\x03\x03\x08\x00\x00\x0222\x03\x03\x07\x00\x00\x0246\x03\x03\x05\x00\x00\x015\x03\x03\x06\x00\x00\x019\x03\x03\x04\x00\x00\x05taken\x03\x03\x03\x00\x00\x04work\x03\x03\x02\x00'
0,2,0,0,0 58,b'\x00\x08favorite\x03\x04\x03\x00\x00\x04game\x03\x04\x05\x00\x00\x04hero\x03\x04\x06\x00\x00\x07megaman\x03\x04\x02\x00\x00\x05video\x03\x04\x04\x00'
0,3,0,0,0 49,b'\x00\x0219\x03\x05\x07\x00\x00\x0222\x03\x05\x06\x00\x00\x0241\x03\x05\x04\x00\x00\x015\x03\x05\x05\x00\x00\x019\x03\x05\x03\x00\x00\x05taken\x03\x05\x02\x00'
0,4,0,0,0 49,b'\x00\x0219\x03\x06\x07\x00\x00\x0222\x03\x06\x06\x00\x00\x0239\x03\x06\x04\x00\x00\x015\x03\x06\x05\x00\x00\x019\x03\x06\x03\x00\x00\x05taken\x03\x06\x02\x00'
0,5,0,0,0 58,b'\x00\x0219\x03\x07\x08\x00\x00\x0222\x03\x07\x07\x00\x00\x0243\x03\x07\x04\x00\x00\x015\x03\x07\x06\x00\x00\x018\x03\x07\x03\x00\x00\x03edt\x03\x07\x05\x00\x00\x05taken\x03\x07\x02\x00'
0,6,0,0,0 58,b'\x00\x042019\x03\x08\x08\x00\x01\x012\x03\x08\x07\x00\x01\x013\x03\x08\x04\x00\x00\x015\x03\x08\x06\x00\x00\x018\x03\x08\x03\x00\x00\x03edt\x03\x08\x05\x00\x00\x05taken\x03\x08\x02\x00'
0,7,0,0,0 15,b'\x00\tseptmeber\x03\t\x02\x00'
0,8,0,0,0 57,b'\x00\x0211\x03\x0b\x03\x00\x01\x019\x03\x0b\x08\x00\x00\x0221\x03\x0b\x07\x00\x00\x015\x03\x0b\x06\x00\x01\x013\x03\x0b\x04\x00\x00\x03edt\x03\x0b\x05\x00\x00\x05taken\x03\x0b\x02\x00'
0,9,0,0,0 18,b'\x00\x03add\x03\x0c\x02\x00\x00\x03meo\x03\x0c\x03\x00'
