transform_id
1
2
3
4
5
6
7
8
11
12
13
15
16
17
19
20
21
22
23
24
25
26
27
28
29
30
31
32
34
35
36
37
38
40
41
42
43
44
45
46
47
48
49
50
51
52
53
54
55
56
57
61
62
63
64
65
66
67
68
69
70
71
72
73
74
75
76
77
78
79
80
81
82
83
84
85
86
87
88
89
90
91
92
93
94
95
96
97
98
99
100
101
102
103
104
105
106
107
108
109
110
111
112
113
114
115
116
117
118
119
120
121
122
123
124
125
126
127
128
129
130
131
132
133
134
135
136
137
138
139
140
141
142
143
144
145
146
147
148
149
150
151
152
155
157
158
159
160
161
162
163
164
165
166
167
168
170
171
172
173
174
175
176
177
178
179
181
182
183
184
185
186
187
188
189
190
191
192
193
194
195
196
197
198
199
200
201
202
203
204
205
210
211
214
215
216
217
218
219
220
221
222
223
224
225
226
227
228
229
230
233
234
235
236
238
239
240
241
242
243
244
245
246
247
248
249
250
251
252
253
255
256
257
258
259
260
261
262
263
265
267
268
270
271
273
274
275
276
277
278
279
280
281
282
283
284
285
286
287
288
289
290
291
292
293
294
295
296
297
298
300
301
302
303
305
308
309
310
311
312
313
314
315
316
317
318
319
320
321
322
323
324
325
326
327
328
329
330
331
332
333
334
335
337
338
339
340
341
342
343
344
345
346
347
348
349
350
351
352
353
354
355
356
357
358
360
361
362
363
364
365
366
367
368
369
370
371
372
373
374
375
376
378
379
381
382
383
384
385
386
389
390
391
392
394
395
396
397
399
400
401
402
403
404
405
407
408
409
410
411
412
413
414
416
417
418
419
420
421
422
424
425
428
429
430
431
432
433
434
435
436
437
439
440
441
442
443
444
446
447
448
449
450
451
452
453
454
455
456
457
458
459
460
461
462
463
464
465
466
467
468
469
470
471
472
473
474
475
476
477
478
479
480
481
486
488
489
490
491
492
493
494
495
496
497
498
499
500
502
503
504
505
506
507
540
541
542
543
544
545
546
547
548
549
550
552
557
558
559
560
561
562
563
564
565
566
567
569
570
571
572
573
574
575
576
577
581
582
583
584
585
586
588
589
590
591
592
593
594
595
596
597
599
600
601
602
603
604
605
606
607
610
611
612
613
614
615
618
619
620
621
622
623
624
625
626
627
628
629
635
636
637
638
639
640
641
644
646
653
654
656
657
658
659
662
663
665
674
675
676
688
689
690
691
693
694
695
696
697
699
700
701
702
703
704
705
706
707
708
709
710
711
712
713
714
715
716
717
718
719
720
723
724
725
726
727
729
730
740
741
742
743
744
745
748
749
751
754
755
757
758
763
765
767
768
769
770
771
772
773
774
775
776
777
778
779
780
781
782
783
784
785
786
787
788
789
790
791
792
793
794
795
796
797
799
800
801
802
803
804
807
808
809
810
811
815
817
818
819
820
821
822
823
824
825
826
827
828
829
830
832
833
836
837
838
839
840
841
842
843
844
845
846
847
848
849
850
851
852
853
854
855
856
857
858
859
860
861
862
863
864
865
867
868
869
870
871
872
873
874
875
876
1462
1463
1464
1466
1467
1468
1469
1470
1471
1473
1474
1475
1476
1477
1478
1479
1480
1481
1482
1483
1484
1485
1486
1487
1488
1489
1491
1492
1493
1494
1495
1498
1499
1500
1501
1502
1503
1504
1505
1506
1507
1509
1510
1517
1518
1519
1520
1521
1522
1523
1524
1525
1526
1527
1528
1531
1532
1533
1534
1535
1537
1538
1539
1540
1541
1542
1545
1546
1547
1548
1549
1550
1551
1552
1553
1554
1555
1556
1559
1561
1563
1565
1567
1568
1569
1570
1571
1572
1573
1574
1579
1580
1581
1582
1583
1584
1585
1586
1587
1588
1589
1590
1591
1592
1593
1594
1595
1596
1597
1598
1599
1601
1602
1603
1604
1605
1606
1607
1608
1609
1610
1611
1612
1613
1614
1615
1616
1617
1618
1619
1620
1621
1622
1623
1624
1625
1626
1627
1628
1629
1630
1631
1632
1633
1634
1635
1637
1638
1639
1640
1641
1642
1643
1644
1645
1646
1647
1648
1649
1650
1651
1652
1653
1654
1655
1656
1657
1658
1659
1660
1661
1662
1663
1664
1665
1666
1667
1668
1671
1672
1675
1676
1677
1678
1679
1680
1681
1682
1683
1684
1685
1686
1687
1688
1689
1690
1691
1693
1694
1695
1696
1697
1698
1699
1700
1702
1705
1706
1707
1708
1709
1710
1711
1712
1713
1714
1715
1716
1717
1718
1719
1720
1721
1722
1723
1725
1734
1735
1736
1737
1738
1739
1740
1741
1742
1743
1744
1745
1746
1747
1748
1749
1750
1751
1752
1753
1754
1755
1756
1757
1758
1760
1761
1762
1763
1764
1765
1766
1767
1768
1769
1770
1771
1772
1773
1774
1775
1776
1777
1778
1779
1780
1781
1782
1783
1784
1785
1786
1787
1788
1789
1790
1791
1792
1794
1796
1797
1798
1799
1800
1801
1802
1804
1807
1808
1809
1810
1811
1812
1813
1814
1815
1824
1825
1826
1827
1828
1829
1830
1831
1832
1833
1834
1835
1836
1837
1838
1839
1842
1846
1847
1848
1849
1850
1851
1852
1853
1854
1855
1856
1857
1858
1859
1860
1861
1862
1863
1864
1865
1866
1867
1868
1869
1870
1871
1872
1873
1874
1875
1876
1877
1878
1879
1880
1881
1882
1883
1884
1885
1887
1888
1897
1898
1899
1900
1901
1902
1903
1904
1905
1906
1907
1908
1909
1910
1911
1912
1913
1914
1915
1916
1917
1918
1919
1920
1921
1922
1923
1924
1925
1926
1927
1928
1929
1930
1931
1932
1933
1934
1935
1936
1937
1938
1939
1940
1942
1943
1944
1945
1946
1947
1948
1949
1950
1951
1952
