event_id,transform_id
1,1
2,2
3,3
4,4
5,5
6,6
7,7
8,8
9,9
10,10
11,11
12,12
13,13
8,14
14,15
8,16
15,17
16,18
17,19
18,20
19,21
20,22
21,23
21,24
22,25
22,26
22,27
22,28
22,29
23,30
24,31
21,32
21,33
21,34
21,35
21,36
21,37
25,38
25,39
25,40
25,41
25,42
25,43
25,44
26,45
27,46
28,47
29,48
30,49
31,50
3,51
3,52
3,53
3,54
3,55
29,56
29,57
29,58
29,59
29,60
29,61
29,62
29,63
29,64
29,65
29,66
29,67
29,68
29,69
29,70
29,71
29,72
29,73
29,74
32,75
33,76
34,77
35,78
36,79
37,80
37,81
37,82
38,83
39,84
40,85
41,86
42,87
43,88
43,89
44,90
45,91
46,92
47,93
48,94
49,95
50,96
51,97
52,98
53,99
54,100
55,101
56,102
57,103
58,104
47,105
59,106
60,107
1,108
1,109
1,110
61,111
62,112
61,113
61,114
61,115
61,116
61,117
61,118
61,119
61,120
61,121
61,122
61,123
63,124
64,125
65,126
66,127
25,128
25,129
25,130
25,131
25,132
25,133
25,134
25,135
25,136
25,137
25,138
25,139
25,140
25,141
25,142
25,143
25,144
25,145
25,146
25,147
25,148
67,149
67,150
68,151
69,152
70,153
70,154
71,155
70,156
72,157
73,158
74,159
72,160
74,161
75,162
76,163
77,164
78,165
79,166
75,167
80,168
75,169
75,170
81,171
82,172
1,173
83,174
72,175
19,176
84,177
85,178
29,179
86,180
87,181
33,182
88,183
89,184
90,185
91,186
92,187
93,188
94,189
95,190
96,191
97,192
98,193
99,194
100,195
71,196
101,197
101,198
101,199
102,200
103,201
104,202
105,203
106,204
107,205
108,206
109,207
110,208
110,209
111,210
112,211
113,212
114,213
115,214
115,215
115,216
115,217
115,218
116,219
117,220
118,221
119,222
120,223
1,224
1,225
1,226
121,227
122,228
122,229
122,230
123,231
124,232
125,233
21,234
126,235
127,236
128,237
129,238
130,239
131,240
131,241
131,242
131,243
131,244
131,245
132,246
133,247
134,248
135,249
136,250
137,251
138,252
139,253
140,254
141,255
142,256
143,257
140,258
144,259
75,260
75,261
145,262
145,263
146,264
147,265
148,266
149,267
75,268
150,269
96,270
151,271
152,272
153,273
154,274
133,275
4,276
4,277
4,278
155,279
156,280
157,281
158,282
159,283
2,284
160,285
161,286
162,287
162,288
163,289
164,290
165,291
166,292
167,293
168,294
165,295
169,296
56,297
55,298
47,299
170,300
166,301
75,302
171,303
172,304
173,305
174,306
175,307
176,308
177,309
178,310
179,311
75,312
21,313
26,314
180,315
26,316
26,317
26,318
26,319
181,320
58,321
45,322
182,323
183,324
183,325
184,326
23,327
40,328
65,329
185,330
64,331
186,332
187,333
187,334
188,335
189,336
190,337
191,338
191,339
192,340
193,341
194,342
195,343
196,344
197,345
191,346
198,347
199,348
200,349
3,350
3,351
3,352
3,353
54,354
201,355
53,356
52,357
51,358
3,359
50,360
49,361
48,362
97,363
202,364
203,365
204,366
205,367
206,368
60,369
60,370
60,371
60,372
26,373
87,374
87,375
207,376
131,377
183,378
72,379
72,380
72,381
72,382
72,383
72,384
72,385
72,386
72,387
72,388
72,389
73,390
73,391
74,392
208,393
209,394
210,395
21,396
21,397
211,398
22,399
138,400
22,401
22,402
212,403
213,404
21,405
21,406
21,407
21,408
21,409
21,410
21,411
21,412
21,413
214,414
174,415
215,416
216,417
215,418
58,419
201,420
58,421
181,422
47,423
217,424
218,425
189,426
219,427
220,428
220,429
221,430
222,431
222,432
222,433
222,434
222,435
222,436
222,437
223,438
130,439
224,440
225,441
226,442
227,443
228,444
205,445
131,446
130,447
130,448
130,449
130,450
130,451
130,452
229,453
230,454
231,455
232,456
233,457
233,458
234,459
235,460
236,461
236,462
235,463
234,464
237,465
29,466
29,467
238,468
239,469
240,470
241,471
85,472
84,473
242,474
243,475
184,476
39,477
29,478
41,479
237,480
244,481
245,482
246,483
247,484
248,485
249,486
250,487
45,488
251,489
251,490
252,491
170,492
85,493
84,494
29,495
29,496
29,497
29,498
29,499
253,500
80,501
254,502
254,503
255,504
256,505
257,506
258,507
259,508
259,509
259,510
259,511
259,512
260,513
261,514
262,515
263,516
264,517
265,518
266,519
267,520
268,521
269,522
270,523
271,524
272,525
273,526
274,527
275,528
276,529
277,530
278,531
279,532
280,533
281,534
282,535
283,536
284,537
285,538
286,539
130,540
130,541
130,542
130,543
131,544
131,545
131,546
131,547
131,548
131,549
131,550
245,551
287,552
245,553
250,554
250,555
250,556
26,557
81,558
85,559
85,560
85,561
84,562
84,563
84,564
253,565
288,566
289,567
290,568
291,569
289,570
289,571
292,572
1,573
1,574
293,575
293,576
293,577
293,578
293,579
293,580
293,581
293,582
294,583
295,584
295,585
296,586
296,587
253,588
295,589
295,590
297,591
298,592
295,593
298,594
299,595
300,596
301,597
302,598
303,599
304,600
305,601
306,602
307,603
308,604
309,605
1,606
26,607
3,608
3,609
130,610
130,611
130,612
310,613
311,614
312,615
313,616
314,617
315,618
316,619
317,620
318,621
319,622
320,623
321,624
322,625
323,626
324,627
325,628
326,629
327,630
328,631
329,632
330,633
331,634
332,635
333,636
334,637
130,638
130,639
227,640
335,641
336,642
327,643
335,644
337,645
338,646
339,647
226,648
340,649
340,650
340,651
226,652
341,653
342,654
207,655
343,656
343,657
222,658
344,659
345,660
313,661
316,662
127,663
346,664
347,665
345,666
345,667
313,668
313,669
313,670
313,671
313,672
313,673
348,674
348,675
348,676
337,677
349,678
350,679
351,680
352,681
353,682
354,683
355,684
356,685
357,686
358,687
359,688
360,689
361,690
362,691
363,692
364,693
365,694
366,695
367,696
368,697
369,698
370,699
29,700
371,701
372,702
373,703
374,704
375,705
376,706
377,707
378,708
379,709
380,710
381,711
382,712
383,713
384,714
385,715
7,716
6,717
9,718
386,719
95,720
259,721
245,722
387,723
388,724
389,725
289,726
289,727
390,728
391,729
391,730
346,731
216,732
392,733
345,734
313,735
345,736
345,737
345,738
345,739
393,740
394,741
395,742
395,743
395,744
393,745
396,746
327,747
397,748
398,749
189,750
399,751
222,752
222,753
222,754
222,755
19,756
26,757
21,758
40,759
23,760
170,761
24,762
400,763
401,764
402,765
107,766
403,767
404,768
405,769
406,770
407,771
408,772
408,773
408,774
408,775
408,776
21,777
409,778
410,779
408,780
408,781
408,782
408,783
408,784
408,785
408,786
408,787
408,788
408,789
408,790
408,791
408,792
408,793
408,794
408,795
408,796
411,797
412,798
413,799
414,800
415,801
416,802
417,803
418,804
419,805
420,806
2,807
421,808
422,809
423,810
424,811
3,812
3,813
3,814
425,815
313,816
209,817
209,818
209,819
209,820
209,821
209,822
426,823
427,824
428,825
429,826
430,827
431,828
432,829
433,830
174,831
1,832
434,833
259,834
259,835
435,836
436,837
437,838
437,839
437,840
438,841
439,842
440,843
441,844
442,845
443,846
444,847
445,848
446,849
447,850
448,851
449,852
450,853
451,854
452,855
453,856
454,857
81,858
455,859
456,860
457,861
458,862
131,863
459,864
42,865
107,866
460,867
420,868
461,869
462,870
463,871
464,872
465,873
466,874
467,875
468,876
469,877
470,878
471,879
472,880
473,881
474,882
475,883
476,884
477,885
478,886
479,887
480,888
481,889
482,890
483,891
484,892
485,893
486,894
487,895
488,896
489,897
490,898
491,899
492,900
493,901
494,902
495,903
496,904
497,905
498,906
499,907
500,908
501,909
502,910
503,911
504,912
505,913
506,914
507,915
508,916
509,917
510,918
511,919
512,920
513,921
514,922
515,923
516,924
517,925
518,926
519,927
520,928
521,929
522,930
523,931
524,932
525,933
526,934
527,935
528,936
529,937
530,938
531,939
532,940
533,941
534,942
535,943
536,944
537,945
538,946
539,947
540,948
541,949
542,950
543,951
544,952
545,953
546,954
547,955
548,956
549,957
550,958
551,959
552,960
553,961
554,962
555,963
556,964
557,965
558,966
559,967
560,968
561,969
562,970
563,971
564,972
565,973
566,974
567,975
568,976
569,977
570,978
571,979
572,980
573,981
574,982
575,983
576,984
577,985
578,986
579,987
580,988
581,989
582,990
583,991
584,992
585,993
586,994
587,995
588,996
589,997
590,998
591,999
592,1000
593,1001
594,1002
595,1003
596,1004
597,1005
598,1006
599,1007
600,1008
601,1009
602,1010
603,1011
604,1012
605,1013
606,1014
607,1015
608,1016
609,1017
610,1018
611,1019
612,1020
613,1021
614,1022
615,1023
616,1024
617,1025
618,1026
619,1027
620,1028
621,1029
622,1030
623,1031
624,1032
625,1033
626,1034
627,1035
628,1036
629,1037
630,1038
631,1039
632,1040
633,1041
634,1042
635,1043
636,1044
637,1045
638,1046
639,1047
640,1048
641,1049
642,1050
643,1051
644,1052
645,1053
646,1054
647,1055
648,1056
649,1057
650,1058
651,1059
652,1060
653,1061
654,1062
655,1063
656,1064
657,1065
658,1066
659,1067
660,1068
661,1069
662,1070
663,1071
664,1072
665,1073
666,1074
667,1075
668,1076
669,1077
670,1078
671,1079
672,1080
673,1081
674,1082
675,1083
676,1084
677,1085
678,1086
679,1087
680,1088
681,1089
682,1090
683,1091
684,1092
685,1093
686,1094
687,1095
688,1096
689,1097
690,1098
691,1099
692,1100
693,1101
694,1102
695,1103
696,1104
697,1105
698,1106
699,1107
700,1108
701,1109
702,1110
703,1111
704,1112
705,1113
706,1114
707,1115
708,1116
709,1117
710,1118
711,1119
712,1120
713,1121
714,1122
715,1123
716,1124
717,1125
718,1126
719,1127
720,1128
721,1129
722,1130
723,1131
724,1132
725,1133
726,1134
727,1135
728,1136
729,1137
730,1138
731,1139
732,1140
733,1141
734,1142
735,1143
736,1144
737,1145
738,1146
739,1147
740,1148
741,1149
742,1150
743,1151
744,1152
745,1153
746,1154
747,1155
748,1156
749,1157
750,1158
751,1159
752,1160
753,1161
754,1162
755,1163
756,1164
757,1165
758,1166
759,1167
760,1168
761,1169
762,1170
763,1171
764,1172
765,1173
766,1174
767,1175
768,1176
769,1177
770,1178
771,1179
772,1180
773,1181
774,1182
775,1183
776,1184
777,1185
778,1186
779,1187
780,1188
781,1189
782,1190
783,1191
784,1192
785,1193
786,1194
787,1195
788,1196
789,1197
790,1198
791,1199
792,1200
793,1201
794,1202
795,1203
796,1204
797,1205
798,1206
799,1207
800,1208
801,1209
802,1210
803,1211
804,1212
805,1213
806,1214
807,1215
808,1216
809,1217
810,1218
811,1219
812,1220
813,1221
814,1222
815,1223
816,1224
817,1225
818,1226
819,1227
820,1228
821,1229
822,1230
823,1231
824,1232
825,1233
826,1234
827,1235
828,1236
829,1237
830,1238
831,1239
832,1240
833,1241
834,1242
835,1243
836,1244
837,1245
838,1246
839,1247
840,1248
841,1249
842,1250
843,1251
844,1252
845,1253
846,1254
847,1255
848,1256
849,1257
850,1258
851,1259
852,1260
853,1261
854,1262
855,1263
856,1264
857,1265
858,1266
859,1267
860,1268
861,1269
862,1270
863,1271
864,1272
865,1273
866,1274
867,1275
868,1276
869,1277
870,1278
871,1279
872,1280
873,1281
874,1282
875,1283
876,1284
877,1285
878,1286
879,1287
880,1288
881,1289
882,1290
883,1291
884,1292
885,1293
886,1294
887,1295
888,1296
889,1297
890,1298
891,1299
892,1300
893,1301
894,1302
895,1303
896,1304
897,1305
898,1306
899,1307
900,1308
901,1309
902,1310
903,1311
904,1312
905,1313
906,1314
907,1315
908,1316
909,1317
910,1318
911,1319
912,1320
913,1321
914,1322
915,1323
916,1324
917,1325
918,1326
919,1327
920,1328
921,1329
922,1330
923,1331
924,1332
925,1333
926,1334
927,1335
928,1336
929,1337
930,1338
931,1339
932,1340
933,1341
934,1342
935,1343
936,1344
937,1345
938,1346
939,1347
940,1348
941,1349
942,1350
943,1351
944,1352
945,1353
946,1354
947,1355
948,1356
949,1357
950,1358
951,1359
952,1360
953,1361
954,1362
955,1363
956,1364
957,1365
958,1366
959,1367
960,1368
961,1369
962,1370
963,1371
964,1372
965,1373
966,1374
967,1375
968,1376
969,1377
970,1378
971,1379
972,1380
973,1381
974,1382
975,1383
976,1384
977,1385
978,1386
979,1387
980,1388
981,1389
982,1390
983,1391
984,1392
985,1393
986,1394
987,1395
988,1396
989,1397
990,1398
991,1399
992,1400
993,1401
994,1402
995,1403
996,1404
997,1405
998,1406
999,1407
1000,1408
1001,1409
1002,1410
1003,1411
1004,1412
1005,1413
1006,1414
1007,1415
1008,1416
1009,1417
1010,1418
1011,1419
1012,1420
1013,1421
1014,1422
1015,1423
1016,1424
1017,1425
1018,1426
1019,1427
1020,1428
1021,1429
1022,1430
1023,1431
1024,1432
1025,1433
1026,1434
1027,1435
1028,1436
1029,1437
1030,1438
1031,1439
1032,1440
1033,1441
1034,1442
1035,1443
1036,1444
1037,1445
1038,1446
1039,1447
1040,1448
1041,1449
1042,1450
1043,1451
1044,1452
1045,1453
1046,1454
1047,1455
1048,1456
1049,1457
1050,1458
1051,1459
1052,1460
1053,1461
1054,1462
1055,1463
1055,1464
1056,1465
1057,1466
1058,1467
1058,1468
1058,1469
1058,1470
1059,1471
1060,1472
1061,1473
1062,1474
1063,1475
1063,1476
1063,1477
1064,1478
1065,1479
1066,1480
1058,1481
1058,1482
1058,1483
1058,1484
1058,1485
1058,1486
1067,1487
1067,1488
1068,1489
1069,1490
1070,1491
21,1492
21,1493
412,1494
1071,1495
207,1496
1072,1497
1070,1498
1073,1499
1074,1500
1075,1501
1076,1502
1077,1503
1078,1504
1079,1505
1080,1506
1081,1507
392,1508
1082,1509
298,1510
260,1511
259,1512
259,1513
259,1514
259,1515
1083,1516
1084,1517
1085,1518
1086,1519
1068,1520
1068,1521
1087,1522
1088,1523
289,1524
289,1525
1089,1526
295,1527
1090,1528
1091,1529
1092,1530
1093,1531
1094,1532
1095,1533
1096,1534
467,1535
119,1536
1097,1537
1098,1538
1099,1539
1100,1540
1101,1541
1101,1542
1068,1543
1068,1544
1068,1545
1084,1546
1085,1547
1086,1548
1102,1549
1102,1550
1068,1551
1068,1552
1103,1553
1103,1554
1104,1555
1104,1556
1105,1557
1105,1558
1104,1559
1104,1560
1106,1561
1107,1562
1108,1563
1109,1564
1110,1565
1111,1566
69,1567
1112,1568
292,1569
292,1570
26,1571
1113,1572
1114,1573
21,1574
1115,1575
1116,1576
1117,1577
207,1578
986,1579
1118,1580
1119,1581
1120,1582
1121,1583
1122,1584
1123,1585
1124,1586
1125,1587
1126,1588
1127,1589
1128,1590
1129,1591
1130,1592
239,1593
1131,1594
238,1595
1132,1596
1133,1597
1134,1598
1135,1599
1136,1600
1137,1601
26,1602
1138,1603
1139,1604
1140,1605
1141,1606
1142,1607
1143,1608
1144,1609
1145,1610
239,1611
1146,1612
1147,1613
1148,1614
241,1615
1129,1616
1149,1617
1150,1618
1151,1619
1149,1620
1152,1621
1153,1622
1154,1623
1155,1624
313,1625
1091,1626
1156,1627
1157,1628
1146,1629
239,1630
1158,1631
1159,1632
1160,1633
207,1634
1161,1635
1162,1636
1163,1637
1164,1638
1164,1639
1165,1640
1166,1641
1165,1642
1167,1643
1168,1644
1169,1645
1170,1646
1171,1647
1172,1648
1173,1649
213,1650
1174,1651
1175,1652
151,1653
1176,1654
26,1655
1177,1656
1178,1657
1179,1658
1138,1659
1180,1660
1181,1661
1182,1662
1183,1663
1184,1664
1185,1665
1186,1666
1187,1667
1188,1668
1119,1669
1189,1670
1174,1671
240,1672
26,1673
1190,1674
1191,1675
1178,1676
1192,1677
1174,1678
1193,1679
1194,1680
314,1681
1195,1682
1196,1683
1197,1684
1198,1685
1199,1686
1200,1687
1153,1688
1201,1689
1133,1690
1202,1691
343,1692
1203,1693
1092,1694
1204,1695
1205,1696
1206,1697
1207,1698
345,1699
1208,1700
240,1701
1209,1702
1210,1703
1211,1704
1212,1705
1213,1706
1214,1707
21,1708
1215,1709
1216,1710
1164,1711
1217,1712
240,1713
1218,1714
1219,1715
1220,1716
1195,1717
1221,1718
1222,1719
336,1720
1223,1721
1129,1722
1224,1723
1225,1724
1172,1725
1226,1726
1227,1727
1228,1728
1229,1729
1230,1730
1231,1731
1232,1732
1233,1733
1234,1734
1234,1735
1234,1736
1234,1737
1234,1738
1234,1739
1234,1740
1234,1741
1234,1742
1234,1743
1234,1744
1234,1745
1234,1746
1234,1747
1234,1748
1234,1749
1234,1750
1234,1751
1234,1752
1234,1753
1234,1754
1234,1755
1234,1756
1234,1757
1235,1758
346,1759
1083,1760
1058,1761
1058,1762
1058,1763
1063,1764
1063,1765
1063,1766
1234,1767
1234,1768
1234,1769
1234,1770
1236,1771
1237,1772
1237,1773
1068,1774
1068,1775
1068,1776
1068,1777
1068,1778
1068,1779
1068,1780
1068,1781
1068,1782
1063,1783
1238,1784
1239,1785
1240,1786
26,1787
1241,1788
1242,1789
1243,1790
1244,1791
208,1792
1245,1793
1246,1794
345,1795
184,1796
229,1797
1247,1798
1248,1799
1249,1800
1250,1801
1251,1802
1252,1803
1253,1804
1254,1805
1255,1806
1256,1807
1256,1808
1234,1809
1234,1810
1234,1811
1257,1812
1258,1813
1259,1814
1260,1815
130,1816
130,1817
130,1818
130,1819
130,1820
130,1821
130,1822
130,1823
1261,1824
1068,1825
1068,1826
1068,1827
1101,1828
1101,1829
1234,1830
1234,1831
1262,1832
1068,1833
1263,1834
1264,1835
1265,1836
1266,1837
1266,1838
1266,1839
23,1840
170,1841
21,1842
1267,1843
1268,1844
1269,1845
279,1846
275,1847
281,1848
278,1849
270,1850
285,1851
330,1852
269,1853
260,1854
265,1855
277,1856
264,1857
272,1858
392,1859
266,1860
261,1861
260,1862
262,1863
263,1864
284,1865
268,1866
331,1867
283,1868
392,1869
271,1870
274,1871
282,1872
329,1873
280,1874
276,1875
273,1876
286,1877
267,1878
114,1879
110,1880
110,1881
113,1882
109,1883
222,1884
222,1885
259,1886
259,1887
259,1888
259,1889
259,1890
259,1891
259,1892
259,1893
259,1894
259,1895
259,1896
259,1897
1270,1898
328,1899
1271,1900
21,1901
21,1902
25,1903
25,1904
25,1905
25,1906
25,1907
25,1908
400,1909
1272,1910
287,1911
1272,1912
1272,1913
1234,1914
1273,1915
21,1916
21,1917
1274,1918
1275,1919
1276,1920
1277,1921
1278,1922
1276,1923
1276,1924
1279,1925
1280,1926
437,1927
1281,1928
1282,1929
1278,1930
1278,1931
1276,1932
1279,1933
1283,1934
1279,1935
1284,1936
1285,1937
1278,1938
1115,1939
1276,1940
1286,1941
1279,1942
1287,1943
1287,1944
419,1945
412,1946
1288,1947
1289,1948
1290,1949
1291,1950
342,1951
341,1952
