ROWID,key_id,object_id,value_type,string_value,numerical_value,date_value,data_value
1,1,23,1,,1.0,,
2,1,35,1,,1.0,,
3,1,40,1,,3.0,,
4,1,47,1,,3.0,,
5,1,54,1,,1.0,,
6,1,64,1,,1.0,,
7,1,72,1,,3.0,,
8,1,78,1,,1.0,,
9,1,85,1,,3.0,,
10,1,91,1,,1.0,,
11,1,98,1,,1.0,,
12,1,106,1,,3.0,,
13,1,117,1,,1.0,,
14,1,123,1,,3.0,,
15,1,128,1,,3.0,,
16,1,129,1,,3.0,,
17,1,130,1,,1.0,,
18,1,145,1,,1.0,,
19,1,152,1,,3.0,,
20,1,163,1,,1.0,,
21,1,193,1,,4.0,,
22,1,195,1,,1.0,,
23,1,210,1,,1.0,,
24,1,211,1,,8.0,,
25,2,218,1,,25.46484375,,
26,3,218,1,,0.0,,
27,4,218,1,,8.296875,,
29,1,235,1,,1.0,,
30,1,241,1,,3.0,,
31,1,247,1,,1.0,,
32,1,254,1,,3.0,,
33,1,263,1,,3.0,,
34,1,269,1,,3.0,,
35,1,274,1,,3.0,,
36,1,285,1,,3.0,,
37,1,293,1,,1.0,,
38,1,294,1,,1.0,,
39,1,307,1,,4.0,,
40,1,312,1,,3.0,,
41,1,320,1,,4.0,,
45,1,338,1,,1.0,,
46,1,348,1,,4.0,,
47,1,390,1,,1.0,,
48,1,406,1,,3.0,,
49,1,411,1,,3.0,,
50,1,419,1,,3.0,,
51,1,426,1,,1.0,,
52,1,434,1,,1.0,,
53,1,444,1,,3.0,,
54,1,445,1,,3.0,,
55,1,455,1,,3.0,,
56,1,461,1,,3.0,,
57,1,473,1,,3.0,,
58,1,480,1,,1.0,,
59,1,492,1,,3.0,,
60,1,498,1,,1.0,,
61,1,503,1,,3.0,,
62,1,510,1,,3.0,,
63,1,519,1,,1.0,,
64,1,530,1,,3.0,,
65,1,537,1,,1.0,,
66,1,545,1,,1.0,,
67,1,593,1,,1.0,,
68,1,607,1,,3.0,,
70,1,623,1,,1.0,,
71,1,628,1,,1.0,,
72,1,637,1,,1.0,,
73,1,645,1,,3.0,,
74,1,653,1,,3.0,,
76,1,671,1,,3.0,,
77,1,715,1,,1.0,,
78,1,736,1,,3.0,,
79,1,743,1,,3.0,,
80,1,761,1,,4.0,,
81,1,780,1,,1.0,,
82,5,790,1,,606528000.0,,
83,1,816,1,,4.0,,
84,1,836,1,,1.0,,
85,1,858,1,,1.0,,
86,1,864,1,,3.0,,
87,1,865,1,,1.0,,
88,1,883,1,,3.0,,
89,1,887,1,,3.0,,
90,1,894,1,,3.0,,
91,1,897,1,,8.0,,
92,1,901,1,,1.0,,
93,1,907,1,,3.0,,
94,1,913,1,,3.0,,
95,2,916,1,,5.08203125,,
96,3,916,1,,0.0,,
97,4,916,1,,9.578125,,
98,1,927,1,,3.0,,
99,1,934,1,,3.0,,
100,1,938,1,,3.0,,
101,1,947,1,,3.0,,
102,1,950,1,,1.0,,
103,1,961,1,,1.0,,
104,1,973,1,,1.0,,
105,1,977,1,,3.0,,
106,1,987,1,,3.0,,
107,1,995,1,,1.0,,
108,1,1003,1,,3.0,,
109,1,1012,1,,1.0,,
110,1,1026,1,,3.0,,
111,1,1027,1,,3.0,,
112,1,1037,1,,3.0,,
113,1,1041,1,,3.0,,
114,1,1042,1,,3.0,,
115,1,1056,1,,3.0,,
116,1,1066,1,,1.0,,
117,1,1073,1,,1.0,,
118,1,1079,1,,1.0,,
119,1,1087,1,,3.0,,
120,1,1094,1,,1.0,,
121,1,1101,1,,1.0,,
122,1,3219,1,,1.0,,
123,1,3222,1,,1.0,,
124,1,3237,1,,3.0,,
125,1,3238,1,,3.0,,
126,1,3248,1,,3.0,,
127,1,3256,1,,1.0,,
128,1,3290,1,,3.0,,
129,1,3299,1,,1.0,,
130,1,3320,1,,1.0,,
131,1,3360,1,,3.0,,
132,1,3369,1,,3.0,,
133,1,3383,1,,1.0,,
134,1,3384,1,,3.0,,
135,1,3390,1,,3.0,,
136,1,3396,1,,3.0,,
137,1,3405,1,,1.0,,
138,1,3409,1,,1.0,,
139,1,3418,1,,1.0,,
140,1,3424,1,,3.0,,
141,1,3427,1,,1.0,,
142,1,3444,1,,1.0,,
143,1,3448,1,,3.0,,
144,1,3470,1,,1.0,,
145,1,3472,1,,3.0,,
146,1,3480,1,,1.0,,
147,1,3490,1,,1.0,,
148,1,3498,1,,1.0,,
149,1,3512,1,,3.0,,
150,1,3522,1,,3.0,,
151,1,3530,1,,1.0,,
152,1,3542,1,,1.0,,
153,1,3546,1,,1.0,,
154,1,3560,1,,1.0,,
155,1,3561,1,,1.0,,
156,1,3571,1,,1.0,,
157,1,3615,1,,1.0,,
158,1,3626,1,,3.0,,
159,1,3654,1,,1.0,,
160,1,3668,1,,1.0,,
161,1,3673,1,,3.0,,
162,1,3678,1,,3.0,,
163,1,3689,1,,1.0,,
164,1,3693,1,,3.0,,
165,1,3694,1,,3.0,,
166,1,3709,1,,3.0,,
167,1,3711,1,,3.0,,
168,1,3718,1,,3.0,,
169,1,3721,1,,3.0,,
170,1,3730,1,,3.0,,
171,1,3740,1,,3.0,,
172,1,3748,1,,1.0,,
173,1,3759,1,,1.0,,
174,1,3764,1,,1.0,,
175,1,3769,1,,3.0,,
176,1,3774,1,,3.0,,
177,1,3775,1,,3.0,,
178,1,3789,1,,1.0,,
179,1,3798,1,,3.0,,
180,1,3802,1,,1.0,,
181,1,3822,1,,1.0,,
182,1,3832,1,,3.0,,
183,1,3876,1,,3.0,,
184,1,3881,1,,3.0,,
185,1,3889,1,,3.0,,
186,1,3899,1,,1.0,,
187,1,3903,1,,3.0,,
188,1,3911,1,,3.0,,
190,1,3917,1,,3.0,,
191,1,3925,1,,3.0,,
192,1,3930,1,,3.0,,
193,1,3936,1,,3.0,,
194,1,3944,1,,1.0,,
195,1,3947,1,,3.0,,
196,1,3956,1,,3.0,,
197,1,3964,1,,1.0,,
198,1,3970,1,,3.0,,
199,1,3977,1,,3.0,,
200,1,3983,1,,3.0,,
201,1,3988,1,,3.0,,
202,1,4006,1,,1.0,,
203,1,4013,1,,3.0,,
204,1,4021,1,,3.0,,
205,1,4025,1,,3.0,,
206,1,4039,1,,3.0,,
207,5,4051,1,,606528000.0,,
209,1,4062,1,,3.0,,
210,1,4071,1,,4.0,,
211,1,4096,1,,1.0,,
212,1,4107,1,,1.0,,
213,1,4110,1,,3.0,,
214,1,4121,1,,1.0,,
215,1,4128,1,,1.0,,
216,1,4135,1,,3.0,,
217,1,4145,1,,3.0,,
218,1,4170,1,,3.0,,
219,1,4178,1,,3.0,,
220,1,4179,1,,3.0,,
221,1,4188,1,,3.0,,
222,1,4200,1,,3.0,,
223,1,4201,1,,3.0,,
224,1,4210,1,,3.0,,
225,1,4216,1,,3.0,,
226,1,4260,1,,4.0,,
227,1,4270,1,,4.0,,
230,1,4314,1,,4.0,,
231,1,4334,1,,3.0,,
232,1,4359,1,,3.0,,
233,5,4365,1,,606614400.0,,
235,1,4391,1,,1.0,,
236,1,4392,1,,3.0,,
237,1,4404,1,,1.0,,
238,1,4411,1,,1.0,,
239,1,4427,1,,3.0,,
240,1,4459,1,,3.0,,
241,1,4466,1,,3.0,,
242,1,4477,1,,1.0,,
243,1,4481,1,,1.0,,
244,1,4492,1,,3.0,,
245,1,4500,1,,3.0,,
246,1,4510,1,,3.0,,
247,1,4516,1,,3.0,,
248,1,4527,1,,3.0,,
249,1,4537,1,,1.0,,
250,1,4548,1,,3.0,,
251,1,4551,1,,3.0,,
252,1,4562,1,,3.0,,
253,1,4565,1,,1.0,,
254,1,4574,1,,1.0,,
255,1,4581,1,,3.0,,
256,1,4590,1,,1.0,,
257,1,4595,1,,1.0,,
258,1,4608,1,,3.0,,
259,1,4615,1,,1.0,,
260,1,4624,1,,3.0,,
261,1,4631,1,,3.0,,
262,1,4638,1,,3.0,,
263,1,4646,1,,3.0,,
265,1,4676,1,,3.0,,
266,1,4687,1,,3.0,,
267,1,4691,1,,3.0,,
268,1,4702,1,,1.0,,
269,1,4708,1,,3.0,,
270,1,4715,1,,3.0,,
271,1,4763,1,,1.0,,
272,1,4771,1,,3.0,,
273,1,4785,1,,3.0,,
274,1,4792,1,,3.0,,
275,1,4800,1,,3.0,,
276,1,4807,1,,3.0,,
277,1,4830,1,,3.0,,
278,1,4836,1,,1.0,,
279,1,4846,1,,1.0,,
281,1,4878,1,,3.0,,
282,1,4888,1,,3.0,,
283,1,4914,1,,1.0,,
284,1,4922,1,,1.0,,
285,1,4930,1,,1.0,,
286,1,4944,1,,1.0,,
287,1,4966,1,,3.0,,
288,1,5012,1,,1.0,,
289,1,5058,1,,1.0,,
290,1,5061,1,,3.0,,
291,1,5068,1,,3.0,,
292,1,5075,1,,3.0,,
293,1,5082,1,,3.0,,
294,1,5089,1,,3.0,,
295,1,5098,1,,3.0,,
296,1,5099,1,,3.0,,
297,1,5111,1,,3.0,,
298,1,5118,1,,3.0,,
299,1,5125,1,,3.0,,
300,1,5134,1,,3.0,,
301,1,5139,1,,3.0,,
302,1,5148,1,,3.0,,
303,1,5157,1,,3.0,,
304,1,5163,1,,3.0,,
305,1,5164,1,,3.0,,
306,1,5179,1,,3.0,,
309,1,5200,1,,3.0,,
310,1,5212,1,,3.0,,
311,1,5219,1,,1.0,,
312,1,5249,1,,3.0,,
313,1,5260,1,,1.0,,
314,1,5286,1,,1.0,,
315,1,5288,1,,3.0,,
316,1,5350,1,,1.0,,
317,1,5351,1,,1.0,,
318,1,5356,1,,1.0,,
319,1,5367,1,,3.0,,
320,1,5376,1,,3.0,,
321,1,5382,1,,3.0,,
322,1,5394,1,,1.0,,
323,1,5400,1,,1.0,,
324,1,5404,1,,1.0,,
325,1,5411,1,,3.0,,
326,1,5427,1,,3.0,,
327,1,5430,1,,3.0,,
328,1,5435,1,,3.0,,
329,1,5439,1,,3.0,,
330,1,5449,1,,1.0,,
331,1,5461,1,,1.0,,
332,1,5490,1,,3.0,,
333,1,5498,1,,1.0,,
334,1,5518,1,,3.0,,
335,1,5530,1,,1.0,,
336,1,5532,1,,1.0,,
337,1,5548,1,,3.0,,
338,1,5584,1,,1.0,,
339,1,5593,1,,1.0,,
340,1,5596,1,,3.0,,
341,1,5619,1,,1.0,,
342,1,5624,1,,1.0,,
343,1,5644,1,,1.0,,
344,1,5654,1,,1.0,,
345,1,5655,1,,1.0,,
346,1,5664,1,,3.0,,
347,1,5667,1,,3.0,,
348,1,5674,1,,3.0,,
349,1,5683,1,,1.0,,
350,1,5689,1,,1.0,,
351,1,5696,1,,1.0,,
352,1,5705,1,,1.0,,
353,1,5725,1,,1.0,,
354,1,5755,1,,1.0,,
355,1,5778,1,,3.0,,
356,1,5790,1,,1.0,,
357,1,5798,1,,1.0,,
358,1,5799,1,,1.0,,
359,1,5806,1,,3.0,,
360,1,5820,1,,3.0,,
361,1,5824,1,,1.0,,
362,1,5825,1,,3.0,,
363,1,5834,1,,3.0,,
364,1,5835,1,,1.0,,
365,1,5850,1,,1.0,,
366,1,5858,1,,1.0,,
367,1,5863,1,,3.0,,
368,1,5864,1,,3.0,,
369,1,5872,1,,3.0,,
370,1,5881,1,,3.0,,
371,1,5887,1,,3.0,,
372,1,5894,1,,1.0,,
373,1,5910,1,,3.0,,
374,1,5915,1,,3.0,,
375,1,5925,1,,1.0,,
376,1,5929,1,,3.0,,
377,1,5936,1,,1.0,,
378,1,5943,1,,3.0,,
379,5,5951,1,,606614400.0,,
380,1,5953,1,,3.0,,
381,1,5960,1,,3.0,,
382,1,5967,1,,3.0,,
383,1,5972,1,,1.0,,
384,1,5979,1,,3.0,,
385,1,5986,1,,3.0,,
386,1,6003,1,,3.0,,
387,1,6011,1,,1.0,,
388,1,6022,1,,3.0,,
389,1,6027,1,,3.0,,
390,1,6045,1,,1.0,,
391,1,6060,1,,4.0,,
392,1,6064,1,,4.0,,
393,1,6080,1,,1.0,,
394,1,6083,1,,1.0,,
396,1,6136,1,,1.0,,
397,1,6140,1,,3.0,,
398,1,6141,1,,3.0,,
399,1,6154,1,,3.0,,
400,1,6155,1,,1.0,,
401,1,6156,1,,3.0,,
402,1,6175,1,,3.0,,
403,1,6182,1,,1.0,,
404,1,6198,1,,1.0,,
405,1,6206,1,,1.0,,
406,1,6216,1,,1.0,,
407,1,6225,1,,3.0,,
408,1,6238,1,,1.0,,
409,1,6242,1,,1.0,,
410,1,6250,1,,3.0,,
411,1,6264,1,,3.0,,
412,1,6278,1,,3.0,,
413,1,6287,1,,3.0,,
416,1,6329,1,,4.0,,
417,1,6334,1,,4.0,,
418,1,6354,1,,1.0,,
419,1,6356,1,,1.0,,
420,1,6372,1,,3.0,,
421,1,6373,1,,1.0,,
422,1,6392,1,,3.0,,
423,1,6398,1,,3.0,,
424,1,6405,1,,1.0,,
425,1,6412,1,,3.0,,
426,1,6418,1,,1.0,,
427,1,6428,1,,1.0,,
428,1,6439,1,,3.0,,
429,1,6447,1,,3.0,,
430,1,6455,1,,1.0,,
431,1,6461,1,,1.0,,
432,1,6472,1,,3.0,,
433,1,6477,1,,1.0,,
434,1,6488,1,,1.0,,
435,1,6497,1,,1.0,,
436,1,6505,1,,3.0,,
437,1,6517,1,,3.0,,
438,1,6548,1,,3.0,,
439,1,6559,1,,3.0,,
440,1,6567,1,,3.0,,
441,1,6570,1,,3.0,,
442,1,6578,1,,3.0,,
443,1,6585,1,,3.0,,
444,1,6593,1,,3.0,,
445,1,6600,1,,3.0,,
448,1,6614,1,,3.0,,
449,1,6624,1,,3.0,,
450,1,6626,1,,3.0,,
451,1,6634,1,,3.0,,
452,1,6639,1,,3.0,,
453,1,6645,1,,3.0,,
455,1,6658,1,,3.0,,
456,1,6666,1,,3.0,,
457,1,6671,1,,3.0,,
458,1,6682,1,,1.0,,
459,1,6683,1,,3.0,,
460,1,6693,1,,3.0,,
461,5,6702,1,,606700800.0,,
462,1,6703,1,,3.0,,
463,1,6711,1,,3.0,,
464,1,6723,1,,3.0,,
465,1,6729,1,,3.0,,
466,1,6737,1,,3.0,,
467,1,6744,1,,3.0,,
468,1,6771,1,,4.0,,
469,1,6772,1,,3.0,,
470,1,6773,1,,1.0,,
471,1,6783,1,,3.0,,
472,1,6791,1,,3.0,,
473,1,6795,1,,3.0,,
475,1,6820,1,,3.0,,
476,1,6827,1,,3.0,,
477,1,6833,1,,3.0,,
478,1,6843,1,,3.0,,
479,1,6851,1,,1.0,,
480,1,6858,1,,3.0,,
481,1,6864,1,,1.0,,
482,1,6870,1,,3.0,,
483,1,6879,1,,3.0,,
484,1,6888,1,,3.0,,
485,1,6894,1,,3.0,,
486,1,6899,1,,3.0,,
487,1,6909,1,,3.0,,
488,1,6934,1,,3.0,,
489,1,6943,1,,4.0,,
490,1,6944,1,,1.0,,
491,1,6946,1,,1.0,,
492,1,6957,1,,3.0,,
493,1,6971,1,,4.0,,
494,1,6972,1,,3.0,,
496,1,7009,1,,4.0,,
497,1,7014,1,,1.0,,
498,1,7060,1,,4.0,,
499,1,7106,1,,4.0,,
500,1,7112,1,,3.0,,
501,1,7117,1,,3.0,,
502,1,7128,1,,3.0,,
503,5,7137,1,,606700800.0,,
504,1,7187,1,,1.0,,
505,1,7193,1,,3.0,,
506,1,7202,1,,3.0,,
507,1,7210,1,,1.0,,
508,1,7214,1,,1.0,,
509,1,7223,1,,3.0,,
510,1,7228,1,,3.0,,
511,1,7235,1,,3.0,,
512,1,7238,1,,3.0,,
513,1,7252,1,,1.0,,
514,1,7258,1,,3.0,,
515,1,7268,1,,3.0,,
516,1,7276,1,,3.0,,
517,1,7282,1,,3.0,,
518,1,7290,1,,3.0,,
519,1,7297,1,,3.0,,
520,1,7307,1,,1.0,,
521,1,7312,1,,3.0,,
522,1,7326,1,,3.0,,
523,1,7333,1,,1.0,,
524,1,7338,1,,1.0,,
525,1,7399,1,,3.0,,
526,1,7439,1,,1.0,,
527,1,7444,1,,1.0,,
528,1,7467,1,,1.0,,
529,1,7478,1,,1.0,,
530,1,7500,1,,1.0,,
531,1,7524,1,,3.0,,
532,1,7533,1,,3.0,,
533,1,7540,1,,1.0,,
534,1,7555,1,,3.0,,
535,1,7573,1,,1.0,,
536,1,7574,1,,3.0,,
537,1,7582,1,,1.0,,
538,1,7595,1,,3.0,,
539,1,7614,1,,1.0,,
540,1,7615,1,,1.0,,
541,1,7636,1,,1.0,,
542,1,7646,1,,3.0,,
543,1,7647,1,,3.0,,
544,1,7648,1,,3.0,,
545,1,7676,1,,1.0,,
546,1,7681,1,,3.0,,
547,1,7699,1,,3.0,,
548,1,7708,1,,1.0,,
549,1,7727,1,,3.0,,
550,1,7731,1,,1.0,,
551,1,7732,1,,3.0,,
552,1,7747,1,,3.0,,
553,1,7754,1,,1.0,,
554,1,7755,1,,3.0,,
555,1,7764,1,,3.0,,
556,1,7794,1,,1.0,,
557,1,7801,1,,3.0,,
558,1,7809,1,,3.0,,
559,1,7813,1,,3.0,,
560,1,7814,1,,3.0,,
561,1,7832,1,,3.0,,
562,1,7833,1,,3.0,,
563,1,7844,1,,3.0,,
564,1,7849,1,,1.0,,
565,1,7855,1,,3.0,,
566,1,7862,1,,3.0,,
567,1,7868,1,,3.0,,
568,1,7878,1,,3.0,,
569,1,7879,1,,3.0,,
570,1,7889,1,,3.0,,
571,1,7896,1,,1.0,,
572,1,7903,1,,3.0,,
573,1,7910,1,,1.0,,
574,1,7920,1,,3.0,,
575,1,7925,1,,3.0,,
576,1,7933,1,,1.0,,
577,1,7940,1,,3.0,,
578,1,7948,1,,3.0,,
579,1,7953,1,,3.0,,
580,1,7970,1,,3.0,,
581,1,7974,1,,3.0,,
582,1,7980,1,,3.0,,
583,1,7985,1,,3.0,,
584,1,7992,1,,3.0,,
585,1,8001,1,,3.0,,
586,1,8028,1,,1.0,,
587,1,8053,1,,1.0,,
588,1,8060,1,,3.0,,
589,1,8080,1,,4.0,,
590,1,8088,1,,4.0,,
591,1,8090,1,,3.0,,
592,1,8095,1,,3.0,,
593,1,8106,1,,3.0,,
594,1,8115,1,,3.0,,
595,1,8116,1,,8.0,,
596,1,8121,1,,3.0,,
599,2,8137,1,,1.3984375,,
600,3,8137,1,,0.0,,
601,4,8137,1,,31.15625,,
602,1,8149,1,,1.0,,
603,1,8150,1,,3.0,,
604,1,8169,1,,3.0,,
605,1,8170,1,,3.0,,
606,1,8173,1,,3.0,,
607,1,8178,1,,3.0,,
608,1,8197,1,,3.0,,
609,1,8199,1,,1.0,,
610,1,8219,1,,1.0,,
611,1,8224,1,,4.0,,
612,1,8226,1,,3.0,,
613,1,8247,1,,4.0,,
614,1,8256,1,,1.0,,
615,1,8259,1,,1.0,,
616,1,8265,1,,4.0,,
617,1,8279,1,,1.0,,
621,1,8305,1,,3.0,,
622,1,8311,1,,4.0,,
623,1,8312,1,,3.0,,
624,1,8322,1,,1.0,,
625,1,8329,1,,3.0,,
626,1,8341,1,,3.0,,
627,1,8342,1,,3.0,,
628,1,8362,1,,3.0,,
629,1,8365,1,,1.0,,
630,1,8382,1,,1.0,,
631,1,8389,1,,3.0,,
632,1,8397,1,,1.0,,
633,1,8412,1,,4.0,,
634,1,8415,1,,3.0,,
635,1,8416,1,,1.0,,
636,1,8429,1,,4.0,,
637,1,8433,1,,1.0,,
638,1,8435,1,,1.0,,
639,1,8453,1,,3.0,,
640,1,8460,1,,3.0,,
642,1,8478,1,,3.0,,
643,1,8485,1,,1.0,,
644,1,8490,1,,3.0,,
645,1,8498,1,,3.0,,
646,1,8503,1,,3.0,,
647,1,8512,1,,3.0,,
648,1,8521,1,,1.0,,
649,1,8525,1,,3.0,,
650,1,8535,1,,3.0,,
651,1,8542,1,,3.0,,
652,1,8547,1,,1.0,,
653,1,8549,1,,3.0,,
655,1,8572,1,,3.0,,
656,1,8580,1,,3.0,,
657,1,8591,1,,3.0,,
658,1,8597,1,,3.0,,
659,1,8604,1,,3.0,,
660,1,8609,1,,3.0,,
662,1,8626,1,,3.0,,
663,1,8635,1,,3.0,,
664,1,8646,1,,4.0,,
665,1,8648,1,,3.0,,
666,1,8651,1,,1.0,,
667,1,8667,1,,3.0,,
668,1,8671,1,,3.0,,
671,1,8696,1,,3.0,,
672,1,8737,1,,1.0,,
673,1,8740,1,,1.0,,
674,1,8760,1,,1.0,,
675,1,8765,1,,4.0,,
676,1,8767,1,,1.0,,
678,1,8789,1,,3.0,,
679,1,8790,1,,3.0,,
680,1,8791,1,,3.0,,
681,1,8806,1,,3.0,,
682,1,8812,1,,4.0,,
683,1,8823,1,,1.0,,
684,1,8832,1,,1.0,,
686,1,8858,1,,1.0,,
687,1,8868,1,,3.0,,
688,1,8885,1,,4.0,,
689,1,8886,1,,3.0,,
690,1,8887,1,,1.0,,
691,1,8904,1,,1.0,,
693,1,8921,1,,3.0,,
694,1,8933,1,,1.0,,
695,1,8937,1,,1.0,,
696,1,8947,1,,3.0,,
697,1,8954,1,,1.0,,
698,1,8960,1,,1.0,,
700,1,8969,1,,3.0,,
701,1,8978,1,,3.0,,
702,1,8987,1,,3.0,,
703,1,8996,1,,1.0,,
704,1,9007,1,,3.0,,
705,1,9012,1,,4.0,,
706,1,9013,1,,3.0,,
707,5,9025,1,,606787200.0,,
708,5,9026,1,,606787200.0,,
709,1,9038,1,,1.0,,
710,1,9049,1,,3.0,,
711,1,9053,1,,3.0,,
712,1,9065,1,,4.0,,
713,1,9093,1,,3.0,,
714,1,9108,1,,3.0,,
715,1,9121,1,,3.0,,
716,1,9127,1,,3.0,,
717,1,9137,1,,3.0,,
718,1,9140,1,,3.0,,
719,1,9145,1,,3.0,,
720,1,9159,1,,1.0,,
721,1,9166,1,,1.0,,
722,1,9172,1,,3.0,,
723,1,9182,1,,3.0,,
724,1,9189,1,,3.0,,
725,1,9196,1,,3.0,,
726,1,9204,1,,3.0,,
727,1,9210,1,,3.0,,
728,1,9217,1,,3.0,,
729,1,9224,1,,3.0,,
730,1,9229,1,,3.0,,
731,1,9235,1,,3.0,,
732,1,9248,1,,3.0,,
733,1,9253,1,,3.0,,
734,1,9261,1,,1.0,,
735,1,9302,1,,1.0,,
736,1,9369,1,,1.0,,
737,1,9370,1,,1.0,,
738,1,9381,1,,3.0,,
739,1,9388,1,,3.0,,
740,1,9397,1,,3.0,,
741,1,9408,1,,3.0,,
742,1,9418,1,,1.0,,
743,1,9423,1,,3.0,,
744,1,9429,1,,3.0,,
745,1,9435,1,,1.0,,
746,1,9442,1,,3.0,,
747,1,9450,1,,3.0,,
748,1,9453,1,,3.0,,
749,1,9460,1,,1.0,,
750,1,9472,1,,3.0,,
751,1,9479,1,,1.0,,
752,1,9492,1,,1.0,,
753,1,9496,1,,1.0,,
754,1,9503,1,,3.0,,
755,1,9512,1,,3.0,,
756,1,9515,1,,3.0,,
757,1,9529,1,,3.0,,
758,1,9537,1,,1.0,,
759,1,9542,1,,1.0,,
760,1,9559,1,,3.0,,
761,1,9566,1,,3.0,,
762,1,9576,1,,1.0,,
763,1,9639,1,,1.0,,
764,1,9643,1,,1.0,,
765,1,9655,1,,1.0,,
766,1,9662,1,,1.0,,
767,1,9734,1,,1.0,,
768,1,9768,1,,1.0,,
769,1,9773,1,,3.0,,
770,1,9774,1,,3.0,,
771,1,9779,1,,3.0,,
772,1,9786,1,,3.0,,
773,1,9793,1,,3.0,,
774,1,9798,1,,3.0,,
775,1,9804,1,,3.0,,
776,1,9811,1,,8.0,,
777,1,9813,1,,3.0,,
778,1,9818,1,,1.0,,
779,1,9822,1,,1.0,,
780,1,9829,1,,1.0,,
781,1,9833,1,,3.0,,
782,2,9835,1,,8.40234375,,
783,3,9835,1,,0.0,,
784,4,9835,1,,10.99609375,,
785,1,9859,1,,3.0,,
786,1,9865,1,,3.0,,
787,1,9876,1,,3.0,,
788,1,9877,1,,3.0,,
789,1,9882,1,,3.0,,
790,1,9888,1,,1.0,,
791,1,9900,1,,1.0,,
792,1,9906,1,,3.0,,
793,1,9913,1,,3.0,,
794,1,9922,1,,1.0,,
795,1,9928,1,,1.0,,
796,1,9938,1,,3.0,,
797,1,9953,1,,3.0,,
798,1,9957,1,,1.0,,
799,1,9965,1,,1.0,,
800,1,9970,1,,3.0,,
801,1,9982,1,,3.0,,
802,1,9998,1,,1.0,,
803,1,10018,1,,4.0,,
804,1,10021,1,,1.0,,
805,1,10027,1,,3.0,,
806,1,10043,1,,4.0,,
807,1,10046,1,,1.0,,
808,1,10062,1,,1.0,,
809,1,10063,1,,3.0,,
810,1,10065,1,,8.0,,
812,2,10079,1,,35.109375,,
813,3,10079,1,,0.0,,
814,4,10079,1,,16.80859375,,
815,1,10097,1,,3.0,,
816,1,10103,1,,3.0,,
817,1,10110,1,,3.0,,
818,1,10114,1,,3.0,,
819,1,10121,1,,1.0,,
820,1,10122,1,,1.0,,
821,1,10144,1,,1.0,,
822,1,10145,1,,1.0,,
823,1,10154,1,,1.0,,
824,1,10155,1,,1.0,,
825,1,10186,1,,3.0,,
826,1,10201,1,,4.0,,
827,1,10235,1,,4.0,,
828,1,10243,1,,1.0,,
829,1,10244,1,,1.0,,
831,1,10298,1,,1.0,,
832,1,10312,1,,3.0,,
833,1,10320,1,,3.0,,
834,1,10326,1,,3.0,,
835,1,10340,1,,3.0,,
836,1,10348,1,,3.0,,
837,1,10353,1,,1.0,,
838,1,10360,1,,3.0,,
839,1,10370,1,,3.0,,
840,1,10375,1,,3.0,,
841,1,10384,1,,3.0,,
842,1,10390,1,,1.0,,
843,1,10397,1,,3.0,,
844,1,10402,1,,3.0,,
845,1,10410,1,,3.0,,
846,1,10415,1,,3.0,,
847,1,10422,1,,1.0,,
848,1,10430,1,,1.0,,
849,1,10443,1,,3.0,,
850,1,10445,1,,1.0,,
851,1,10451,1,,3.0,,
852,1,10460,1,,3.0,,
853,1,10467,1,,3.0,,
857,1,10488,1,,3.0,,
858,1,10497,1,,1.0,,
859,1,10506,1,,3.0,,
860,1,10510,1,,3.0,,
861,1,10528,1,,3.0,,
862,1,10535,1,,1.0,,
863,1,10554,1,,4.0,,
864,1,10584,1,,4.0,,
865,1,10585,1,,1.0,,
866,1,10594,1,,4.0,,
867,1,10598,1,,1.0,,
868,1,10603,1,,1.0,,
869,1,10609,1,,3.0,,
870,1,10616,1,,3.0,,
872,1,10639,1,,3.0,,
873,1,10650,1,,3.0,,
874,1,10657,1,,3.0,,
875,1,10666,1,,3.0,,
876,1,10671,1,,3.0,,
877,1,10678,1,,3.0,,
878,1,10686,1,,3.0,,
879,1,10693,1,,3.0,,
880,1,10703,1,,4.0,,
881,1,10712,1,,3.0,,
882,1,10714,1,,1.0,,
883,1,10726,1,,3.0,,
884,1,10729,1,,1.0,,
886,1,10752,1,,3.0,,
887,1,10760,1,,1.0,,
888,1,10767,1,,3.0,,
889,1,10774,1,,1.0,,
890,1,10786,1,,4.0,,
891,1,10789,1,,4.0,,
892,1,10853,1,,1.0,,
894,1,10869,1,,1.0,,
895,1,10877,1,,4.0,,
896,1,10913,1,,4.0,,
897,1,10953,1,,1.0,,
898,1,10969,1,,1.0,,
899,1,10971,1,,1.0,,
900,5,10977,1,,606873600.0,,
901,1,10993,1,,3.0,,
902,1,11006,1,,1.0,,
903,1,11014,1,,3.0,,
904,1,11025,1,,3.0,,
905,1,11057,1,,3.0,,
906,1,11062,1,,3.0,,
907,1,11068,1,,3.0,,
908,1,11076,1,,1.0,,
909,1,11084,1,,1.0,,
910,1,11091,1,,1.0,,
911,1,11122,1,,1.0,,
912,1,11132,1,,3.0,,
913,1,11154,1,,1.0,,
914,1,11164,1,,3.0,,
915,1,11171,1,,1.0,,
916,1,11177,1,,3.0,,
919,1,11198,1,,3.0,,
920,1,11203,1,,3.0,,
921,1,11209,1,,3.0,,
922,1,11214,1,,3.0,,
923,1,11223,1,,3.0,,
924,1,11232,1,,1.0,,
925,1,11234,1,,3.0,,
926,1,11243,1,,3.0,,
927,1,11252,1,,3.0,,
928,1,11259,1,,3.0,,
929,1,11260,1,,1.0,,
930,1,11268,1,,1.0,,
931,1,11307,1,,1.0,,
932,1,11319,1,,1.0,,
933,1,11343,1,,1.0,,
934,1,11359,1,,1.0,,
935,1,11371,1,,1.0,,
936,1,11375,1,,1.0,,
937,1,11388,1,,3.0,,
938,1,11391,1,,1.0,,
939,1,11405,1,,3.0,,
940,1,11410,1,,1.0,,
941,1,11429,1,,1.0,,
942,1,11435,1,,3.0,,
943,1,11449,1,,3.0,,
944,1,11454,1,,1.0,,
945,1,11466,1,,1.0,,
946,1,11470,1,,1.0,,
947,1,11483,1,,1.0,,
948,1,11489,1,,1.0,,
949,1,11500,1,,3.0,,
950,1,11507,1,,3.0,,
951,1,11514,1,,1.0,,
952,1,11523,1,,1.0,,
953,1,11536,1,,3.0,,
954,1,11541,1,,3.0,,
955,1,11546,1,,1.0,,
956,1,11556,1,,1.0,,
957,1,11564,1,,3.0,,
958,1,11572,1,,3.0,,
959,1,11578,1,,3.0,,
961,1,11634,1,,3.0,,
962,1,11635,1,,1.0,,
963,1,11663,1,,1.0,,
964,1,11673,1,,1.0,,
965,1,11678,1,,1.0,,
966,1,11687,1,,1.0,,
967,1,11693,1,,3.0,,
968,1,11730,1,,1.0,,
969,1,11735,1,,3.0,,
970,1,11742,1,,1.0,,
971,1,11752,1,,1.0,,
972,1,11756,1,,1.0,,
973,1,11771,1,,3.0,,
974,1,11783,1,,3.0,,
975,1,11797,1,,3.0,,
976,1,11798,1,,1.0,,
977,1,11802,1,,3.0,,
978,1,11810,1,,3.0,,
979,1,11816,1,,3.0,,
980,1,11823,1,,3.0,,
981,1,11827,1,,3.0,,
982,1,11832,1,,3.0,,
983,1,11851,1,,3.0,,
984,1,11857,1,,1.0,,
985,1,11869,1,,1.0,,
986,1,11875,1,,3.0,,
987,1,11879,1,,3.0,,
988,1,11888,1,,3.0,,
989,1,11899,1,,1.0,,
990,1,11906,1,,3.0,,
991,1,11912,1,,3.0,,
992,1,11921,1,,3.0,,
993,1,11927,1,,3.0,,
994,1,11933,1,,3.0,,
996,1,11944,1,,1.0,,
997,1,11948,1,,3.0,,
998,1,11953,1,,3.0,,
999,1,11964,1,,3.0,,
1000,1,11969,1,,3.0,,
1001,1,11974,1,,3.0,,
1003,1,11982,1,,3.0,,
1004,1,11993,1,,1.0,,
1005,1,11997,1,,1.0,,
1006,1,11998,1,,1.0,,
1007,1,12009,1,,3.0,,
1008,1,12015,1,,3.0,,
1009,5,12024,1,,606873600.0,,
1010,1,12025,1,,3.0,,
1011,1,12030,1,,3.0,,
1012,1,12031,1,,3.0,,
1013,1,12037,1,,3.0,,
1014,1,12038,1,,3.0,,
1015,1,12041,1,,3.0,,
1016,1,12051,1,,3.0,,
1017,1,12067,1,,3.0,,
1018,1,12087,1,,4.0,,
1019,1,12090,1,,1.0,,
1020,1,12091,1,,1.0,,
1021,1,12093,1,,8.0,,
1022,1,12109,1,,1.0,,
1023,1,12115,1,,3.0,,
1024,1,12116,1,,3.0,,
1025,2,12130,1,,1.23828125,,
1026,3,12130,1,,0.0,,
1027,4,12130,1,,9.40625,,
1029,1,12164,1,,3.0,,
1030,1,12165,1,,3.0,,
1031,1,12167,1,,1.0,,
1032,1,12177,1,,3.0,,
1033,1,12187,1,,3.0,,
1034,1,12193,1,,3.0,,
1035,1,12206,1,,4.0,,
1036,1,12217,1,,3.0,,
1037,1,12225,1,,3.0,,
1038,1,12233,1,,3.0,,
1039,1,12237,1,,3.0,,
1040,1,12244,1,,3.0,,
1041,1,12251,1,,3.0,,
1044,1,12273,1,,3.0,,
1045,1,12280,1,,1.0,,
1046,1,12287,1,,1.0,,
1047,1,12312,1,,1.0,,
1048,1,12321,1,,3.0,,
1049,1,12329,1,,1.0,,
1050,1,12335,1,,3.0,,
1051,1,12342,1,,1.0,,
1052,1,12355,1,,3.0,,
1053,1,12376,1,,4.0,,
1054,1,12379,1,,3.0,,
1055,1,12386,1,,3.0,,
1057,1,12414,1,,1.0,,
1058,1,12419,1,,4.0,,
1059,1,12423,1,,4.0,,
1060,1,12438,1,,3.0,,
1061,1,12447,1,,1.0,,
1062,1,12471,1,,3.0,,
1063,1,12476,1,,1.0,,
1064,1,12484,1,,3.0,,
1065,1,12493,1,,3.0,,
1066,1,12494,1,,8.0,,
1067,1,12499,1,,3.0,,
1068,1,12504,1,,1.0,,
1069,1,12512,1,,3.0,,
1070,1,12519,1,,3.0,,
1071,2,12521,1,,16.6875,,
1072,3,12521,1,,0.0,,
1073,4,12521,1,,10.6796875,,
1075,1,12535,1,,3.0,,
1076,1,12542,1,,3.0,,
1077,1,12547,1,,3.0,,
1078,1,12553,1,,3.0,,
1079,1,12561,1,,3.0,,
1080,1,12567,1,,3.0,,
1081,1,12574,1,,3.0,,
1082,1,12580,1,,3.0,,
1083,1,12588,1,,3.0,,
1084,1,12595,1,,3.0,,
1085,1,12605,1,,3.0,,
1086,1,12611,1,,3.0,,
1088,1,12621,1,,3.0,,
1089,1,12627,1,,3.0,,
1090,1,12635,1,,3.0,,
1091,1,12641,1,,3.0,,
1092,1,12652,1,,3.0,,
1093,1,12660,1,,3.0,,
1094,1,12693,1,,3.0,,
1095,1,12703,1,,3.0,,
1096,1,12716,1,,4.0,,
1097,1,12722,1,,1.0,,
1098,1,12723,1,,1.0,,
1099,1,12744,1,,1.0,,
1100,1,12747,1,,3.0,,
1101,1,12756,1,,3.0,,
1102,1,12768,1,,4.0,,
1103,1,12771,1,,3.0,,
1104,1,12782,1,,1.0,,
1105,1,12784,1,,1.0,,
1106,1,12812,1,,4.0,,
1107,1,12814,1,,1.0,,
1108,1,12828,1,,3.0,,
1109,1,12835,1,,4.0,,
1110,1,12836,1,,1.0,,
1111,1,12837,1,,3.0,,
1112,1,12853,1,,3.0,,
1113,1,12859,1,,3.0,,
1114,1,12867,1,,3.0,,
1115,1,12874,1,,3.0,,
1116,1,12882,1,,3.0,,
1117,1,12889,1,,1.0,,
1118,1,12897,1,,1.0,,
1119,1,12902,1,,1.0,,
1120,1,12908,1,,3.0,,
1121,1,12915,1,,3.0,,
1122,1,12923,1,,3.0,,
1123,1,12929,1,,1.0,,
1124,1,12942,1,,3.0,,
1125,1,12962,1,,3.0,,
1126,1,12977,1,,3.0,,
1127,1,12978,1,,3.0,,
1128,1,12990,1,,3.0,,
1129,1,12993,1,,3.0,,
1130,1,12998,1,,3.0,,
1131,1,13009,1,,3.0,,
1132,5,13028,1,,606960000.0,,
1133,1,13031,1,,3.0,,
1134,1,13034,1,,3.0,,
1135,1,13047,1,,4.0,,
1136,1,13051,1,,3.0,,
1137,1,13058,1,,1.0,,
1138,1,13072,1,,3.0,,
1139,6,13089,1,,2.0,,
1140,1,13095,1,,3.0,,
1141,1,13311,1,,6.0,,
1142,1,13320,1,,6.0,,
1143,1,13345,1,,6.0,,
1144,1,13354,1,,6.0,,
1145,1,13365,1,,6.0,,
1146,1,13372,1,,6.0,,
1147,1,13381,1,,6.0,,
1148,1,13407,1,,6.0,,
1149,1,13408,1,,6.0,,
1150,1,13417,1,,6.0,,
1151,1,13426,1,,6.0,,
1152,1,13435,1,,6.0,,
1153,1,13444,1,,6.0,,
1154,1,13453,1,,6.0,,
1155,1,13462,1,,6.0,,
1156,1,13471,1,,6.0,,
1157,1,13478,1,,6.0,,
1158,1,13493,1,,6.0,,
1159,1,13502,1,,6.0,,
1160,1,13512,1,,6.0,,
1161,1,13521,1,,6.0,,
1162,1,13538,1,,6.0,,
1163,1,13547,1,,6.0,,
1164,1,13556,1,,6.0,,
1165,1,13565,1,,6.0,,
1166,1,13574,1,,6.0,,
1167,1,13591,1,,6.0,,
1168,1,13600,1,,6.0,,
1169,1,13611,1,,6.0,,
1170,1,13618,1,,6.0,,
1171,1,13628,1,,6.0,,
1172,1,13637,1,,6.0,,
1173,1,13646,1,,6.0,,
1174,1,13651,1,,6.0,,
1175,1,13668,1,,6.0,,
1176,1,13677,1,,6.0,,
1177,1,13686,1,,6.0,,
1178,1,13693,1,,6.0,,
1179,1,13704,1,,6.0,,
1180,1,13713,1,,6.0,,
1181,1,13803,1,,6.0,,
1182,1,13808,1,,6.0,,
1183,1,13874,1,,6.0,,
1184,1,13899,1,,6.0,,
1185,1,13908,1,,6.0,,
1186,1,13917,1,,6.0,,
1187,1,13927,1,,6.0,,
1188,1,13936,1,,6.0,,
1189,1,13945,1,,6.0,,
1190,1,13954,1,,6.0,,
1191,1,13963,1,,6.0,,
1192,1,13976,1,,6.0,,
1193,1,14001,1,,6.0,,
1194,1,14010,1,,6.0,,
1195,1,14020,1,,6.0,,
1196,1,14077,1,,6.0,,
1197,1,14086,1,,6.0,,
1198,1,14095,1,,6.0,,
1199,1,14104,1,,6.0,,
1200,1,14113,1,,6.0,,
1201,1,14123,1,,6.0,,
1202,1,14132,1,,6.0,,
1203,1,14141,1,,6.0,,
1204,1,14146,1,,6.0,,
1205,1,14155,1,,6.0,,
1206,1,14164,1,,6.0,,
1207,1,14173,1,,6.0,,
1208,1,14182,1,,6.0,,
1209,1,14191,1,,6.0,,
1210,1,14200,1,,6.0,,
1211,1,14209,1,,6.0,,
1212,1,14218,1,,6.0,,
1213,1,14231,1,,6.0,,
1214,1,14240,1,,6.0,,
1215,1,14249,1,,6.0,,
1216,1,14258,1,,6.0,,
1217,1,14267,1,,6.0,,
1218,1,14276,1,,6.0,,
1219,1,14285,1,,6.0,,
1220,1,14294,1,,6.0,,
1221,1,14303,1,,6.0,,
1222,1,14312,1,,6.0,,
1223,1,14317,1,,6.0,,
1224,1,14326,1,,6.0,,
1225,1,14336,1,,6.0,,
1226,1,14345,1,,6.0,,
1227,1,14354,1,,6.0,,
1228,1,14363,1,,6.0,,
1229,1,14372,1,,6.0,,
1230,1,14381,1,,6.0,,
1231,1,14390,1,,6.0,,
1232,1,14399,1,,6.0,,
1233,1,14408,1,,6.0,,
1234,1,14417,1,,6.0,,
1235,1,14426,1,,6.0,,
1236,1,14435,1,,6.0,,
1237,1,14444,1,,6.0,,
1238,1,14454,1,,6.0,,
1239,1,14463,1,,6.0,,
1240,1,14472,1,,6.0,,
1241,1,14481,1,,6.0,,
1242,1,14492,1,,6.0,,
1243,1,14495,1,,6.0,,
1244,1,14504,1,,6.0,,
1245,1,14513,1,,6.0,,
1246,1,14522,1,,6.0,,
1247,1,14531,1,,6.0,,
1248,1,14540,1,,6.0,,
1249,1,14550,1,,6.0,,
1250,1,14559,1,,6.0,,
1251,1,14568,1,,6.0,,
1252,1,14593,1,,6.0,,
1253,1,14602,1,,6.0,,
1254,1,14611,1,,6.0,,
1255,1,14620,1,,6.0,,
1256,1,14629,1,,6.0,,
1257,1,14638,1,,6.0,,
1258,1,14647,1,,6.0,,
1259,1,14657,1,,6.0,,
1260,1,14666,1,,6.0,,
1261,1,14691,1,,6.0,,
1262,1,14700,1,,6.0,,
1263,1,14709,1,,6.0,,
1264,1,14718,1,,6.0,,
1265,1,14727,1,,6.0,,
1266,1,14736,1,,6.0,,
1267,1,14745,1,,6.0,,
1268,1,14754,1,,6.0,,
1269,1,14760,1,,6.0,,
1270,1,14769,1,,6.0,,
1271,1,14778,1,,6.0,,
1272,1,14787,1,,6.0,,
1273,1,14796,1,,6.0,,
1274,1,14805,1,,6.0,,
1275,1,14814,1,,6.0,,
1276,1,14823,1,,6.0,,
1277,1,14840,1,,6.0,,
1278,1,14849,1,,6.0,,
1279,1,14858,1,,6.0,,
1280,1,14870,1,,6.0,,
1281,1,14877,1,,6.0,,
1282,1,14894,1,,6.0,,
1283,1,14903,1,,6.0,,
1284,1,14912,1,,6.0,,
1285,1,14921,1,,6.0,,
1286,1,14930,1,,6.0,,
1287,1,14941,1,,6.0,,
1288,1,14950,1,,6.0,,
1289,1,14957,1,,6.0,,
1290,1,14966,1,,6.0,,
1291,1,14976,1,,6.0,,
1292,1,14985,1,,6.0,,
1293,1,14994,1,,6.0,,
1294,1,15003,1,,6.0,,
1295,1,15008,1,,6.0,,
1296,7,15017,3,count/s,3.086366694005583,,
1297,8,15017,3,count/s,3.25,,
1298,9,15017,1,,1.0,,
1299,10,15017,3,count/min,172.42520674248254,,
1300,11,15017,1,,-78.87268893428042,,
1301,12,15017,3,count/s,2.9,,
1302,13,15017,1,,1.0,,
1303,14,15017,1,,0.0,,
1304,15,15017,3,kcal/hr·kg,11.622078688684747,,
1305,16,15017,1,,35.65931351393057,,
1306,17,15017,3,degF,76.0,,
1307,18,15017,3,m,96.41170883178711,,
1308,19,15017,3,%,61.0,,
1309,20,15017,0,America/New_York,,,
1310,21,15017,3,m,106.79598617553711,,
1311,22,15017,3,cm,3490.0,,
1313,24,15025,0,com.apple.Music,,,
1314,1,15071,1,,6.0,,
1315,1,15072,1,,6.0,,
1316,1,15073,1,,6.0,,
1317,1,15078,1,,6.0,,
1318,1,15079,1,,6.0,,
1319,1,15080,1,,6.0,,
1320,1,15081,1,,6.0,,
1321,1,15082,1,,6.0,,
1322,1,15083,1,,6.0,,
1323,1,15084,1,,6.0,,
1324,1,15087,1,,6.0,,
1325,1,15088,1,,6.0,,
1326,1,15089,1,,6.0,,
1327,1,15090,1,,6.0,,
1328,1,15091,1,,6.0,,
1329,1,15092,1,,6.0,,
1330,1,15093,1,,6.0,,
1331,1,15094,1,,6.0,,
1332,1,15095,1,,6.0,,
1333,1,15096,1,,6.0,,
1334,1,15097,1,,6.0,,
1335,1,15098,1,,6.0,,
1336,1,15099,1,,6.0,,
1337,1,15100,1,,6.0,,
1338,1,15101,1,,6.0,,
1339,1,15102,1,,6.0,,
1340,1,15103,1,,6.0,,
1341,1,15104,1,,6.0,,
1342,1,15109,1,,6.0,,
1343,1,15110,1,,6.0,,
1344,1,15112,1,,6.0,,
1345,1,15113,1,,6.0,,
1346,1,15114,1,,6.0,,
1347,1,15115,1,,6.0,,
1348,1,15116,1,,6.0,,
1349,1,15117,1,,6.0,,
1350,1,15118,1,,6.0,,
1351,1,15119,1,,6.0,,
1352,1,15121,1,,6.0,,
1353,1,15122,1,,6.0,,
1354,1,15254,1,,3.0,,
1355,1,15257,1,,1.0,,
1356,1,15266,1,,3.0,,
1357,1,15271,1,,3.0,,
1358,1,15280,1,,3.0,,
1359,1,15284,1,,3.0,,
1360,1,15289,1,,3.0,,
1361,1,15291,1,,2.0,,
1362,1,15292,1,,2.0,,
1363,1,15293,1,,2.0,,
1364,1,15294,1,,2.0,,
1365,1,15300,1,,1.0,,
1366,1,15313,1,,3.0,,
1367,1,15338,1,,1.0,,
1368,1,15346,1,,1.0,,
1369,1,15359,1,,3.0,,
1370,1,15364,1,,1.0,,
1371,1,15375,1,,1.0,,
1372,1,15382,1,,3.0,,
1373,1,15385,1,,1.0,,
1374,1,15392,1,,1.0,,
1375,1,15418,1,,3.0,,
1376,1,15419,1,,1.0,,
1377,1,15429,1,,3.0,,
1378,1,15441,1,,1.0,,
1379,1,15447,1,,3.0,,
1380,1,15454,1,,1.0,,
1381,1,15463,1,,1.0,,
1382,1,15470,1,,1.0,,
1383,1,15489,1,,1.0,,
1384,1,15514,1,,1.0,,
1385,1,15518,1,,3.0,,
1386,1,15531,1,,3.0,,
1387,1,15540,1,,3.0,,
1388,1,15550,1,,3.0,,
1389,1,15557,1,,3.0,,
1390,1,15563,1,,1.0,,
1391,1,15566,1,,3.0,,
1392,1,15577,1,,1.0,,
1393,1,15593,1,,1.0,,
1394,1,15598,1,,1.0,,
1395,1,15612,1,,1.0,,
1396,1,15621,1,,3.0,,
1397,1,15622,1,,1.0,,
1398,1,15641,1,,3.0,,
1399,1,15644,1,,1.0,,
1400,1,15681,1,,3.0,,
1401,1,15687,1,,3.0,,
1402,1,15711,1,,1.0,,
1403,1,15721,1,,1.0,,
1404,1,15725,1,,3.0,,
1405,1,15740,1,,3.0,,
1406,1,15750,1,,3.0,,
1407,5,15755,1,,606960000.0,,
1408,1,15760,1,,3.0,,
1409,1,15768,1,,3.0,,
1410,1,15771,1,,8.0,,
1411,1,15774,1,,3.0,,
1412,1,15783,1,,3.0,,
1413,4,15789,1,,6.80078125,,
1414,3,15789,1,,0.0,,
1415,2,15789,1,,18.23828125,,
1416,1,15794,1,,3.0,,
1417,1,15799,1,,3.0,,
1418,1,15808,1,,3.0,,
1419,1,15812,1,,3.0,,
1420,1,15819,1,,3.0,,
1421,1,15828,1,,3.0,,
1422,1,15834,1,,1.0,,
1423,1,15840,1,,3.0,,
1424,1,15847,1,,3.0,,
1425,1,15851,1,,3.0,,
1426,1,15862,1,,3.0,,
1427,1,15868,1,,3.0,,
1428,1,15878,1,,3.0,,
1429,1,15894,1,,4.0,,
1430,1,15921,1,,1.0,,
1431,1,15922,1,,1.0,,
1432,1,15930,1,,3.0,,
1433,1,15935,1,,3.0,,
1434,1,15936,1,,8.0,,
1435,2,15942,1,,33.0625,,
1436,3,15942,1,,0.0,,
1437,4,15942,1,,7.36328125,,
1440,1,15958,1,,1.0,,
1441,1,15959,1,,3.0,,
1442,1,15974,1,,3.0,,
1443,1,15980,1,,3.0,,
1444,1,15988,1,,3.0,,
1445,1,15989,1,,3.0,,
1446,1,16000,1,,3.0,,
1447,1,16008,1,,3.0,,
1448,1,16021,1,,3.0,,
1449,1,16023,1,,3.0,,
1450,1,16036,1,,3.0,,
1451,1,16041,1,,3.0,,
1453,1,16057,1,,3.0,,
1454,1,16058,1,,3.0,,
1455,1,16068,1,,3.0,,
1456,1,16081,1,,3.0,,
1457,1,16084,1,,1.0,,
1458,1,16093,1,,3.0,,
1459,1,16100,1,,3.0,,
1461,1,16111,1,,3.0,,
1462,1,16117,1,,3.0,,
1463,1,16122,1,,8.0,,
1464,1,16127,1,,3.0,,
1465,1,16133,1,,3.0,,
1466,1,16142,1,,3.0,,
1467,1,16146,1,,3.0,,
1468,2,16163,1,,0.95703125,,
1469,3,16163,1,,0.0,,
1470,4,16163,1,,8.52734375,,
1471,1,16171,1,,4.0,,
1472,1,16173,1,,1.0,,
1473,1,16179,1,,4.0,,
1474,1,16202,1,,1.0,,
1475,1,16228,1,,4.0,,
1476,1,16230,1,,3.0,,
1477,1,16237,1,,1.0,,
1480,1,16256,1,,1.0,,
1481,1,16263,1,,1.0,,
1482,1,16293,1,,4.0,,
1483,1,16325,1,,3.0,,
1484,1,16326,1,,3.0,,
1485,1,16342,1,,3.0,,
1486,1,16348,1,,3.0,,
1487,1,16355,1,,3.0,,
1488,1,16397,1,,4.0,,
1489,1,16401,1,,1.0,,
1490,1,16501,1,,6.0,,
1491,1,16512,1,,6.0,,
1492,1,16515,1,,6.0,,
1493,1,16524,1,,6.0,,
1494,1,16533,1,,6.0,,
1495,1,16542,1,,6.0,,
1496,1,16656,1,,6.0,,
1497,1,16665,1,,6.0,,
1498,1,16674,1,,6.0,,
1499,1,16679,1,,6.0,,
1500,1,16689,1,,6.0,,
1501,1,16714,1,,6.0,,
1502,1,16725,1,,6.0,,
1503,1,16732,1,,6.0,,
1504,1,16741,1,,6.0,,
1505,1,16752,1,,6.0,,
1506,1,16761,1,,6.0,,
1507,1,16768,1,,6.0,,
1508,1,16777,1,,6.0,,
1509,1,16786,1,,6.0,,
1510,1,16840,1,,6.0,,
1511,1,17197,1,,6.0,,
1512,1,17208,1,,6.0,,
1513,1,17215,1,,6.0,,
1514,1,17224,1,,6.0,,
1515,1,17233,1,,6.0,,
1516,1,17244,1,,6.0,,
1517,1,17245,1,,6.0,,
1518,1,17252,1,,6.0,,
1519,1,17435,1,,6.0,,
1520,1,17444,1,,6.0,,
1521,1,17455,1,,6.0,,
1522,1,17462,1,,6.0,,
1523,1,17472,1,,6.0,,
1524,1,17477,1,,6.0,,
1525,1,17502,1,,6.0,,
1526,1,17559,1,,6.0,,
1527,1,17569,1,,6.0,,
1528,1,17578,1,,6.0,,
1529,1,17587,1,,6.0,,
1530,1,17596,1,,6.0,,
1531,1,17605,1,,6.0,,
1532,1,17614,1,,6.0,,
1533,1,17623,1,,6.0,,
1534,1,17632,1,,6.0,,
1535,1,17661,1,,6.0,,
1536,1,17689,1,,6.0,,
1537,1,17696,1,,6.0,,
1538,1,17705,1,,6.0,,
1539,1,17738,1,,6.0,,
1540,1,17756,1,,6.0,,
1541,1,17765,1,,6.0,,
1542,1,17777,1,,6.0,,
1543,1,17784,1,,6.0,,
1544,1,17793,1,,6.0,,
1545,1,17804,1,,6.0,,
1546,1,17807,1,,6.0,,
1547,1,17816,1,,6.0,,
1548,1,17825,1,,6.0,,
1549,1,17834,1,,6.0,,
1550,1,17843,1,,6.0,,
1551,1,17852,1,,6.0,,
1552,1,17861,1,,6.0,,
1553,1,17870,1,,6.0,,
1554,1,17880,1,,6.0,,
1555,1,17889,1,,6.0,,
1556,1,17914,1,,6.0,,
1557,1,18122,1,,6.0,,
1558,1,18127,1,,6.0,,
1559,7,18146,3,count/s,2.7852742165242166,,
1560,8,18146,3,count/s,3.1166666666666667,,
1561,10,18146,3,count/min,173.00218539735528,,
1562,11,18146,1,,-78.87268695902945,,
1563,12,18146,3,count/s,2.283333333333333,,
1564,16,18146,1,,35.65901767053373,,
1565,14,18146,1,,0.0,,
1566,15,18146,3,kcal/hr·kg,11.753322503668173,,
1567,18,18146,3,m,92.29533843994142,,
1568,20,18146,0,America/New_York,,,
1569,21,18146,3,m,109.84800466458996,,
1570,22,18146,3,cm,3302.0,,
1572,6,18156,1,,2.0,,
1573,24,18162,0,com.apple.NanoMusic,,,
1574,1,18163,1,,6.0,,
1575,1,18164,1,,6.0,,
1576,1,18165,1,,6.0,,
1577,1,18166,1,,6.0,,
1578,1,18167,1,,6.0,,
1579,1,18168,1,,6.0,,
1580,1,18169,1,,6.0,,
1581,1,18171,1,,6.0,,
1582,1,18172,1,,6.0,,
1583,1,18173,1,,6.0,,
1584,1,18174,1,,6.0,,
1585,1,18175,1,,6.0,,
1586,1,18177,1,,6.0,,
1587,1,18178,1,,6.0,,
1588,1,18179,1,,6.0,,
1589,1,18180,1,,6.0,,
1590,1,18181,1,,6.0,,
1591,1,18182,1,,6.0,,
1592,1,18183,1,,6.0,,
1593,1,18184,1,,6.0,,
1594,1,18185,1,,6.0,,
1595,1,18186,1,,6.0,,
1596,1,18187,1,,6.0,,
1597,1,18188,1,,6.0,,
1598,1,18189,1,,6.0,,
1599,1,18190,1,,6.0,,
1600,1,18191,1,,6.0,,
1601,1,18192,1,,6.0,,
1602,1,18193,1,,6.0,,
1603,1,18194,1,,6.0,,
1604,1,18195,1,,6.0,,
1605,1,18196,1,,6.0,,
1606,1,18197,1,,6.0,,
1607,1,18198,1,,6.0,,
1608,1,18199,1,,6.0,,
1609,1,18204,1,,6.0,,
1610,1,18205,1,,6.0,,
1611,1,18213,1,,6.0,,
1612,1,18214,1,,6.0,,
1613,1,18215,1,,6.0,,
1614,1,18225,1,,4.0,,
1615,1,18233,1,,4.0,,
1616,1,18237,1,,4.0,,
1618,5,18284,1,,607046400.0,,
1619,1,18287,1,,4.0,,
1620,1,18314,1,,4.0,,
1621,1,18334,1,,4.0,,
1622,1,18339,1,,4.0,,
1623,1,18343,1,,4.0,,
1624,1,18444,1,,1.0,,
1625,1,18457,1,,1.0,,
1626,1,18460,1,,1.0,,
1627,1,18503,1,,3.0,,
1628,1,18513,1,,1.0,,
1629,1,18526,1,,3.0,,
1630,1,18531,1,,3.0,,
1631,1,18564,1,,1.0,,
1632,1,18568,1,,3.0,,
1633,1,18569,1,,1.0,,
1634,1,18587,1,,3.0,,
1635,1,18591,1,,3.0,,
1636,1,18604,1,,3.0,,
1637,1,18608,1,,3.0,,
1638,1,18618,1,,1.0,,
1639,1,18644,1,,1.0,,
1640,1,18645,1,,1.0,,
1641,1,18662,1,,1.0,,
1642,1,18669,1,,1.0,,
1643,1,18682,1,,1.0,,
1644,1,18685,1,,8.0,,
1645,1,18686,1,,1.0,,
1646,1,18687,1,,3.0,,
1647,1,18695,1,,3.0,,
1648,1,18702,1,,3.0,,
1649,2,18705,1,,14.48046875,,
1650,3,18705,1,,0.0,,
1651,4,18705,1,,9.109375,,
1652,1,18743,1,,3.0,,
1653,1,18744,1,,3.0,,
1654,1,18746,1,,3.0,,
1655,1,18751,1,,3.0,,
1656,1,18757,1,,3.0,,
1657,1,18762,1,,3.0,,
1658,1,18766,1,,3.0,,
1659,1,18767,1,,3.0,,
1660,1,18769,1,,3.0,,
1661,1,18771,1,,3.0,,
1662,1,18772,1,,3.0,,
1663,1,18774,1,,3.0,,
1664,1,18775,1,,3.0,,
1665,1,18776,1,,3.0,,
1666,1,18777,1,,3.0,,
1667,1,18779,1,,3.0,,
1668,1,18783,1,,3.0,,
1669,1,18787,1,,3.0,,
1670,1,18793,1,,3.0,,
1671,1,18812,1,,3.0,,
1672,1,18826,1,,1.0,,
1673,1,18834,1,,3.0,,
1674,1,18845,1,,1.0,,
1675,1,18854,1,,1.0,,
1676,1,18865,1,,1.0,,
1677,1,18873,1,,3.0,,
1678,1,18880,1,,3.0,,
1679,1,18885,1,,3.0,,
1680,1,18894,1,,3.0,,
1681,1,18906,1,,1.0,,
1682,1,18935,1,,1.0,,
1683,1,18937,1,,1.0,,
1684,1,18945,1,,3.0,,
1686,1,18965,1,,3.0,,
1687,1,18978,1,,3.0,,
1688,1,18984,1,,3.0,,
1689,1,19016,1,,3.0,,
1690,1,19021,1,,3.0,,
1691,1,19028,1,,3.0,,
1692,1,19039,1,,1.0,,
1693,1,19045,1,,1.0,,
1694,1,19058,1,,3.0,,
1695,1,19063,1,,1.0,,
1696,1,19071,1,,3.0,,
1697,1,19079,1,,3.0,,
1698,1,19091,1,,1.0,,
1699,1,19098,1,,3.0,,
1700,1,19108,1,,1.0,,
1701,1,19115,1,,3.0,,
1702,1,19128,1,,1.0,,
1703,1,19138,1,,3.0,,
1704,1,19139,1,,1.0,,
1705,1,19157,1,,3.0,,
1706,1,19163,1,,3.0,,
1707,1,19173,1,,3.0,,
1708,1,19174,1,,3.0,,
1709,1,19202,1,,1.0,,
1710,1,19205,1,,3.0,,
1711,1,19250,1,,1.0,,
1712,1,19251,1,,1.0,,
1713,1,19252,1,,3.0,,
1714,1,19263,1,,3.0,,
1715,1,19264,1,,1.0,,
1716,1,19272,1,,3.0,,
1717,1,19287,1,,3.0,,
1718,1,19295,1,,3.0,,
1719,1,19305,1,,3.0,,
1720,1,19312,1,,3.0,,
1721,1,19314,1,,3.0,,
1722,1,19324,1,,3.0,,
1723,1,19334,1,,3.0,,
1724,1,19336,1,,3.0,,
1725,1,19345,1,,1.0,,
1726,5,19357,1,,607046400.0,,
1727,1,19365,1,,3.0,,
1728,1,19369,1,,3.0,,
1729,1,19370,1,,8.0,,
1730,1,19378,1,,1.0,,
1731,1,19383,1,,3.0,,
1732,1,19390,1,,1.0,,
1733,2,19398,1,,24.03125,,
1734,3,19398,1,,0.0,,
1735,4,19398,1,,34.09765625,,
1736,1,19408,1,,3.0,,
1737,1,19409,1,,3.0,,
1738,1,19418,1,,3.0,,
1739,1,19421,1,,3.0,,
1740,1,19434,1,,3.0,,
1741,1,19438,1,,3.0,,
1742,1,19445,1,,1.0,,
1743,1,19456,1,,3.0,,
1744,1,19463,1,,1.0,,
1745,1,19484,1,,1.0,,
1746,1,19498,1,,4.0,,
1747,1,19499,1,,1.0,,
1748,1,19503,1,,4.0,,
1749,1,19515,1,,4.0,,
1750,1,19518,1,,1.0,,
1751,1,19521,1,,1.0,,
1752,1,19522,1,,8.0,,
1753,1,19527,1,,1.0,,
1754,1,19537,1,,3.0,,
1755,1,19543,1,,3.0,,
1757,2,19562,1,,27.8359375,,
1758,3,19562,1,,0.0,,
1759,4,19562,1,,7.73046875,,
1760,1,19568,1,,3.0,,
1761,1,19577,1,,3.0,,
1762,1,19583,1,,3.0,,
1763,1,19591,1,,3.0,,
1765,1,19606,1,,3.0,,
1766,1,19614,1,,1.0,,
1767,1,19622,1,,3.0,,
1768,1,19624,1,,3.0,,
1769,1,19636,1,,1.0,,
1770,1,19645,1,,4.0,,
1771,1,19647,1,,3.0,,
1772,1,19656,1,,1.0,,
1773,1,19662,1,,3.0,,
1775,1,19686,1,,1.0,,
1776,1,19688,1,,1.0,,
1777,1,19707,1,,4.0,,
1778,1,19745,1,,4.0,,
1779,1,19751,1,,1.0,,
1780,1,19764,1,,1.0,,
1781,1,19765,1,,1.0,,
1782,1,19775,1,,3.0,,
1783,1,19779,1,,3.0,,
1784,1,19787,1,,3.0,,
1785,1,19794,1,,3.0,,
1786,1,19801,1,,1.0,,
1787,1,19805,1,,3.0,,
1789,1,19830,1,,3.0,,
1790,1,19835,1,,1.0,,
1791,1,19847,1,,3.0,,
1792,1,19856,1,,3.0,,
1793,1,19863,1,,1.0,,
1794,1,19874,1,,4.0,,
1795,1,19880,1,,1.0,,
1796,1,19883,1,,1.0,,
1797,1,19895,1,,3.0,,
1798,1,19899,1,,4.0,,
1799,1,19900,1,,1.0,,
1800,1,19908,1,,1.0,,
1801,1,19927,1,,3.0,,
1802,1,19930,1,,1.0,,
1803,1,19944,1,,1.0,,
1804,1,19951,1,,1.0,,
1805,1,19960,1,,3.0,,
1806,1,19967,1,,1.0,,
1807,1,19982,1,,3.0,,
1808,1,19988,1,,1.0,,
1809,1,19997,1,,3.0,,
1810,1,20006,1,,1.0,,
1811,1,20013,1,,3.0,,
1812,1,20024,1,,3.0,,
1813,1,20026,1,,3.0,,
1815,1,20061,1,,3.0,,
1816,1,20062,1,,3.0,,
1817,1,20083,1,,1.0,,
1818,1,20090,1,,4.0,,
1819,1,20094,1,,1.0,,
1820,1,20112,1,,3.0,,
1821,1,20113,1,,1.0,,
1822,1,20139,1,,4.0,,
1823,1,20164,1,,1.0,,
1824,1,20179,1,,1.0,,
1825,1,20208,1,,3.0,,
1826,1,20211,1,,1.0,,
1827,1,20218,1,,4.0,,
1829,5,20229,1,,607132800.0,,
1830,1,20236,1,,4.0,,
1831,1,20239,1,,1.0,,
1832,1,20241,1,,1.0,,
1833,1,20249,1,,3.0,,
1834,1,20252,1,,3.0,,
1835,1,20272,1,,3.0,,
1837,1,20291,1,,3.0,,
1838,1,20308,1,,1.0,,
1839,1,20314,1,,1.0,,
1840,1,20334,1,,3.0,,
1841,1,20353,1,,3.0,,
1842,1,20358,1,,1.0,,
1843,1,20359,1,,1.0,,
1844,1,20377,1,,1.0,,
1845,1,20378,1,,1.0,,
1846,1,20391,1,,3.0,,
1847,1,20403,1,,1.0,,
1848,1,20412,1,,3.0,,
1849,1,20423,1,,3.0,,
1850,1,20432,1,,1.0,,
1851,1,20439,1,,1.0,,
1852,1,20445,1,,1.0,,
1853,1,20543,1,,1.0,,
1854,1,20568,1,,1.0,,
1855,1,20571,1,,1.0,,
1856,1,20577,1,,3.0,,
1857,1,20589,1,,3.0,,
1858,1,20597,1,,1.0,,
1859,1,20670,1,,1.0,,
1860,1,20704,1,,1.0,,
1861,1,20718,1,,3.0,,
1862,1,20725,1,,3.0,,
1863,1,20731,1,,3.0,,
1864,1,20737,1,,1.0,,
1865,1,20756,1,,3.0,,
1866,1,20763,1,,1.0,,
1867,1,20777,1,,3.0,,
1868,1,20781,1,,1.0,,
1869,1,20804,1,,3.0,,
1870,1,20806,1,,1.0,,
1871,1,20815,1,,3.0,,
1872,1,20821,1,,3.0,,
1873,1,20831,1,,3.0,,
1874,1,20837,1,,1.0,,
1875,1,20869,1,,1.0,,
1876,1,20877,1,,1.0,,
1877,1,20888,1,,3.0,,
1878,1,20898,1,,1.0,,
1879,1,20899,1,,1.0,,
1880,1,20915,1,,1.0,,
1881,1,20921,1,,1.0,,
1882,1,20938,1,,1.0,,
1883,1,20939,1,,3.0,,
1884,1,20946,1,,3.0,,
1885,1,20992,1,,1.0,,
1886,1,21009,1,,3.0,,
1887,1,21094,1,,1.0,,
1888,1,21098,1,,1.0,,
1889,1,21113,1,,1.0,,
1890,1,21120,1,,3.0,,
1891,1,21126,1,,1.0,,
1892,1,21133,1,,3.0,,
1893,1,21139,1,,3.0,,
1894,1,21141,1,,3.0,,
1895,1,21148,1,,3.0,,
1896,1,21158,1,,1.0,,
1897,1,21167,1,,1.0,,
1898,1,21177,1,,1.0,,
1899,1,21178,1,,3.0,,
1900,1,21185,1,,1.0,,
1901,1,21194,1,,3.0,,
1902,1,21212,1,,3.0,,
1903,1,21222,1,,1.0,,
1904,1,21228,1,,1.0,,
1905,1,21235,1,,1.0,,
1906,1,21246,1,,3.0,,
1907,1,21253,1,,1.0,,
1908,1,21264,1,,1.0,,
1909,1,21270,1,,3.0,,
1910,1,21278,1,,3.0,,
1911,1,21285,1,,1.0,,
1912,1,21301,1,,1.0,,
1913,1,21305,1,,1.0,,
1914,1,21318,1,,1.0,,
1915,1,21324,1,,1.0,,
1916,1,21332,1,,3.0,,
1917,1,21339,1,,3.0,,
1918,1,21346,1,,3.0,,
1919,1,21348,1,,3.0,,
1920,1,21351,1,,3.0,,
1921,1,21362,1,,1.0,,
1922,1,21367,1,,3.0,,
1923,1,21373,1,,3.0,,
1924,1,21378,1,,3.0,,
1925,1,21383,1,,3.0,,
1926,1,21385,1,,1.0,,
1927,1,21393,1,,3.0,,
1928,1,21402,1,,3.0,,
1929,1,21406,1,,3.0,,
1930,1,21412,1,,3.0,,
1931,1,21419,1,,3.0,,
1932,1,21426,1,,3.0,,
1933,5,21447,1,,607132800.0,,
1934,1,21479,1,,1.0,,
1935,1,21480,1,,3.0,,
1936,1,21490,1,,1.0,,
1937,1,21503,1,,3.0,,
1938,1,21504,1,,8.0,,
1939,1,21517,1,,1.0,,
1940,1,21518,1,,1.0,,
1941,2,21524,1,,14.68359375,,
1942,3,21524,1,,0.0,,
1943,4,21524,1,,19.765625,,
1945,1,21540,1,,3.0,,
1946,1,21545,1,,4.0,,
1947,1,21547,1,,1.0,,
1948,1,21562,1,,1.0,,
1949,1,21568,1,,3.0,,
1950,1,21580,1,,4.0,,
1951,1,21585,1,,3.0,,
1952,1,21592,1,,1.0,,
1953,1,21608,1,,1.0,,
1954,1,21617,1,,1.0,,
1955,1,21623,1,,3.0,,
1956,1,21628,1,,3.0,,
1957,1,21636,1,,1.0,,
1958,1,21641,1,,3.0,,
1959,1,21644,1,,3.0,,
1960,1,21658,1,,3.0,,
1961,1,21659,1,,3.0,,
1962,1,21665,1,,3.0,,
1963,1,21669,1,,4.0,,
1964,1,21716,1,,4.0,,
1965,1,21717,1,,1.0,,
1969,1,21769,1,,4.0,,
1970,1,21772,1,,1.0,,
1971,1,21777,1,,1.0,,
1972,1,21788,1,,4.0,,
1973,1,21824,1,,1.0,,
1974,1,21828,1,,1.0,,
1975,1,21829,1,,2.0,,
1976,1,21862,1,,6.0,,
1977,1,21871,1,,6.0,,
1978,1,21875,1,,6.0,,
1979,1,21904,1,,6.0,,
1980,1,21913,1,,6.0,,
1981,1,21930,1,,6.0,,
1982,1,21943,1,,6.0,,
1983,1,21952,1,,6.0,,
1984,1,21961,1,,6.0,,
1985,1,22003,1,,6.0,,
1986,1,22282,1,,6.0,,
1987,1,22291,1,,6.0,,
1988,1,22300,1,,6.0,,
1989,1,22309,1,,6.0,,
1990,1,22318,1,,6.0,,
1991,1,22327,1,,6.0,,
1992,1,22336,1,,6.0,,
1993,1,22345,1,,6.0,,
1994,1,22354,1,,6.0,,
1995,1,22363,1,,6.0,,
1996,1,22373,1,,6.0,,
1997,1,22382,1,,6.0,,
1998,1,22391,1,,6.0,,
1999,1,22400,1,,6.0,,
2000,1,22409,1,,6.0,,
2001,1,22420,1,,6.0,,
2002,1,22423,1,,6.0,,
2003,1,22432,1,,6.0,,
2004,1,22441,1,,6.0,,
2005,1,22450,1,,6.0,,
2006,1,22459,1,,6.0,,
2007,1,22468,1,,6.0,,
2008,1,22478,1,,6.0,,
2009,1,22487,1,,6.0,,
2010,1,22496,1,,6.0,,
2011,1,22505,1,,6.0,,
2012,1,22514,1,,6.0,,
2013,1,22525,1,,6.0,,
2014,1,22532,1,,6.0,,
2015,1,22541,1,,6.0,,
2016,1,22550,1,,6.0,,
2017,1,22559,1,,6.0,,
2018,1,22568,1,,6.0,,
2019,1,22577,1,,6.0,,
2020,1,22587,1,,6.0,,
2021,1,22592,1,,6.0,,
2022,1,22601,1,,6.0,,
2023,1,22610,1,,6.0,,
2024,1,22619,1,,6.0,,
2025,1,22628,1,,6.0,,
2026,1,22637,1,,6.0,,
2027,1,22646,1,,6.0,,
2028,1,22655,1,,6.0,,
2029,1,22673,1,,6.0,,
2030,1,22684,1,,6.0,,
2031,1,22691,1,,6.0,,
2032,1,22701,1,,6.0,,
2033,1,22710,1,,6.0,,
2034,1,22719,1,,6.0,,
2035,1,22730,1,,6.0,,
2036,1,22737,1,,6.0,,
2037,1,22746,1,,6.0,,
2038,1,22755,1,,6.0,,
2039,1,22764,1,,6.0,,
2040,1,22773,1,,6.0,,
2041,1,22778,1,,6.0,,
2042,1,22787,1,,6.0,,
2043,1,22798,1,,6.0,,
2044,1,22806,1,,6.0,,
2045,1,22817,1,,6.0,,
2046,1,22824,1,,6.0,,
2047,1,22833,1,,6.0,,
2048,1,22842,1,,6.0,,
2049,1,22851,1,,6.0,,
2050,1,22860,1,,6.0,,
2051,1,22869,1,,6.0,,
2052,1,22878,1,,6.0,,
2053,1,22887,1,,6.0,,
2054,1,22896,1,,6.0,,
2055,1,22905,1,,6.0,,
2056,1,22915,1,,6.0,,
2057,1,22924,1,,6.0,,
2058,1,22933,1,,6.0,,
2059,1,22942,1,,6.0,,
2060,1,22953,1,,6.0,,
2061,1,22956,1,,6.0,,
2062,1,22965,1,,6.0,,
2063,1,22974,1,,6.0,,
2064,1,22983,1,,6.0,,
2065,1,22992,1,,6.0,,
2066,1,23001,1,,6.0,,
2067,1,23010,1,,6.0,,
2068,1,23020,1,,6.0,,
2069,1,23029,1,,6.0,,
2070,1,23038,1,,6.0,,
2071,1,23047,1,,6.0,,
2072,1,23058,1,,6.0,,
2073,1,23065,1,,6.0,,
2074,1,23074,1,,6.0,,
2075,1,23083,1,,6.0,,
2076,1,23092,1,,6.0,,
2077,1,23101,1,,6.0,,
2078,1,23110,1,,6.0,,
2079,1,23119,1,,6.0,,
2080,1,23131,1,,6.0,,
2081,1,23134,1,,6.0,,
2082,1,23143,1,,6.0,,
2083,1,23152,1,,6.0,,
2084,1,23163,1,,6.0,,
2085,1,23170,1,,6.0,,
2086,1,23179,1,,6.0,,
2087,1,23190,1,,6.0,,
2088,1,23197,1,,6.0,,
2089,1,23206,1,,6.0,,
2090,1,23215,1,,6.0,,
2091,1,23224,1,,6.0,,
2092,1,23234,1,,6.0,,
2093,1,23243,1,,6.0,,
2094,1,23252,1,,6.0,,
2095,1,23263,1,,6.0,,
2096,1,23270,1,,6.0,,
2097,1,23280,1,,6.0,,
2098,1,23289,1,,6.0,,
2099,1,23300,1,,6.0,,
2100,1,23303,1,,6.0,,
2101,1,23312,1,,6.0,,
2102,1,23321,1,,6.0,,
2103,1,23330,1,,6.0,,
2104,1,23342,1,,6.0,,
2105,1,23349,1,,6.0,,
2106,1,23358,1,,6.0,,
2107,1,23367,1,,6.0,,
2108,1,23376,1,,6.0,,
2109,1,23385,1,,6.0,,
2110,1,23394,1,,6.0,,
2111,1,23403,1,,6.0,,
2112,1,23412,1,,6.0,,
2113,1,23421,1,,6.0,,
2114,1,23430,1,,6.0,,
2115,1,23439,1,,6.0,,
2116,1,23449,1,,6.0,,
2117,1,23458,1,,6.0,,
2118,1,23467,1,,6.0,,
2119,1,23478,1,,6.0,,
2120,1,23481,1,,6.0,,
2121,1,23490,1,,6.0,,
2122,1,23499,1,,6.0,,
2123,1,23508,1,,6.0,,
2124,1,23517,1,,6.0,,
2125,1,23526,1,,6.0,,
2126,1,23535,1,,6.0,,
2127,1,23544,1,,6.0,,
2128,1,23554,1,,6.0,,
2129,1,23563,1,,6.0,,
2130,1,23574,1,,6.0,,
2131,1,23583,1,,6.0,,
2132,1,23590,1,,6.0,,
2133,1,23601,1,,6.0,,
2134,1,23608,1,,6.0,,
2135,1,23617,1,,6.0,,
2136,1,23626,1,,6.0,,
2137,1,23635,1,,6.0,,
2138,1,23644,1,,6.0,,
2139,1,23653,1,,6.0,,
2140,1,23659,1,,6.0,,
2141,1,23668,1,,6.0,,
2142,1,23677,1,,6.0,,
2143,1,23688,1,,6.0,,
2144,1,23695,1,,6.0,,
2145,1,23704,1,,6.0,,
2146,1,23713,1,,6.0,,
2147,1,23722,1,,6.0,,
2148,1,23731,1,,6.0,,
2149,1,23740,1,,6.0,,
2150,1,23749,1,,6.0,,
2151,1,23758,1,,6.0,,
2152,1,23768,1,,6.0,,
2153,1,23777,1,,6.0,,
2154,1,23786,1,,6.0,,
2155,1,23795,1,,6.0,,
2156,1,23804,1,,6.0,,
2157,1,23813,1,,6.0,,
2158,1,23822,1,,6.0,,
2159,1,23827,1,,6.0,,
2160,1,23836,1,,6.0,,
2161,1,23845,1,,6.0,,
2162,1,23854,1,,6.0,,
2163,1,23866,1,,6.0,,
2164,1,23873,1,,6.0,,
2165,1,23882,1,,6.0,,
2166,1,23891,1,,6.0,,
2167,1,23900,1,,6.0,,
2168,1,23909,1,,6.0,,
2169,1,23918,1,,6.0,,
2170,1,23927,1,,6.0,,
2171,1,23936,1,,6.0,,
2172,1,23945,1,,6.0,,
2173,1,23954,1,,6.0,,
2174,1,23963,1,,6.0,,
2175,1,23972,1,,6.0,,
2176,1,23982,1,,6.0,,
2177,1,23991,1,,6.0,,
2178,1,24000,1,,6.0,,
2179,1,24005,1,,6.0,,
2180,1,24014,1,,6.0,,
2181,1,24023,1,,6.0,,
2182,1,24032,1,,6.0,,
2183,1,24041,1,,6.0,,
2184,1,24050,1,,6.0,,
2185,1,24059,1,,6.0,,
2186,1,24068,1,,6.0,,
2187,1,24077,1,,6.0,,
2188,1,24087,1,,6.0,,
2189,1,24096,1,,6.0,,
2190,1,24107,1,,6.0,,
2191,1,24114,1,,6.0,,
2192,1,24123,1,,6.0,,
2193,1,24132,1,,6.0,,
2194,1,24141,1,,6.0,,
2195,1,24150,1,,6.0,,
2196,1,24159,1,,6.0,,
2197,1,24168,1,,6.0,,
2198,1,24177,1,,6.0,,
2199,1,24182,1,,6.0,,
2200,1,24192,1,,6.0,,
2201,1,24201,1,,6.0,,
2202,1,24212,1,,6.0,,
2203,1,24219,1,,6.0,,
2204,1,24228,1,,6.0,,
2205,1,24237,1,,6.0,,
2206,1,24246,1,,6.0,,
2207,1,24255,1,,6.0,,
2208,1,24264,1,,6.0,,
2209,1,24273,1,,6.0,,
2210,1,24282,1,,6.0,,
2211,1,24291,1,,6.0,,
2212,1,24301,1,,6.0,,
2213,1,24318,1,,6.0,,
2214,1,24327,1,,6.0,,
2215,1,24336,1,,6.0,,
2216,1,24345,1,,6.0,,
2217,1,24356,1,,6.0,,
2218,1,24359,1,,6.0,,
2219,1,24368,1,,6.0,,
2220,1,24377,1,,6.0,,
2221,1,24386,1,,6.0,,
2222,1,24395,1,,6.0,,
2223,1,24405,1,,6.0,,
2224,1,24414,1,,6.0,,
2225,1,24423,1,,6.0,,
2226,1,24432,1,,6.0,,
2227,1,24441,1,,6.0,,
2228,1,24450,1,,6.0,,
2229,1,24459,1,,6.0,,
2230,1,24468,1,,6.0,,
2231,1,24477,1,,6.0,,
2232,1,24486,1,,6.0,,
2233,1,24495,1,,6.0,,
2234,1,24504,1,,6.0,,
2235,1,24514,1,,6.0,,
2236,1,24525,1,,6.0,,
2237,1,24528,1,,6.0,,
2238,1,24537,1,,6.0,,
2239,1,24546,1,,6.0,,
2240,1,24555,1,,6.0,,
2241,1,24564,1,,6.0,,
2242,1,24573,1,,6.0,,
2243,1,24584,1,,6.0,,
2244,1,24608,1,,6.0,,
2245,1,24618,1,,6.0,,
2246,1,24627,1,,6.0,,
2247,1,24636,1,,6.0,,
2248,1,24645,1,,6.0,,
2249,7,24649,3,count/s,2.9065787490287485,,
2250,8,24649,3,count/s,3.0666666666666664,,
2251,9,24649,1,,1.0,,
2252,10,24649,3,count/min,172.5824550414169,,
2253,11,24649,1,,-78.873288441281,,
2254,12,24649,3,count/s,1.9166666666666667,,
2255,13,24649,1,,1.0,,
2256,14,24649,1,,0.0,,
2257,15,24649,3,kcal/hr·kg,11.067647020195958,,
2258,16,24649,1,,35.65933701465783,,
2259,17,24649,3,degF,62.0,,
2260,18,24649,3,m,77.74898351336356,,
2261,19,24649,3,%,52.0,,
2262,20,24649,0,America/New_York,,,
2263,21,24649,3,m,110.21270407876126,,
2264,22,24649,3,cm,4991.0,,
2266,6,24655,1,,2.0,,
2267,24,24657,0,com.apple.NanoMusic,,,
2268,1,24658,1,,6.0,,
2269,1,24659,1,,6.0,,
2270,1,24660,1,,6.0,,
2271,1,24661,1,,6.0,,
2272,1,24662,1,,6.0,,
2273,1,24663,1,,6.0,,
2274,1,24667,1,,6.0,,
2275,1,24670,1,,6.0,,
2276,1,24671,1,,6.0,,
2277,1,24672,1,,6.0,,
2278,1,24673,1,,6.0,,
2279,1,24674,1,,6.0,,
2280,1,24675,1,,6.0,,
2281,1,24676,1,,6.0,,
2282,1,24677,1,,6.0,,
2283,1,24678,1,,6.0,,
2284,1,24679,1,,6.0,,
2285,1,24680,1,,6.0,,
2286,1,24681,1,,6.0,,
2287,1,24682,1,,6.0,,
2288,1,24686,1,,6.0,,
2289,1,24687,1,,6.0,,
2290,1,24688,1,,6.0,,
2291,1,24689,1,,6.0,,
2292,1,24690,1,,6.0,,
2293,1,24691,1,,6.0,,
2294,1,24693,1,,6.0,,
2295,1,24694,1,,6.0,,
2296,1,24695,1,,6.0,,
2297,1,24696,1,,6.0,,
2298,1,24697,1,,6.0,,
2299,1,24698,1,,6.0,,
2300,1,24699,1,,6.0,,
2301,1,24700,1,,6.0,,
2302,1,24701,1,,6.0,,
2303,1,24704,1,,6.0,,
2304,1,24705,1,,6.0,,
2305,1,24706,1,,6.0,,
2306,1,24707,1,,6.0,,
2307,1,24708,1,,6.0,,
2308,1,24736,1,,4.0,,
2310,1,24778,1,,4.0,,
2311,1,24796,1,,4.0,,
2312,1,24824,1,,4.0,,
2313,1,24829,1,,4.0,,
2314,1,24851,1,,1.0,,
2317,1,24868,1,,3.0,,
2318,1,24882,1,,1.0,,
2319,1,24892,1,,4.0,,
2320,1,24915,1,,3.0,,
2321,1,24925,1,,1.0,,
2322,5,24934,1,,607219200.0,,
2323,1,24939,1,,1.0,,
2324,1,24949,1,,4.0,,
2325,1,24953,1,,1.0,,
2326,1,24993,1,,1.0,,
2327,1,24997,1,,3.0,,
2328,1,25014,1,,1.0,,
2329,1,25022,1,,3.0,,
2330,1,25037,1,,1.0,,
2331,1,25045,1,,1.0,,
2332,1,25052,1,,1.0,,
2333,1,25061,1,,1.0,,
2334,1,25069,1,,3.0,,
2335,1,25084,1,,3.0,,
2336,1,25093,1,,3.0,,
2337,1,25103,1,,1.0,,
2338,1,25135,1,,1.0,,
2339,1,25148,1,,1.0,,
2340,1,25159,1,,1.0,,
2341,1,25164,1,,3.0,,
2342,1,25169,1,,1.0,,
2343,1,25183,1,,1.0,,
2344,1,25190,1,,3.0,,
2345,1,25216,1,,3.0,,
2346,1,25220,1,,3.0,,
2347,1,25228,1,,3.0,,
2348,1,25232,1,,3.0,,
2349,1,25241,1,,1.0,,
2350,1,25248,1,,1.0,,
2351,1,25252,1,,3.0,,
2352,1,25261,1,,1.0,,
2353,1,25264,1,,3.0,,
2354,1,25321,1,,3.0,,
2355,1,25328,1,,1.0,,
2356,1,25331,1,,3.0,,
2357,1,25362,1,,1.0,,
2358,1,25373,1,,3.0,,
2359,1,25377,1,,3.0,,
2360,1,25388,1,,3.0,,
2361,1,25427,1,,1.0,,
2362,1,25448,1,,3.0,,
2363,1,25454,1,,1.0,,
2364,1,25460,1,,1.0,,
2365,1,25466,1,,1.0,,
2366,1,25470,1,,3.0,,
2367,1,25480,1,,3.0,,
2369,1,25493,1,,3.0,,
2370,1,25497,1,,3.0,,
2371,1,25506,1,,3.0,,
2372,1,25511,1,,3.0,,
2373,1,25523,1,,1.0,,
2374,1,25532,1,,3.0,,
2376,1,25553,1,,1.0,,
2377,1,25557,1,,1.0,,
2378,1,25565,1,,3.0,,
2379,1,25571,1,,3.0,,
2380,1,25578,1,,1.0,,
2381,1,25595,1,,3.0,,
2382,1,25607,1,,1.0,,
2383,1,25653,1,,3.0,,
2384,1,25660,1,,3.0,,
2385,1,25669,1,,1.0,,
2386,1,25688,1,,3.0,,
2387,1,25696,1,,3.0,,
2388,1,25702,1,,3.0,,
2389,1,25710,1,,3.0,,
2390,1,25718,1,,3.0,,
2391,1,25733,1,,3.0,,
2392,1,25752,1,,3.0,,
2393,1,25763,1,,1.0,,
2394,1,25772,1,,3.0,,
2395,1,25777,1,,1.0,,
2396,1,25836,1,,1.0,,
2397,1,25853,1,,3.0,,
2398,1,25854,1,,3.0,,
2399,1,25866,1,,3.0,,
2400,1,25867,1,,3.0,,
2401,1,25872,1,,1.0,,
2402,1,25873,1,,3.0,,
2403,1,25885,1,,3.0,,
2405,1,25898,1,,3.0,,
2406,1,25902,1,,3.0,,
2407,1,25909,1,,3.0,,
2408,1,25916,1,,3.0,,
2409,1,25927,1,,3.0,,
2410,1,25936,1,,1.0,,
2411,1,25960,1,,1.0,,
2412,1,25966,1,,3.0,,
2413,1,25971,1,,3.0,,
2414,1,25972,1,,3.0,,
2415,1,25981,1,,3.0,,
2416,1,25990,1,,1.0,,
2417,1,26007,1,,3.0,,
2418,1,26008,1,,3.0,,
2419,1,26020,1,,3.0,,
2420,1,26030,1,,1.0,,
2421,1,26039,1,,1.0,,
2422,1,26057,1,,1.0,,
2423,1,26070,1,,1.0,,
2424,1,26082,1,,3.0,,
2425,1,26090,1,,1.0,,
2426,1,26093,1,,3.0,,
2427,1,26127,1,,3.0,,
2428,1,26139,1,,1.0,,
2429,1,26144,1,,1.0,,
2430,1,26164,1,,3.0,,
2431,1,26170,1,,3.0,,
2432,1,26176,1,,3.0,,
2433,1,26181,1,,3.0,,
2434,1,26195,1,,3.0,,
2435,1,26197,1,,3.0,,
2436,1,26198,1,,3.0,,
2437,1,26208,1,,8.0,,
2438,1,26215,1,,3.0,,
2439,1,26220,1,,3.0,,
2440,1,26225,1,,3.0,,
2441,2,26228,1,,30.140625,,
2442,3,26228,1,,0.0,,
2443,4,26228,1,,10.16015625,,
2445,1,26232,1,,3.0,,
2446,1,26240,1,,3.0,,
2447,1,26245,1,,3.0,,
2448,1,26250,1,,3.0,,
2449,1,26258,1,,3.0,,
2450,1,26263,1,,3.0,,
2451,5,26272,1,,607219200.0,,
2452,1,26276,1,,3.0,,
2453,1,26283,1,,3.0,,
2454,1,26288,1,,3.0,,
2455,1,26296,1,,3.0,,
2456,1,26304,1,,1.0,,
2457,1,26309,1,,3.0,,
2458,1,26319,1,,3.0,,
2459,1,26325,1,,3.0,,
2460,1,26331,1,,3.0,,
2461,1,26337,1,,3.0,,
2462,1,26342,1,,3.0,,
2463,1,26363,1,,3.0,,
2464,1,26375,1,,1.0,,
2465,1,26383,1,,3.0,,
2466,1,26386,1,,3.0,,
2467,1,26408,1,,3.0,,
2468,1,26416,1,,3.0,,
2469,1,26438,1,,3.0,,
2470,1,26452,1,,1.0,,
2471,1,26471,1,,1.0,,
2472,1,26489,1,,1.0,,
2473,1,26500,1,,3.0,,
2474,1,26504,1,,1.0,,
2475,1,26508,1,,3.0,,
2476,1,26518,1,,3.0,,
2477,1,26525,1,,1.0,,
2478,1,26526,1,,3.0,,
2479,1,26539,1,,3.0,,
2480,1,26548,1,,3.0,,
2481,1,26564,1,,3.0,,
2482,1,26566,1,,3.0,,
2483,1,26576,1,,3.0,,
2484,1,26581,1,,3.0,,
2485,1,26589,1,,3.0,,
2486,1,26590,1,,3.0,,
2487,1,26591,1,,1.0,,
2488,1,26606,1,,3.0,,
2489,1,26616,1,,3.0,,
2490,1,26622,1,,3.0,,
2491,1,26631,1,,4.0,,
2492,1,26633,1,,1.0,,
2496,1,26656,1,,1.0,,
2497,1,26673,1,,3.0,,
2498,1,26680,1,,3.0,,
2499,1,26689,1,,3.0,,
2500,1,26695,1,,3.0,,
2502,1,26723,1,,4.0,,
2503,1,26750,1,,3.0,,
2504,1,26752,1,,3.0,,
2505,1,26762,1,,4.0,,
2506,1,26772,1,,1.0,,
2507,1,26779,1,,3.0,,
2509,1,26799,1,,3.0,,
2510,1,26800,1,,3.0,,
2511,1,26822,1,,1.0,,
2512,1,26826,1,,3.0,,
2513,1,26844,1,,4.0,,
2514,1,26848,1,,3.0,,
2517,1,26865,1,,1.0,,
2518,1,26875,1,,1.0,,
2519,1,26884,1,,3.0,,
2520,1,26890,1,,3.0,,
2521,1,26896,1,,3.0,,
2522,1,26902,1,,3.0,,
2523,1,26911,1,,3.0,,
2524,1,26916,1,,3.0,,
2525,1,26926,1,,3.0,,
2526,1,26934,1,,1.0,,
2527,1,26948,1,,3.0,,
2528,1,26954,1,,3.0,,
2529,1,26963,1,,3.0,,
2530,1,26970,1,,3.0,,
2531,1,26979,1,,3.0,,
2532,1,26984,1,,3.0,,
2533,1,26995,1,,3.0,,
2534,1,27004,1,,3.0,,
2535,1,27025,1,,3.0,,
2536,1,27034,1,,3.0,,
2537,1,27042,1,,3.0,,
2538,1,27050,1,,1.0,,
2539,1,27056,1,,3.0,,
2540,1,27058,1,,3.0,,
2541,1,27069,1,,1.0,,
2542,1,27078,1,,1.0,,
2543,1,27084,1,,3.0,,
2544,1,27089,1,,1.0,,
2545,1,27099,1,,3.0,,
2546,1,27104,1,,3.0,,
2547,1,27120,1,,1.0,,
2548,1,27125,1,,1.0,,
2549,1,27127,1,,3.0,,
2550,1,27144,1,,3.0,,
2551,1,27150,1,,1.0,,
2552,1,27160,1,,3.0,,
2553,1,27172,1,,3.0,,
2554,1,27173,1,,3.0,,
2555,1,27188,1,,1.0,,
2556,1,27193,1,,3.0,,
2557,1,27201,1,,3.0,,
2558,1,27207,1,,3.0,,
2559,1,27216,1,,1.0,,
2560,1,27218,1,,3.0,,
2561,1,27230,1,,1.0,,
2562,1,27237,1,,3.0,,
2563,1,27242,1,,1.0,,
2564,1,27243,1,,3.0,,
2565,1,27259,1,,3.0,,
2566,1,27263,1,,3.0,,
2567,1,27278,1,,4.0,,
2568,1,27288,1,,1.0,,
2569,1,27289,1,,1.0,,
2570,1,27298,1,,3.0,,
2573,1,27337,1,,3.0,,
2574,1,27338,1,,1.0,,
2575,1,27426,1,,4.0,,
2576,6,27462,1,,2.0,,
2577,1,27495,1,,1.0,,
2578,1,27537,1,,3.0,,
2579,1,27538,1,,6.0,,
2580,1,28324,1,,6.0,,
2581,1,28333,1,,6.0,,
2582,1,28342,1,,6.0,,
2583,1,28352,1,,6.0,,
2584,1,28361,1,,6.0,,
2585,1,28370,1,,6.0,,
2586,1,28379,1,,6.0,,
2587,1,28384,1,,6.0,,
2588,1,28393,1,,6.0,,
2589,1,28402,1,,6.0,,
2590,1,28411,1,,6.0,,
2591,1,28420,1,,6.0,,
2592,1,28429,1,,6.0,,
2593,1,28438,1,,6.0,,
2594,1,28448,1,,6.0,,
2595,1,28457,1,,6.0,,
2596,1,28474,1,,6.0,,
2597,1,28483,1,,6.0,,
2598,1,28492,1,,6.0,,
2599,1,28501,1,,6.0,,
2600,1,28518,1,,6.0,,
2601,1,28527,1,,6.0,,
2602,1,28536,1,,6.0,,
2603,1,28545,1,,6.0,,
2604,1,28556,1,,6.0,,
2605,1,28569,1,,6.0,,
2606,1,28578,1,,6.0,,
2607,1,28587,1,,6.0,,
2608,1,28598,1,,6.0,,
2609,1,28605,1,,6.0,,
2610,1,28616,1,,6.0,,
2611,1,28623,1,,6.0,,
2612,1,28632,1,,6.0,,
2613,1,28641,1,,6.0,,
2614,1,28650,1,,6.0,,
2615,1,28660,1,,6.0,,
2616,1,28669,1,,6.0,,
2617,1,28678,1,,6.0,,
2618,1,28689,1,,6.0,,
2619,1,28696,1,,6.0,,
2620,1,28705,1,,6.0,,
2621,1,28714,1,,6.0,,
2622,1,28723,1,,6.0,,
2623,1,28744,1,,6.0,,
2624,1,28753,1,,6.0,,
2625,1,28762,1,,6.0,,
2626,1,28772,1,,6.0,,
2627,1,28781,1,,6.0,,
2628,1,28792,1,,6.0,,
2629,1,28799,1,,6.0,,
2630,1,28808,1,,6.0,,
2631,1,28817,1,,6.0,,
2632,1,28826,1,,6.0,,
2633,1,28835,1,,6.0,,
2634,1,28844,1,,6.0,,
2635,1,28855,1,,6.0,,
2636,1,28862,1,,6.0,,
2637,1,28871,1,,6.0,,
2638,1,28881,1,,6.0,,
2639,1,28890,1,,6.0,,
2640,1,28899,1,,6.0,,
2641,1,28908,1,,6.0,,
2642,1,28915,1,,6.0,,
2643,1,28922,1,,6.0,,
2644,1,28931,1,,6.0,,
2645,1,28940,1,,6.0,,
2646,1,28949,1,,6.0,,
2647,1,28958,1,,6.0,,
2648,1,28969,1,,6.0,,
2649,1,28977,1,,6.0,,
2650,1,28986,1,,6.0,,
2651,1,28995,1,,6.0,,
2652,1,29004,1,,6.0,,
2653,1,29013,1,,6.0,,
2654,1,29022,1,,6.0,,
2655,1,29031,1,,6.0,,
2656,1,29040,1,,6.0,,
2657,1,29049,1,,6.0,,
2658,1,29058,1,,6.0,,
2659,1,29067,1,,6.0,,
2660,1,29076,1,,6.0,,
2661,1,29081,1,,6.0,,
2662,1,29091,1,,6.0,,
2663,1,29120,1,,6.0,,
2664,1,29131,1,,6.0,,
2665,1,29138,1,,6.0,,
2666,1,29143,1,,6.0,,
2667,1,29152,1,,6.0,,
2668,1,29161,1,,6.0,,
2669,1,29170,1,,6.0,,
2670,1,29179,1,,6.0,,
2671,1,29189,1,,6.0,,
2672,1,29198,1,,6.0,,
2673,1,29207,1,,6.0,,
2674,1,29216,1,,6.0,,
2675,1,29225,1,,6.0,,
2676,1,29234,1,,6.0,,
2677,1,29243,1,,6.0,,
2678,1,29252,1,,6.0,,
2679,1,29261,1,,6.0,,
2680,1,29270,1,,6.0,,
2681,1,29279,1,,6.0,,
2682,1,29288,1,,6.0,,
2683,1,29297,1,,6.0,,
2684,1,29309,1,,6.0,,
2685,1,29318,1,,6.0,,
2686,1,29321,1,,6.0,,
2687,1,29330,1,,6.0,,
2688,1,29339,1,,6.0,,
2689,1,29348,1,,6.0,,
2690,1,29357,1,,6.0,,
2691,1,29366,1,,6.0,,
2692,1,29375,1,,6.0,,
2693,1,29386,1,,6.0,,
2694,1,29393,1,,6.0,,
2695,1,29403,1,,6.0,,
2696,1,29412,1,,6.0,,
2697,1,29421,1,,6.0,,
2698,1,29430,1,,6.0,,
2699,1,29439,1,,6.0,,
2700,1,29448,1,,6.0,,
2701,1,29459,1,,6.0,,
2702,1,29468,1,,6.0,,
2703,1,29475,1,,6.0,,
2704,1,29484,1,,6.0,,
2705,1,29493,1,,6.0,,
2706,1,29498,1,,6.0,,
2707,1,29508,1,,6.0,,
2708,1,29517,1,,6.0,,
2709,1,29526,1,,6.0,,
2710,1,29535,1,,6.0,,
2711,1,29544,1,,6.0,,
2712,1,29553,1,,6.0,,
2713,1,29562,1,,6.0,,
2714,1,29571,1,,6.0,,
2715,1,29580,1,,6.0,,
2716,1,29589,1,,6.0,,
2717,1,29598,1,,6.0,,
2718,1,29607,1,,6.0,,
2719,1,29616,1,,6.0,,
2720,1,29626,1,,6.0,,
2721,1,29635,1,,6.0,,
2722,1,29646,1,,6.0,,
2723,1,29653,1,,6.0,,
2724,1,29662,1,,6.0,,
2725,1,29687,1,,6.0,,
2726,1,29696,1,,6.0,,
2727,1,29705,1,,6.0,,
2728,1,29714,1,,6.0,,
2729,1,29724,1,,6.0,,
2730,1,29729,1,,6.0,,
2731,1,29738,1,,6.0,,
2732,1,29747,1,,6.0,,
2733,1,29756,1,,6.0,,
2734,1,29765,1,,6.0,,
2735,1,29774,1,,6.0,,
2736,1,29783,1,,6.0,,
2737,1,29792,1,,6.0,,
2738,1,29801,1,,6.0,,
2739,1,29810,1,,6.0,,
2740,1,29819,1,,6.0,,
2741,1,29829,1,,6.0,,
2742,1,29844,1,,6.0,,
2743,1,29851,1,,6.0,,
2744,1,29862,1,,6.0,,
2745,1,29869,1,,6.0,,
2746,1,29878,1,,6.0,,
2747,1,29887,1,,6.0,,
2748,1,29896,1,,6.0,,
2749,1,29906,1,,6.0,,
2750,1,29911,1,,6.0,,
2751,1,29920,1,,6.0,,
2752,1,29929,1,,6.0,,
2753,1,29939,1,,6.0,,
2754,1,29948,1,,6.0,,
2755,1,29957,1,,6.0,,
2756,1,29966,1,,6.0,,
2757,1,29975,1,,6.0,,
2758,1,29986,1,,6.0,,
2759,1,29993,1,,6.0,,
2760,1,30002,1,,6.0,,
2761,1,30011,1,,6.0,,
2762,1,30020,1,,6.0,,
2763,1,30029,1,,6.0,,
2764,1,30038,1,,6.0,,
2765,1,30048,1,,6.0,,
2766,1,30057,1,,6.0,,
2767,1,30066,1,,6.0,,
2768,1,30075,1,,6.0,,
2769,1,30084,1,,6.0,,
2770,1,30091,1,,6.0,,
2771,1,30098,1,,6.0,,
2772,1,30107,1,,6.0,,
2773,1,30116,1,,6.0,,
2774,1,30125,1,,6.0,,
2775,1,30134,1,,6.0,,
2776,1,30143,1,,6.0,,
2777,1,30153,1,,6.0,,
2778,1,30162,1,,6.0,,
2779,1,30171,1,,6.0,,
2780,1,30180,1,,6.0,,
2781,1,30189,1,,6.0,,
2782,1,30198,1,,6.0,,
2783,1,30207,1,,6.0,,
2784,1,30216,1,,6.0,,
2785,7,30219,3,count/s,2.921821435508935,,
2786,8,30219,3,count/s,3.1166666666666667,,
2787,10,30219,3,count/min,175.63842816349853,,
2788,11,30219,1,,-78.87314593348854,,
2789,12,30219,3,count/s,1.3833333333333333,,
2790,16,30219,1,,35.65926972874772,,
2791,14,30219,1,,0.0,,
2792,15,30219,3,kcal/hr·kg,11.584691085148114,,
2793,18,30219,3,m,77.99894920613143,,
2794,20,30219,0,America/New_York,,,
2795,21,30219,3,m,109.59440566424803,,
2796,22,30219,3,cm,5247.0,,
2798,24,30231,0,com.apple.NanoMusic,,,
2799,1,30232,1,,6.0,,
2800,1,30233,1,,6.0,,
2801,1,30234,1,,6.0,,
2802,1,30235,1,,6.0,,
2803,1,30240,1,,6.0,,
2804,1,30243,1,,6.0,,
2805,1,30244,1,,6.0,,
2806,1,30245,1,,6.0,,
2807,1,30246,1,,6.0,,
2808,1,30247,1,,6.0,,
2809,1,30248,1,,6.0,,
2810,1,30249,1,,6.0,,
2811,1,30250,1,,6.0,,
2812,1,30251,1,,6.0,,
2813,1,30252,1,,6.0,,
2814,1,30253,1,,6.0,,
2815,1,30254,1,,6.0,,
2816,1,30255,1,,6.0,,
2817,1,30256,1,,6.0,,
2818,1,30257,1,,6.0,,
2819,1,30258,1,,6.0,,
2820,1,30259,1,,6.0,,
2821,1,30262,1,,6.0,,
2822,1,30263,1,,6.0,,
2823,1,30264,1,,6.0,,
2824,1,30265,1,,6.0,,
2825,1,30267,1,,6.0,,
2826,1,30268,1,,6.0,,
2827,1,30269,1,,6.0,,
2828,1,30270,1,,6.0,,
2829,1,30271,1,,6.0,,
2830,1,30272,1,,6.0,,
2831,1,30273,1,,6.0,,
2832,1,30274,1,,6.0,,
2833,1,30275,1,,6.0,,
2834,1,30276,1,,6.0,,
2835,1,30277,1,,6.0,,
2836,1,30278,1,,6.0,,
2837,1,30280,1,,6.0,,
2838,1,30281,1,,6.0,,
2839,1,30287,1,,4.0,,
2840,1,30313,1,,4.0,,
2841,5,30368,1,,607305600.0,,
2842,1,30382,1,,1.0,,
2843,1,30387,1,,1.0,,
2844,1,30401,1,,3.0,,
2845,1,30407,1,,3.0,,
2846,1,30418,1,,3.0,,
2847,1,30421,1,,1.0,,
2848,1,30457,1,,3.0,,
2849,1,30469,1,,3.0,,
2850,1,30553,1,,1.0,,
2851,1,30566,1,,3.0,,
2852,1,30575,1,,3.0,,
2853,1,30582,1,,1.0,,
2854,1,30588,1,,3.0,,
2855,1,30595,1,,1.0,,
2856,1,30602,1,,3.0,,
2857,1,30620,1,,3.0,,
2858,1,30625,1,,1.0,,
2859,1,30639,1,,1.0,,
2860,1,30640,1,,1.0,,
2861,1,30671,1,,1.0,,
2862,1,30685,1,,1.0,,
2863,1,30728,1,,1.0,,
2864,1,30733,1,,3.0,,
2865,1,30743,1,,3.0,,
2866,1,30750,1,,3.0,,
2867,1,30770,1,,3.0,,
2868,1,30780,1,,3.0,,
2869,1,30789,1,,1.0,,
2870,1,30797,1,,3.0,,
2871,1,30801,1,,3.0,,
2872,1,30806,1,,3.0,,
2873,1,30816,1,,3.0,,
2874,1,30824,1,,1.0,,
2875,1,30836,1,,3.0,,
2876,1,30856,1,,1.0,,
2877,1,30861,1,,1.0,,
2878,1,30868,1,,3.0,,
2879,1,30869,1,,3.0,,
2880,1,30870,1,,1.0,,
2881,1,30887,1,,1.0,,
2882,1,30906,1,,1.0,,
2883,1,30910,1,,1.0,,
2884,1,30922,1,,3.0,,
2885,1,30930,1,,1.0,,
2886,1,30936,1,,3.0,,
2887,1,30939,1,,3.0,,
2888,1,30947,1,,3.0,,
2889,1,30954,1,,3.0,,
2890,1,30957,1,,8.0,,
2891,2,30958,1,,17.984375,,
2892,3,30958,1,,0.0,,
2893,4,30958,1,,9.359375,,
2895,1,30984,1,,3.0,,
2896,1,30985,1,,3.0,,
2897,1,30994,1,,3.0,,
2898,1,31003,1,,3.0,,
2899,1,31007,1,,3.0,,
2900,1,31011,1,,3.0,,
2901,1,31012,1,,3.0,,
2902,1,31026,1,,3.0,,
2903,1,31027,1,,1.0,,
2904,1,31035,1,,3.0,,
2905,1,31041,1,,3.0,,
2906,1,31042,1,,1.0,,
2907,1,31054,1,,3.0,,
2908,5,31059,1,,607305600.0,,
2909,1,31066,1,,3.0,,
2910,1,31071,1,,3.0,,
2911,1,31076,1,,3.0,,
2912,1,31086,1,,1.0,,
2913,1,31092,1,,3.0,,
2914,1,31121,1,,3.0,,
2915,1,31130,1,,3.0,,
2916,1,31137,1,,1.0,,
2917,1,31150,1,,3.0,,
2918,1,31174,1,,3.0,,
2919,1,31197,1,,1.0,,
2920,1,31198,1,,1.0,,
2921,1,31205,1,,3.0,,
2922,1,31218,1,,1.0,,
2923,1,31219,1,,3.0,,
2924,1,31228,1,,3.0,,
2925,1,31245,1,,1.0,,
2926,1,31253,1,,1.0,,
2927,1,31260,1,,1.0,,
2928,1,31268,1,,3.0,,
2929,1,31277,1,,1.0,,
2930,1,31284,1,,3.0,,
2931,1,31291,1,,3.0,,
2932,1,31299,1,,1.0,,
2933,1,31306,1,,1.0,,
2934,1,31311,1,,3.0,,
2935,1,31319,1,,1.0,,
2936,1,31325,1,,3.0,,
2937,1,31331,1,,3.0,,
2938,1,31338,1,,1.0,,
2939,1,31344,1,,3.0,,
2940,1,31350,1,,3.0,,
2943,1,31386,1,,3.0,,
2944,1,31391,1,,4.0,,
2945,1,31397,1,,4.0,,
2946,1,31409,1,,1.0,,
2947,1,31414,1,,1.0,,
2948,1,31423,1,,1.0,,
2949,1,31433,1,,4.0,,
2950,1,31456,1,,3.0,,
2951,1,31461,1,,4.0,,
2953,1,31496,1,,4.0,,
2954,1,31497,1,,1.0,,
2955,1,31506,1,,1.0,,
2956,1,31511,1,,1.0,,
2957,1,31532,1,,4.0,,
2958,1,31534,1,,3.0,,
2959,1,31535,1,,1.0,,
2960,1,31554,1,,3.0,,
2963,1,31570,1,,3.0,,
2964,1,31577,1,,3.0,,
2965,1,31584,1,,3.0,,
2966,1,31591,1,,3.0,,
2967,1,31595,1,,1.0,,
2968,1,31605,1,,3.0,,
2969,1,31621,1,,3.0,,
2970,1,31635,1,,3.0,,
2971,1,31638,1,,3.0,,
2972,1,31639,1,,3.0,,
2973,1,31663,1,,3.0,,
2974,1,31664,1,,1.0,,
2975,1,31673,1,,1.0,,
2976,1,31682,1,,3.0,,
2977,1,31688,1,,1.0,,
2978,1,31698,1,,3.0,,
2979,1,31706,1,,3.0,,
2980,1,31707,1,,1.0,,
2981,1,31735,1,,4.0,,
2982,1,31755,1,,4.0,,
2983,1,31757,1,,1.0,,
2984,1,31777,1,,4.0,,
2985,1,31796,1,,4.0,,
2986,1,31827,1,,4.0,,
2987,1,31864,1,,4.0,,
2988,5,31874,1,,607392000.0,,
2989,1,31883,1,,1.0,,
2990,1,31889,1,,3.0,,
2991,1,31903,1,,3.0,,
2992,1,31917,1,,1.0,,
2993,1,31925,1,,1.0,,
2994,1,31944,1,,1.0,,
2995,1,31961,1,,1.0,,
2996,1,31963,1,,3.0,,
2997,1,31970,1,,1.0,,
2998,1,31984,1,,1.0,,
2999,1,32004,1,,1.0,,
3000,1,32026,1,,1.0,,
3001,1,32030,1,,3.0,,
3002,1,32046,1,,3.0,,
3003,1,32069,1,,3.0,,
3004,1,32076,1,,3.0,,
3005,1,32091,1,,1.0,,
3006,1,32092,1,,1.0,,
3007,1,32111,1,,1.0,,
3008,1,32116,1,,3.0,,
3009,1,32131,1,,1.0,,
3010,1,32132,1,,3.0,,
3011,1,32159,1,,1.0,,
3012,1,32160,1,,1.0,,
3013,1,32170,1,,1.0,,
3014,1,32182,1,,3.0,,
3015,1,32185,1,,3.0,,
3018,1,32324,1,,3.0,,
3019,1,32332,1,,1.0,,
3020,1,32343,1,,3.0,,
3021,1,32350,1,,3.0,,
3022,1,32361,1,,3.0,,
3023,1,32366,1,,3.0,,
3024,1,32373,1,,3.0,,
3025,1,32378,1,,3.0,,
3026,1,32385,1,,3.0,,
3027,1,32393,1,,3.0,,
3028,1,32411,1,,1.0,,
3029,1,32437,1,,1.0,,
3030,1,32455,1,,3.0,,
3031,1,32484,1,,1.0,,
3032,1,32495,1,,1.0,,
3033,1,32498,1,,3.0,,
3034,1,32516,1,,1.0,,
3035,1,32521,1,,1.0,,
3036,1,32533,1,,1.0,,
3037,1,32538,1,,8.0,,
3038,1,32541,1,,1.0,,
3039,1,32546,1,,1.0,,
3040,1,32560,1,,3.0,,
3041,2,32567,1,,30.29296875,,
3042,3,32567,1,,0.0,,
3043,4,32567,1,,25.68359375,,
3044,1,32574,1,,3.0,,
3045,1,32585,1,,1.0,,
3046,1,32594,1,,1.0,,
3047,1,32598,1,,3.0,,
3048,1,32608,1,,1.0,,
3049,1,32615,1,,3.0,,
3051,1,32631,1,,1.0,,
3052,1,32639,1,,3.0,,
3053,1,32655,1,,1.0,,
3054,1,32661,1,,1.0,,
3055,1,32677,1,,1.0,,
3056,1,32703,1,,1.0,,
3057,1,32704,1,,1.0,,
3058,1,32713,1,,3.0,,
3059,1,32719,1,,3.0,,
3060,1,32728,1,,3.0,,
3061,1,32739,1,,1.0,,
3062,1,32747,1,,1.0,,
3063,1,32756,1,,1.0,,
3064,1,32757,1,,1.0,,
3065,1,32778,1,,1.0,,
3066,1,32781,1,,3.0,,
3067,1,32798,1,,1.0,,
3068,5,32809,1,,607392000.0,,
3069,1,32814,1,,1.0,,
3070,1,32822,1,,3.0,,
3071,1,32832,1,,3.0,,
3072,1,32836,1,,3.0,,
3073,1,32841,1,,3.0,,
3074,1,32848,1,,3.0,,
3075,1,32866,1,,3.0,,
3076,1,32873,1,,3.0,,
3077,1,32876,1,,3.0,,
3078,1,32882,1,,3.0,,
3079,1,32888,1,,3.0,,
3080,1,32896,1,,3.0,,
3081,1,32904,1,,1.0,,
3082,1,32909,1,,3.0,,
3083,1,32918,1,,3.0,,
3084,1,32926,1,,3.0,,
3085,1,32930,1,,3.0,,
3086,1,32938,1,,3.0,,
3087,1,32983,1,,1.0,,
3088,1,32986,1,,1.0,,
3089,1,33005,1,,1.0,,
3090,1,33011,1,,3.0,,
3091,1,33029,1,,3.0,,
3092,1,33044,1,,4.0,,
3093,1,33061,1,,4.0,,
3094,1,33077,1,,1.0,,
3095,1,33078,1,,1.0,,
3099,1,33116,1,,3.0,,
3100,1,33117,1,,3.0,,
3101,1,33129,1,,3.0,,
3102,1,33130,1,,3.0,,
3103,1,33139,1,,3.0,,
3104,1,33140,1,,1.0,,
3105,1,33152,1,,1.0,,
3106,1,33161,1,,3.0,,
3107,1,33170,1,,3.0,,
3108,1,33179,1,,1.0,,
3109,1,33186,1,,3.0,,
3110,1,33197,1,,1.0,,
3111,1,33205,1,,3.0,,
3112,1,33206,1,,3.0,,
3113,1,33225,1,,4.0,,
3114,1,33228,1,,3.0,,
3115,1,33229,1,,1.0,,
3116,1,33244,1,,3.0,,
3117,1,33253,1,,3.0,,
3119,1,33273,1,,4.0,,
3120,1,33276,1,,4.0,,
3121,1,33316,1,,4.0,,
3122,1,33342,1,,3.0,,
3123,1,33349,1,,3.0,,
3124,1,33370,1,,1.0,,
3127,1,33399,1,,3.0,,
3128,1,33406,1,,3.0,,
3129,1,33425,1,,3.0,,
3130,1,33432,1,,1.0,,
3131,1,33440,1,,4.0,,
3132,1,33454,1,,1.0,,
3133,1,33461,1,,1.0,,
3135,1,33484,1,,3.0,,
3136,1,33491,1,,1.0,,
3137,1,33502,1,,3.0,,
3138,1,33507,1,,3.0,,
3139,1,33513,1,,3.0,,
3140,1,33527,1,,1.0,,
3141,1,33530,1,,3.0,,
3142,1,33542,1,,3.0,,
3143,1,33548,1,,1.0,,
3144,1,33556,1,,1.0,,
3145,1,33564,1,,1.0,,
3146,1,33569,1,,3.0,,
3147,1,33579,1,,3.0,,
3148,1,33587,1,,3.0,,
3149,1,33598,1,,1.0,,
3150,1,33601,1,,1.0,,
3151,1,33610,1,,3.0,,
3152,1,33614,1,,1.0,,
3153,1,33623,1,,3.0,,
3154,1,33632,1,,3.0,,
3155,1,33643,1,,3.0,,
3156,1,33651,1,,3.0,,
3157,1,33660,1,,3.0,,
3158,1,33663,1,,3.0,,
3160,1,33683,1,,1.0,,
3161,1,33696,1,,3.0,,
3162,1,33703,1,,3.0,,
3163,1,33709,1,,3.0,,
3164,1,33715,1,,3.0,,
3165,1,33722,1,,3.0,,
3166,1,33731,1,,3.0,,
3167,1,33736,1,,3.0,,
3168,1,33743,1,,3.0,,
3169,1,33750,1,,3.0,,
3170,1,33760,1,,3.0,,
3172,1,33829,1,,4.0,,
3173,1,33836,1,,1.0,,
3174,1,33844,1,,1.0,,
3175,1,33857,1,,3.0,,
3176,1,33863,1,,3.0,,
3177,1,33872,1,,3.0,,
3178,1,33883,1,,1.0,,
3179,1,33890,1,,3.0,,
3180,1,33896,1,,1.0,,
3181,1,33923,1,,3.0,,
3182,1,33928,1,,1.0,,
3183,1,33954,1,,1.0,,
3184,1,33960,1,,3.0,,
3185,1,33968,1,,3.0,,
3186,1,33971,1,,2.0,,
3187,1,33972,1,,2.0,,
3188,1,33974,1,,2.0,,
3189,1,33975,1,,2.0,,
3190,1,34104,1,,6.0,,
3191,1,34214,1,,6.0,,
3192,1,34223,1,,6.0,,
3193,1,34382,1,,6.0,,
3194,1,34391,1,,6.0,,
3195,1,34400,1,,6.0,,
3196,1,34409,1,,6.0,,
3197,1,34418,1,,6.0,,
3198,1,34427,1,,6.0,,
3199,1,34436,1,,6.0,,
3200,1,34447,1,,6.0,,
3201,1,34463,1,,6.0,,
3202,1,34480,1,,6.0,,
3203,1,34489,1,,6.0,,
3204,1,34494,1,,6.0,,
3205,1,34503,1,,6.0,,
3206,1,34512,1,,6.0,,
3207,1,34521,1,,6.0,,
3208,1,34530,1,,6.0,,
3209,1,34539,1,,6.0,,
3210,1,34548,1,,6.0,,
3211,1,34560,1,,6.0,,
3212,1,34567,1,,6.0,,
3213,1,34576,1,,6.0,,
3214,1,34585,1,,6.0,,
3215,1,34594,1,,6.0,,
3216,1,34603,1,,6.0,,
3217,1,34612,1,,6.0,,
3218,1,34621,1,,6.0,,
3219,1,34630,1,,6.0,,
3220,1,34641,1,,6.0,,
3221,1,34648,1,,6.0,,
3222,1,34657,1,,6.0,,
3223,1,34662,1,,6.0,,
3224,1,34674,1,,6.0,,
3225,1,34681,1,,6.0,,
3226,1,34690,1,,6.0,,
3227,1,34699,1,,6.0,,
3228,1,34708,1,,6.0,,
3229,1,34717,1,,6.0,,
3230,1,34726,1,,6.0,,
3231,1,34735,1,,6.0,,
3232,1,34746,1,,6.0,,
3233,1,34753,1,,6.0,,
3234,1,34762,1,,6.0,,
3235,1,34771,1,,6.0,,
3236,1,34781,1,,6.0,,
3237,1,34790,1,,6.0,,
3238,1,34799,1,,6.0,,
3239,1,34808,1,,6.0,,
3240,1,34817,1,,6.0,,
3241,1,34826,1,,6.0,,
3242,1,34837,1,,6.0,,
3243,1,34840,1,,6.0,,
3244,1,34851,1,,6.0,,
3245,1,34858,1,,6.0,,
3246,1,34867,1,,6.0,,
3247,1,34876,1,,6.0,,
3248,1,34886,1,,6.0,,
3249,1,34897,1,,6.0,,
3250,1,34900,1,,6.0,,
3251,1,34905,1,,6.0,,
3252,1,34916,1,,6.0,,
3253,1,34923,1,,6.0,,
3254,1,34932,1,,6.0,,
3255,1,34941,1,,6.0,,
3256,1,34950,1,,6.0,,
3257,1,34959,1,,6.0,,
3258,1,34968,1,,6.0,,
3259,1,34977,1,,6.0,,
3260,1,34986,1,,6.0,,
3261,1,34996,1,,6.0,,
3262,1,35005,1,,6.0,,
3263,1,35014,1,,6.0,,
3264,1,35019,1,,6.0,,
3265,1,35028,1,,6.0,,
3266,1,35037,1,,6.0,,
3267,1,35046,1,,6.0,,
3268,1,35055,1,,6.0,,
3269,1,35064,1,,6.0,,
3270,1,35073,1,,6.0,,
3271,1,35082,1,,6.0,,
3272,1,35092,1,,6.0,,
3273,1,35102,1,,6.0,,
3274,1,35111,1,,6.0,,
3275,1,35120,1,,6.0,,
3276,1,35129,1,,6.0,,
3277,1,35138,1,,6.0,,
3278,1,35147,1,,6.0,,
3279,1,35156,1,,6.0,,
3280,1,35167,1,,6.0,,
3281,1,35174,1,,6.0,,
3282,1,35183,1,,6.0,,
3283,1,35188,1,,6.0,,
3284,1,35197,1,,6.0,,
3285,1,35207,1,,6.0,,
3286,1,35216,1,,6.0,,
3287,1,35225,1,,6.0,,
3288,1,35234,1,,6.0,,
3289,1,35243,1,,6.0,,
3290,1,35252,1,,6.0,,
3291,1,35261,1,,6.0,,
3292,1,35272,1,,6.0,,
3293,1,35279,1,,6.0,,
3294,1,35288,1,,6.0,,
3295,1,35297,1,,6.0,,
3296,1,35306,1,,6.0,,
3297,1,35316,1,,6.0,,
3298,1,35325,1,,6.0,,
3299,1,35334,1,,6.0,,
3300,1,35343,1,,6.0,,
3301,1,35352,1,,6.0,,
3302,1,35363,1,,6.0,,
3303,1,35366,1,,6.0,,
3304,1,35377,1,,6.0,,
3305,1,35384,1,,6.0,,
3306,1,35393,1,,6.0,,
3307,1,35402,1,,6.0,,
3308,1,35411,1,,6.0,,
3309,1,35421,1,,6.0,,
3310,1,35430,1,,6.0,,
3311,1,35441,1,,6.0,,
3312,1,35448,1,,6.0,,
3313,1,35457,1,,6.0,,
3314,1,35466,1,,6.0,,
3315,1,35475,1,,6.0,,
3316,1,35484,1,,6.0,,
3317,1,35493,1,,6.0,,
3318,1,35502,1,,6.0,,
3319,1,35511,1,,6.0,,
3320,1,35520,1,,6.0,,
3321,1,35530,1,,6.0,,
3322,1,35539,1,,6.0,,
3323,1,35544,1,,6.0,,
3324,1,35553,1,,6.0,,
3325,1,35562,1,,6.0,,
3326,1,35571,1,,6.0,,
3327,1,35580,1,,6.0,,
3328,1,35589,1,,6.0,,
3329,1,35598,1,,6.0,,
3330,1,35607,1,,6.0,,
3331,1,35616,1,,6.0,,
3332,1,35625,1,,6.0,,
3333,1,35635,1,,6.0,,
3334,1,35644,1,,6.0,,
3335,1,35655,1,,6.0,,
3336,1,35662,1,,6.0,,
3337,1,35671,1,,6.0,,
3338,1,35680,1,,6.0,,
3339,1,35689,1,,6.0,,
3340,1,35698,1,,6.0,,
3341,1,35709,1,,6.0,,
3342,1,35712,1,,6.0,,
3343,1,35721,1,,6.0,,
3344,1,35730,1,,6.0,,
3345,1,35740,1,,6.0,,
3346,1,35749,1,,6.0,,
3347,1,35758,1,,6.0,,
3348,1,35767,1,,6.0,,
3349,1,35776,1,,6.0,,
3350,1,35785,1,,6.0,,
3351,1,35796,1,,6.0,,
3352,1,35803,1,,6.0,,
3353,1,35812,1,,6.0,,
3354,1,35821,1,,6.0,,
3355,1,35830,1,,6.0,,
3356,1,35839,1,,6.0,,
3357,1,35849,1,,6.0,,
3358,1,35858,1,,6.0,,
3359,1,35867,1,,6.0,,
3360,1,35876,1,,6.0,,
3361,1,35887,1,,6.0,,
3362,1,35890,1,,6.0,,
3363,1,35901,1,,6.0,,
3364,1,35908,1,,6.0,,
3365,1,35917,1,,6.0,,
3366,1,35926,1,,6.0,,
3367,1,35935,1,,6.0,,
3368,1,35944,1,,6.0,,
3369,1,35954,1,,6.0,,
3370,1,35963,1,,6.0,,
3371,1,35972,1,,6.0,,
3372,1,35981,1,,6.0,,
3373,1,35990,1,,6.0,,
3374,1,35999,1,,6.0,,
3375,1,36008,1,,6.0,,
3376,1,36017,1,,6.0,,
3377,1,36026,1,,6.0,,
3378,1,36035,1,,6.0,,
3379,1,36044,1,,6.0,,
3380,1,36053,1,,6.0,,
3381,1,36063,1,,6.0,,
3382,1,36068,1,,6.0,,
3383,1,36077,1,,6.0,,
3384,1,36086,1,,6.0,,
3385,1,36095,1,,6.0,,
3386,1,36112,1,,6.0,,
3387,1,36121,1,,6.0,,
3388,1,36130,1,,6.0,,
3389,1,36139,1,,6.0,,
3390,1,36148,1,,6.0,,
3391,1,36157,1,,6.0,,
3392,1,36169,1,,6.0,,
3393,1,36176,1,,6.0,,
3394,1,36185,1,,6.0,,
3395,1,36194,1,,6.0,,
3396,1,36203,1,,6.0,,
3397,1,36212,1,,6.0,,
3398,1,36221,1,,6.0,,
3399,1,36232,1,,6.0,,
3400,1,36235,1,,6.0,,
3401,1,36244,1,,6.0,,
3402,1,36253,1,,6.0,,
3403,1,36262,1,,6.0,,
3404,1,36274,1,,6.0,,
3405,1,36281,1,,6.0,,
3406,1,36290,1,,6.0,,
3407,1,36299,1,,6.0,,
3408,1,36308,1,,6.0,,
3409,1,36322,1,,6.0,,
3410,1,36329,1,,6.0,,
3411,1,36338,1,,6.0,,
3412,1,36347,1,,6.0,,
3413,1,36356,1,,6.0,,
3414,1,36365,1,,6.0,,
3415,1,36374,1,,6.0,,
3416,1,36383,1,,6.0,,
3417,1,36393,1,,6.0,,
3418,1,36402,1,,6.0,,
3419,1,36411,1,,6.0,,
3420,1,36420,1,,6.0,,
3421,1,36425,1,,6.0,,
3422,1,36436,1,,6.0,,
3423,1,36443,1,,6.0,,
3424,1,36452,1,,6.0,,
3425,1,36477,1,,6.0,,
3426,1,36486,1,,6.0,,
3427,1,36496,1,,6.0,,
3428,1,36507,1,,6.0,,
3429,1,36514,1,,6.0,,
3430,1,36523,1,,6.0,,
3431,1,36532,1,,6.0,,
3432,1,36541,1,,6.0,,
3433,1,36550,1,,6.0,,
3434,1,36559,1,,6.0,,
3435,1,36568,1,,6.0,,
3436,1,36577,1,,6.0,,
3437,1,36586,1,,6.0,,
3438,1,36595,1,,6.0,,
3439,1,36601,1,,6.0,,
3440,1,36610,1,,6.0,,
3441,1,36619,1,,6.0,,
3442,1,36628,1,,6.0,,
3443,1,36637,1,,6.0,,
3444,1,36646,1,,6.0,,
3445,1,36655,1,,6.0,,
3446,1,36664,1,,6.0,,
3447,1,36673,1,,6.0,,
3448,1,36682,1,,6.0,,
3449,1,36691,1,,6.0,,
3450,1,36700,1,,6.0,,
3451,1,36710,1,,6.0,,
3452,1,36719,1,,6.0,,
3453,1,36728,1,,6.0,,
3454,1,36737,1,,6.0,,
3455,1,36748,1,,6.0,,
3456,1,36755,1,,6.0,,
3457,1,36764,1,,6.0,,
3458,1,36769,1,,6.0,,
3459,1,36780,1,,6.0,,
3460,1,36787,1,,6.0,,
3461,1,36798,1,,6.0,,
3462,7,36805,3,count/s,2.883648821548822,,
3463,8,36805,3,count/s,3.0,,
3464,9,36805,1,,1.0,,
3465,10,36805,3,count/min,169.8934192661836,,
3466,11,36805,1,,-78.87344959910527,,
3467,12,36805,3,count/s,2.05,,
3468,13,36805,1,,1.0,,
3469,14,36805,1,,0.0,,
3470,15,36805,3,kcal/hr·kg,11.383515690450682,,
3471,16,36805,1,,35.65928256810048,,
3472,17,36805,3,degF,61.0,,
3473,18,36805,3,m,79.2676481411442,,
3474,19,36805,3,%,36.0,,
3475,20,36805,0,America/New_York,,,
3476,21,36805,3,m,109.78351534558102,,
3477,22,36805,3,cm,5975.0,,
3479,6,36808,1,,2.0,,
3480,24,36812,0,com.apple.NanoMusic,,,
3481,24,36813,0,com.apple.NanoMusic,,,
3482,1,36815,1,,6.0,,
3483,1,36816,1,,6.0,,
3484,1,36822,1,,6.0,,
3485,1,36825,1,,6.0,,
3486,1,36826,1,,6.0,,
3487,1,36827,1,,6.0,,
3488,1,36828,1,,6.0,,
3489,1,36829,1,,6.0,,
3490,1,36830,1,,6.0,,
3491,1,36831,1,,6.0,,
3492,1,36832,1,,6.0,,
3493,1,36835,1,,6.0,,
3494,1,36836,1,,6.0,,
3495,1,36837,1,,6.0,,
3496,1,36838,1,,6.0,,
3497,1,36839,1,,6.0,,
3498,1,36840,1,,6.0,,
3499,1,36841,1,,6.0,,
3500,1,36842,1,,6.0,,
3501,1,36843,1,,6.0,,
3502,1,36844,1,,6.0,,
3503,1,36846,1,,6.0,,
3504,1,36847,1,,6.0,,
3505,1,36848,1,,6.0,,
3506,1,36849,1,,6.0,,
3507,1,36850,1,,6.0,,
3508,1,36851,1,,6.0,,
3509,1,36852,1,,6.0,,
3510,1,36853,1,,6.0,,
3511,1,36854,1,,6.0,,
3512,1,36855,1,,6.0,,
3513,1,36856,1,,6.0,,
3514,1,36857,1,,6.0,,
3515,1,36862,1,,6.0,,
3516,1,36863,1,,6.0,,
3517,1,36864,1,,6.0,,
3518,1,36873,1,,4.0,,
3519,1,36901,1,,4.0,,
3520,5,36940,1,,607478400.0,,
3521,1,37006,1,,1.0,,
3522,1,37025,1,,3.0,,
3523,1,37032,1,,3.0,,
3524,1,37039,1,,3.0,,
3525,1,37050,1,,3.0,,
3526,1,37054,1,,1.0,,
3527,1,37060,1,,3.0,,
3528,1,37068,1,,3.0,,
3529,1,37079,1,,3.0,,
3530,1,37088,1,,1.0,,
3531,1,37089,1,,1.0,,
3532,1,37099,1,,3.0,,
3533,1,37112,1,,1.0,,
3534,1,37120,1,,1.0,,
3535,1,37133,1,,1.0,,
3536,1,37139,1,,3.0,,
3537,1,37150,1,,3.0,,
3538,1,37156,1,,3.0,,
3539,1,37162,1,,1.0,,
3540,1,37166,1,,3.0,,
3541,1,37176,1,,3.0,,
3542,1,37185,1,,3.0,,
3543,1,37186,1,,3.0,,
3544,1,37199,1,,3.0,,
3545,1,37209,1,,3.0,,
3546,1,37219,1,,1.0,,
3547,1,37223,1,,8.0,,
3548,1,37224,1,,3.0,,
3549,2,37228,1,,1.140625,,
3550,3,37228,1,,0.0,,
3551,4,37228,1,,41.21484375,,
3552,1,37262,1,,1.0,,
3553,1,37265,1,,3.0,,
3554,1,37274,1,,3.0,,
3555,1,37283,1,,3.0,,
3556,1,37292,1,,3.0,,
3557,1,37302,1,,3.0,,
3558,1,37314,1,,1.0,,
3559,1,37323,1,,1.0,,
3560,1,37330,1,,3.0,,
3561,1,37339,1,,1.0,,
3562,1,37349,1,,1.0,,
3563,1,37360,1,,3.0,,
3564,1,37388,1,,1.0,,
3565,1,37390,1,,3.0,,
3566,1,37404,1,,3.0,,
3567,1,37413,1,,3.0,,
3568,1,37418,1,,3.0,,
3569,1,37427,1,,3.0,,
3570,1,37435,1,,3.0,,
3571,1,37442,1,,3.0,,
3572,1,37450,1,,3.0,,
3573,1,37457,1,,3.0,,
3574,1,37463,1,,3.0,,
3575,1,37470,1,,3.0,,
3576,1,37478,1,,3.0,,
3577,1,37486,1,,3.0,,
3578,1,37502,1,,1.0,,
3579,1,37505,1,,1.0,,
3580,1,37513,1,,3.0,,
3581,1,37521,1,,3.0,,
3582,1,37529,1,,1.0,,
3583,1,37535,1,,3.0,,
3584,1,37542,1,,3.0,,
3585,1,37551,1,,3.0,,
3586,1,37557,1,,3.0,,
3587,1,37564,1,,3.0,,
3588,1,37573,1,,3.0,,
3589,1,37647,1,,3.0,,
3590,1,37668,1,,1.0,,
3591,1,37669,1,,3.0,,
3592,1,37681,1,,3.0,,
3593,1,37691,1,,3.0,,
3594,1,37696,1,,3.0,,
3595,1,37706,1,,3.0,,
3596,5,37727,1,,607478400.0,,
3597,1,37736,1,,3.0,,
3598,1,37744,1,,1.0,,
3599,1,37747,1,,3.0,,
3600,1,37752,1,,3.0,,
3601,1,37763,1,,3.0,,
3602,1,37765,1,,3.0,,
3603,1,37773,1,,3.0,,
3605,1,37784,1,,3.0,,
3606,1,37802,1,,4.0,,
3607,1,37807,1,,4.0,,
3608,1,37839,1,,1.0,,
3609,1,37844,1,,1.0,,
3610,1,37850,1,,1.0,,
3611,1,37858,1,,1.0,,
3612,1,37864,1,,3.0,,
3613,1,37870,1,,3.0,,
3614,1,37878,1,,3.0,,
3615,1,37887,1,,3.0,,
3616,1,37894,1,,3.0,,
3617,1,37900,1,,8.0,,
3618,1,37915,1,,3.0,,
3619,1,37917,1,,3.0,,
3620,1,37924,1,,3.0,,
3621,2,37933,1,,9.74609375,,
3622,3,37933,1,,0.0,,
3623,4,37933,1,,30.28125,,
3626,1,37951,1,,3.0,,
3627,1,37958,1,,3.0,,
3628,1,37964,1,,3.0,,
3629,1,37972,1,,3.0,,
3630,1,37985,1,,3.0,,
3631,1,37987,1,,3.0,,
3632,1,37998,1,,3.0,,
3633,1,38004,1,,3.0,,
3634,1,38013,1,,3.0,,
3635,1,38020,1,,3.0,,
3636,1,38027,1,,1.0,,
3637,1,38033,1,,3.0,,
3638,1,38034,1,,3.0,,
3639,1,38042,1,,3.0,,
3640,1,38043,1,,3.0,,
3641,1,38053,1,,3.0,,
3642,1,38059,1,,3.0,,
3643,1,38065,1,,3.0,,
3644,1,38094,1,,3.0,,
3645,1,38102,1,,3.0,,
3646,1,38110,1,,3.0,,
3647,1,38117,1,,1.0,,
3648,1,38124,1,,3.0,,
3649,1,38130,1,,1.0,,
3650,1,38135,1,,3.0,,
3651,1,38142,1,,3.0,,
3652,1,38150,1,,1.0,,
3653,1,38159,1,,3.0,,
3654,1,38164,1,,3.0,,
3655,1,38176,1,,1.0,,
3656,1,38187,1,,3.0,,
3657,1,38190,1,,3.0,,
3658,1,38202,1,,3.0,,
3659,1,38208,1,,3.0,,
3660,1,38214,1,,1.0,,
3661,1,38225,1,,1.0,,
3662,1,38234,1,,3.0,,
3663,1,38239,1,,1.0,,
3664,1,38254,1,,1.0,,
3665,1,38259,1,,1.0,,
3668,1,38285,1,,3.0,,
3669,1,38289,1,,1.0,,
3670,1,38302,1,,1.0,,
3671,1,38304,1,,3.0,,
3672,1,38313,1,,1.0,,
3673,1,38319,1,,3.0,,
3674,1,38325,1,,3.0,,
3676,1,38355,1,,4.0,,
3677,1,38361,1,,3.0,,
3678,1,38362,1,,1.0,,
3679,1,38377,1,,3.0,,
3680,1,38384,1,,3.0,,
3681,1,38402,1,,3.0,,
3682,1,38409,1,,3.0,,
3683,1,38416,1,,3.0,,
3684,1,38424,1,,3.0,,
3685,1,38427,1,,3.0,,
3686,1,38442,1,,3.0,,
3687,1,38455,1,,3.0,,
3688,1,38459,1,,3.0,,
3689,1,38474,1,,3.0,,
3690,1,38480,1,,3.0,,
3691,1,38486,1,,3.0,,
3692,1,38495,1,,1.0,,
3693,1,38502,1,,3.0,,
3694,1,38509,1,,3.0,,
3695,1,38516,1,,3.0,,
3696,1,38524,1,,3.0,,
3697,1,38537,1,,3.0,,
3698,1,38548,1,,1.0,,
3699,5,38562,1,,607564800.0,,
3700,1,38573,1,,1.0,,
3701,1,38582,1,,3.0,,
3702,1,38590,1,,3.0,,
3703,1,38600,1,,3.0,,
3704,1,38647,1,,3.0,,
3705,1,38654,1,,1.0,,
3706,1,38666,1,,1.0,,
3707,1,38687,1,,3.0,,
3708,1,38694,1,,3.0,,
3709,1,38700,1,,3.0,,
3710,1,38706,1,,3.0,,
3711,1,38714,1,,3.0,,
3712,1,42012,1,,1.0,,
3713,1,42018,1,,3.0,,
3714,1,42034,1,,1.0,,
3715,1,42043,1,,1.0,,
3716,1,42835,1,,6.0,,
3717,1,43188,1,,6.0,,
3718,1,43197,1,,6.0,,
3719,1,43207,1,,6.0,,
3720,1,43216,1,,6.0,,
3721,1,43227,1,,6.0,,
3722,1,43234,1,,6.0,,
3723,1,43245,1,,6.0,,
3724,1,43252,1,,6.0,,
3725,1,43261,1,,6.0,,
3726,1,43270,1,,6.0,,
3727,1,43279,1,,6.0,,
3728,1,43288,1,,6.0,,
3729,1,43297,1,,6.0,,
3730,1,43306,1,,6.0,,
3731,1,43315,1,,6.0,,
3732,1,43322,1,,6.0,,
3733,1,43331,1,,6.0,,
3734,1,43340,1,,6.0,,
3735,1,43351,1,,6.0,,
3736,1,43358,1,,6.0,,
3737,1,43367,1,,6.0,,
3738,1,43383,1,,6.0,,
3739,1,43392,1,,6.0,,
3740,1,43401,1,,6.0,,
3741,1,43410,1,,6.0,,
3742,1,43419,1,,6.0,,
3743,1,43428,1,,6.0,,
3744,1,43437,1,,6.0,,
3745,1,43446,1,,6.0,,
3746,1,43455,1,,6.0,,
3747,1,43464,1,,6.0,,
3748,1,43473,1,,6.0,,
3749,1,43482,1,,6.0,,
3750,1,43491,1,,6.0,,
3751,1,43500,1,,6.0,,
3752,1,43505,1,,6.0,,
3753,1,43514,1,,6.0,,
3754,1,43523,1,,6.0,,
3755,1,43533,1,,6.0,,
3756,1,43542,1,,6.0,,
3757,1,43551,1,,6.0,,
3758,1,43560,1,,6.0,,
3759,1,43569,1,,6.0,,
3760,1,43578,1,,6.0,,
3761,1,43587,1,,6.0,,
3762,1,43596,1,,6.0,,
3763,1,43605,1,,6.0,,
3764,1,43614,1,,6.0,,
3765,1,43625,1,,6.0,,
3766,1,43632,1,,6.0,,
3767,1,43641,1,,6.0,,
3768,1,43651,1,,6.0,,
3769,1,43662,1,,6.0,,
3770,1,43669,1,,6.0,,
3771,1,43674,1,,6.0,,
3772,1,43683,1,,6.0,,
3773,1,43692,1,,6.0,,
3774,1,43701,1,,6.0,,
3775,1,43710,1,,6.0,,
3776,1,43719,1,,6.0,,
3777,1,43728,1,,6.0,,
3778,1,43746,1,,6.0,,
3779,1,43756,1,,6.0,,
3780,1,43765,1,,6.0,,
3781,1,43782,1,,6.0,,
3782,1,43791,1,,6.0,,
3783,1,43800,1,,6.0,,
3784,1,43809,1,,6.0,,
3785,1,43818,1,,6.0,,
3786,1,43888,1,,6.0,,
3787,1,43899,1,,6.0,,
3788,1,43906,1,,6.0,,
3789,1,43915,1,,6.0,,
3790,1,44147,1,,6.0,,
3791,1,44192,1,,6.0,,
3792,1,44209,1,,6.0,,
3793,1,44218,1,,6.0,,
3794,1,44227,1,,6.0,,
3795,1,44237,1,,6.0,,
3796,1,44246,1,,6.0,,
3797,1,44255,1,,6.0,,
3798,1,44264,1,,6.0,,
3799,1,44273,1,,6.0,,
3800,1,44282,1,,6.0,,
3801,1,44291,1,,6.0,,
3802,1,44300,1,,6.0,,
3803,1,44311,1,,6.0,,
3804,1,44318,1,,6.0,,
3805,1,44327,1,,6.0,,
3806,1,44332,1,,6.0,,
3807,1,44341,1,,6.0,,
3808,1,44351,1,,6.0,,
3809,1,44360,1,,6.0,,
3810,1,44369,1,,6.0,,
3811,1,44378,1,,6.0,,
3812,1,44387,1,,6.0,,
3813,1,44396,1,,6.0,,
3814,1,44405,1,,6.0,,
3815,1,44414,1,,6.0,,
3816,1,44423,1,,6.0,,
3817,1,44432,1,,6.0,,
3818,1,44441,1,,6.0,,
3819,1,44450,1,,6.0,,
3820,1,44494,1,,6.0,,
3821,1,44497,1,,6.0,,
3822,1,44506,1,,6.0,,
3823,1,44515,1,,6.0,,
3824,1,44524,1,,6.0,,
3825,1,44535,1,,6.0,,
3826,1,44542,1,,6.0,,
3827,1,44560,1,,6.0,,
3828,1,44585,1,,6.0,,
3829,1,44719,1,,6.0,,
3830,1,44728,1,,6.0,,
3831,1,44754,1,,6.0,,
3832,1,44763,1,,6.0,,
3833,1,44772,1,,6.0,,
3834,1,44790,1,,6.0,,
3835,7,44801,3,count/s,2.950044677544678,,
3836,8,44801,3,count/s,3.0666666666666664,,
3837,9,44801,1,,1.0,,
3838,10,44801,3,count/min,172.1522795275204,,
3839,11,44801,1,,-78.87329266858482,,
3840,12,44801,3,count/s,2.8166666666666664,,
3841,13,44801,1,,1.0,,
3842,14,44801,1,,0.0,,
3843,15,44801,3,kcal/hr·kg,11.469261274053071,,
3844,16,44801,1,,35.65917423684736,,
3845,17,44801,3,degF,68.0,,
3846,18,44801,3,m,77.93428213970321,,
3847,19,44801,3,%,18.0,,
3848,20,44801,0,America/New_York,,,
3849,21,44801,3,m,111.20397175379854,,
3850,22,44801,3,cm,5900.0,,
3852,6,44806,1,,2.0,,
3853,24,44814,0,com.apple.NanoMusic,,,
3854,24,44815,0,com.apple.NanoMusic,,,
3855,1,44816,1,,6.0,,
3856,1,44817,1,,6.0,,
3857,1,44818,1,,6.0,,
3858,1,44819,1,,6.0,,
3859,1,44820,1,,6.0,,
3860,1,44824,1,,6.0,,
3861,1,44825,1,,6.0,,
3862,1,44828,1,,6.0,,
3863,1,44831,1,,6.0,,
3864,1,44832,1,,6.0,,
3865,1,44833,1,,6.0,,
3866,1,44834,1,,6.0,,
3867,1,44835,1,,6.0,,
3868,1,44836,1,,6.0,,
3869,1,44837,1,,6.0,,
3870,1,44838,1,,6.0,,
3871,1,44841,1,,6.0,,
3872,1,44842,1,,6.0,,
3873,1,44843,1,,6.0,,
3874,1,44844,1,,6.0,,
3875,1,44845,1,,6.0,,
3876,1,44846,1,,6.0,,
3877,1,44847,1,,6.0,,
3878,1,44848,1,,6.0,,
3879,1,44849,1,,6.0,,
3880,1,44850,1,,6.0,,
3881,1,44852,1,,6.0,,
3882,1,44853,1,,6.0,,
3883,1,44854,1,,6.0,,
3884,1,44855,1,,6.0,,
3885,1,44856,1,,6.0,,
3886,1,44857,1,,6.0,,
3887,1,44858,1,,6.0,,
3888,1,44859,1,,6.0,,
3889,1,44863,1,,6.0,,
3890,1,44864,1,,6.0,,
3891,1,44865,1,,6.0,,
3892,1,44866,1,,6.0,,
3893,1,44867,1,,6.0,,
3894,1,44868,1,,6.0,,
3895,1,44877,1,,4.0,,
3896,1,44906,1,,4.0,,
3898,5,44922,1,,607564800.0,,
3899,1,44948,1,,4.0,,
3900,1,44958,1,,1.0,,
3901,1,44995,1,,4.0,,
3902,1,45018,1,,1.0,,
3903,1,45021,1,,1.0,,
3905,1,45506,1,,1.0,,
3906,1,45511,1,,3.0,,
3907,1,45553,1,,3.0,,
3908,1,45557,1,,4.0,,
3909,1,45564,1,,3.0,,
3910,1,45576,1,,3.0,,
3911,1,45580,1,,3.0,,
3913,1,45596,1,,3.0,,
3914,1,45605,1,,3.0,,
3915,1,45613,1,,1.0,,
3916,1,45618,1,,3.0,,
3917,1,45624,1,,3.0,,
3918,1,45634,1,,3.0,,
3919,1,45637,1,,3.0,,
3920,1,45644,1,,3.0,,
3921,1,45655,1,,3.0,,
3922,1,45661,1,,3.0,,
3923,1,45672,1,,3.0,,
3924,1,45689,1,,3.0,,
3925,1,45700,1,,1.0,,
3926,1,45708,1,,1.0,,
3927,1,45710,1,,1.0,,
3928,1,45720,1,,3.0,,
3929,1,45724,1,,1.0,,
3930,1,45750,1,,1.0,,
3931,1,45758,1,,1.0,,
3932,1,45774,1,,3.0,,
3933,1,45780,1,,3.0,,
3934,1,45784,1,,3.0,,
3935,1,45793,1,,3.0,,
3936,1,45800,1,,3.0,,
3938,1,45814,1,,3.0,,
3939,1,45820,1,,3.0,,
3940,1,45825,1,,3.0,,
3941,1,45833,1,,3.0,,
3942,1,45844,1,,3.0,,
3943,1,45856,1,,3.0,,
3944,1,45863,1,,3.0,,
3945,1,45868,1,,3.0,,
3946,1,45873,1,,3.0,,
3947,1,45878,1,,3.0,,
3948,1,45887,1,,3.0,,
3949,1,45896,1,,3.0,,
3950,1,45904,1,,1.0,,
3951,1,45912,1,,3.0,,
3952,1,45919,1,,3.0,,
3953,1,45927,1,,3.0,,
3954,1,45934,1,,3.0,,
3955,1,45944,1,,3.0,,
3956,1,45950,1,,3.0,,
3957,1,45957,1,,3.0,,
3958,1,45973,1,,3.0,,
3959,1,45978,1,,1.0,,
3960,1,45986,1,,3.0,,
3961,1,45994,1,,3.0,,
3963,1,46010,1,,3.0,,
3964,1,46016,1,,1.0,,
3965,1,46037,1,,4.0,,
3966,1,46042,1,,1.0,,
3967,1,46051,1,,3.0,,
3970,1,46069,1,,4.0,,
3971,1,46070,1,,3.0,,
3972,1,46076,1,,1.0,,
3973,1,46090,1,,1.0,,
3974,1,46096,1,,1.0,,
3976,1,46144,1,,3.0,,
3977,1,46164,1,,1.0,,
3978,1,46174,1,,4.0,,
3979,1,46175,1,,1.0,,
3980,1,46184,1,,3.0,,
3981,1,46188,1,,3.0,,
3982,1,46198,1,,3.0,,
3983,1,46204,1,,8.0,,
3984,1,46207,1,,1.0,,
3985,1,46215,1,,3.0,,
3986,1,46225,1,,3.0,,
3987,1,46228,1,,3.0,,
3988,1,46237,1,,3.0,,
3989,1,46247,1,,3.0,,
3990,2,46249,1,,0.9765625,,
3991,3,46249,1,,0.0,,
3992,4,46249,1,,21.2265625,,
3994,1,46263,1,,3.0,,
3995,1,46277,1,,3.0,,
3996,1,46278,1,,3.0,,
3997,1,46291,1,,3.0,,
3998,1,46299,1,,3.0,,
3999,1,46304,1,,3.0,,
4000,1,46320,1,,3.0,,
4001,1,46324,1,,1.0,,
4002,1,46340,1,,3.0,,
4003,1,46341,1,,3.0,,
4004,1,46353,1,,3.0,,
4005,1,46357,1,,3.0,,
4006,1,46368,1,,3.0,,
4007,1,46380,1,,4.0,,
4008,1,46383,1,,3.0,,
4009,1,46402,1,,1.0,,
4010,1,46410,1,,3.0,,
4011,1,46415,1,,1.0,,
4012,1,46441,1,,1.0,,
4013,1,46461,1,,1.0,,
4014,1,46471,1,,1.0,,
4015,1,46472,1,,3.0,,
4016,1,46488,1,,3.0,,
4017,1,46497,1,,3.0,,
4018,1,46505,1,,1.0,,
4019,1,46511,1,,3.0,,
4020,1,46521,1,,3.0,,
4021,1,46528,1,,3.0,,
4022,1,46534,1,,1.0,,
4023,1,46540,1,,3.0,,
4024,1,46563,1,,3.0,,
4025,1,46569,1,,3.0,,
4026,1,46575,1,,3.0,,
4027,1,46583,1,,3.0,,
4028,1,46593,1,,4.0,,
4030,1,46623,1,,4.0,,
4031,1,46626,1,,1.0,,
4032,1,46632,1,,3.0,,
4033,1,46642,1,,3.0,,
4034,1,46646,1,,3.0,,
4035,1,46655,1,,3.0,,
4037,1,46670,1,,1.0,,
4038,1,46674,1,,1.0,,
4039,1,46678,1,,3.0,,
4040,1,46704,1,,4.0,,
4041,1,46705,1,,3.0,,
4042,1,46706,1,,1.0,,
4043,1,46723,1,,3.0,,
4044,1,46729,1,,3.0,,
4046,1,46743,1,,3.0,,
4047,1,46755,1,,3.0,,
4048,1,46760,1,,3.0,,
4049,1,46763,1,,4.0,,
4050,1,46799,1,,4.0,,
4051,1,46808,1,,4.0,,
4053,1,46861,1,,4.0,,
4054,1,46862,1,,1.0,,
4055,1,46870,1,,3.0,,
4056,1,46876,1,,4.0,,
4057,1,46878,1,,1.0,,
4058,1,46893,1,,3.0,,
4059,1,46899,1,,3.0,,
4060,1,46906,1,,3.0,,
4061,1,46911,1,,3.0,,
4063,1,46930,1,,3.0,,
4064,1,46941,1,,3.0,,
4065,1,46947,1,,1.0,,
4066,1,46960,1,,3.0,,
4067,1,46961,1,,3.0,,
4068,1,46970,1,,3.0,,
4069,1,46975,1,,3.0,,
4070,1,46990,1,,1.0,,
4071,1,47005,1,,4.0,,
4072,1,47009,1,,3.0,,
4073,1,47015,1,,3.0,,
4075,1,47040,1,,3.0,,
4076,1,47045,1,,4.0,,
4077,1,47052,1,,4.0,,
4078,1,47074,1,,1.0,,
4079,1,47088,1,,1.0,,
4080,1,47092,1,,3.0,,
4081,1,47100,1,,1.0,,
4082,1,47108,1,,3.0,,
4083,1,47123,1,,1.0,,
4084,1,47128,1,,3.0,,
4085,1,47142,1,,3.0,,
4086,1,47148,1,,3.0,,
4087,1,47153,1,,3.0,,
4088,1,47162,1,,3.0,,
4089,1,47170,1,,1.0,,
4090,1,47179,1,,3.0,,
4091,1,47188,1,,3.0,,
4092,1,47195,1,,3.0,,
4093,1,47203,1,,3.0,,
4094,1,47212,1,,3.0,,
4095,1,47220,1,,3.0,,
4096,1,47227,1,,3.0,,
4097,1,47233,1,,3.0,,
4098,1,47240,1,,3.0,,
4099,1,47246,1,,3.0,,
4101,1,47277,1,,1.0,,
4102,1,47284,1,,3.0,,
4103,1,47291,1,,3.0,,
4104,1,47297,1,,1.0,,
4105,1,47305,1,,3.0,,
4106,1,47311,1,,1.0,,
4107,1,47329,1,,1.0,,
4108,1,47334,1,,1.0,,
4109,1,47343,1,,3.0,,
4110,1,47355,1,,3.0,,
4111,1,47360,1,,3.0,,
4112,1,47371,1,,1.0,,
4113,1,47374,1,,1.0,,
4114,1,47383,1,,3.0,,
4115,1,47394,1,,3.0,,
4116,1,47399,1,,1.0,,
4117,1,47407,1,,3.0,,
4118,1,47413,1,,3.0,,
4119,1,47426,1,,3.0,,
4120,1,47447,1,,1.0,,
4121,1,47453,1,,1.0,,
4122,1,47459,1,,1.0,,
4123,1,47468,1,,3.0,,
4124,1,47473,1,,1.0,,
4125,1,47486,1,,1.0,,
4126,1,47493,1,,1.0,,
4127,1,47504,1,,1.0,,
4128,1,47512,1,,1.0,,
4129,1,47521,1,,3.0,,
4130,1,47527,1,,3.0,,
4131,1,47535,1,,3.0,,
4132,1,47542,1,,3.0,,
4133,1,47557,1,,3.0,,
4134,1,47574,1,,1.0,,
4135,1,47584,1,,1.0,,
4136,1,47594,1,,1.0,,
4137,1,47609,1,,3.0,,
4138,1,47611,1,,1.0,,
4139,1,47618,1,,1.0,,
4140,1,47627,1,,1.0,,
4141,1,47632,1,,1.0,,
4142,1,47636,1,,3.0,,
4143,1,47649,1,,3.0,,
4144,1,47650,1,,1.0,,
4145,1,47664,1,,1.0,,
4146,1,47675,1,,1.0,,
4147,1,47677,1,,1.0,,
4148,1,47694,1,,3.0,,
4149,1,47696,1,,3.0,,
4150,1,47700,1,,1.0,,
4151,1,47712,1,,3.0,,
4152,1,47715,1,,3.0,,
4153,1,47720,1,,3.0,,
4154,1,47725,1,,3.0,,
4155,1,47770,1,,1.0,,
4156,1,47775,1,,3.0,,
4157,1,47780,1,,3.0,,
4158,1,47789,1,,3.0,,
4159,1,47792,1,,3.0,,
4160,1,47801,1,,3.0,,
4161,1,47808,1,,3.0,,
4162,1,47813,1,,3.0,,
4163,1,47817,1,,3.0,,
4164,1,47831,1,,3.0,,
4165,1,47835,1,,1.0,,
4166,1,47853,1,,3.0,,
4167,1,47858,1,,1.0,,
4168,5,47863,1,,608428800.0,,
4169,5,47864,1,,608428800.0,,
4170,5,47865,1,,608342400.0,,
4171,5,47866,1,,608342400.0,,
4173,1,47907,1,,1.0,,
4174,1,47912,1,,4.0,,
4175,1,47941,1,,1.0,,
4176,1,47951,1,,3.0,,
4177,1,47956,1,,1.0,,
4178,1,47961,1,,3.0,,
4179,1,47968,1,,3.0,,
4180,1,47976,1,,8.0,,
4181,1,47977,1,,3.0,,
4182,1,47984,1,,1.0,,
4183,2,47991,1,,5.37890625,,
4184,3,47991,1,,0.0,,
4185,4,47991,1,,15.92578125,,
4188,1,48009,1,,3.0,,
4189,1,48019,1,,3.0,,
4190,1,48023,1,,3.0,,
4191,1,48027,1,,3.0,,
4192,1,48038,1,,3.0,,
4193,1,48047,1,,3.0,,
4194,1,48050,1,,3.0,,
4195,1,48058,1,,3.0,,
4196,1,48065,1,,3.0,,
4197,1,48073,1,,3.0,,
4198,1,48079,1,,3.0,,
4199,1,48093,1,,1.0,,
4200,1,48102,1,,1.0,,
4201,1,48103,1,,1.0,,
4202,1,48129,1,,4.0,,
4203,1,48132,1,,1.0,,
4204,1,48133,1,,1.0,,
4205,1,48134,1,,3.0,,
4207,1,48163,1,,4.0,,
4208,1,48167,1,,4.0,,
4209,1,48168,1,,3.0,,
4210,1,48175,1,,1.0,,
4211,1,48187,1,,3.0,,
4212,1,48193,1,,1.0,,
4213,1,48198,1,,3.0,,
4214,1,48206,1,,1.0,,
4216,1,48225,1,,3.0,,
4217,1,48232,1,,1.0,,
4218,1,48242,1,,3.0,,
4219,1,48249,1,,3.0,,
4220,1,48262,1,,4.0,,
4221,1,48265,1,,1.0,,
4223,1,48319,1,,1.0,,
4224,1,48326,1,,1.0,,
4225,1,48344,1,,1.0,,
4226,1,48345,1,,3.0,,
4227,1,48355,1,,3.0,,
4228,1,48366,1,,3.0,,
4229,1,48374,1,,3.0,,
4230,1,48380,1,,3.0,,
4231,1,48393,1,,3.0,,
4232,1,48394,1,,3.0,,
4233,1,48399,1,,3.0,,
4234,1,48408,1,,3.0,,
4235,1,48414,1,,3.0,,
4236,1,48421,1,,1.0,,
4237,1,48430,1,,1.0,,
4238,1,48436,1,,3.0,,
4239,1,48439,1,,3.0,,
4240,1,48445,1,,3.0,,
4241,1,48456,1,,3.0,,
4242,1,48462,1,,3.0,,
4243,1,48469,1,,3.0,,
4244,1,48475,1,,3.0,,
4245,1,48478,1,,3.0,,
4246,1,48489,1,,3.0,,
4249,1,48505,1,,3.0,,
4250,1,48513,1,,1.0,,
4251,1,48526,1,,3.0,,
4252,1,48534,1,,3.0,,
4253,1,48566,1,,4.0,,
4254,1,48568,1,,3.0,,
4256,1,48582,1,,4.0,,
4257,1,48584,1,,1.0,,
4258,1,48592,1,,3.0,,
4259,1,48602,1,,1.0,,
4260,1,48609,1,,3.0,,
4261,1,48612,1,,1.0,,
4262,1,48617,1,,3.0,,
4264,1,48635,1,,3.0,,
4265,1,48643,1,,3.0,,
4266,1,48651,1,,3.0,,
4267,1,48663,1,,3.0,,
4268,1,48668,1,,3.0,,
4269,1,48678,1,,3.0,,
4270,1,48685,1,,3.0,,
4271,1,48701,1,,4.0,,
4272,1,48703,1,,1.0,,
4273,1,48709,1,,3.0,,
4274,1,48717,1,,1.0,,
4275,1,48718,1,,3.0,,
4277,1,48752,1,,3.0,,
4278,1,48755,1,,3.0,,
4279,1,48762,1,,3.0,,
4280,1,48770,1,,3.0,,
4281,1,48779,1,,3.0,,
4282,1,48783,1,,3.0,,
4283,1,48793,1,,1.0,,
4284,1,48803,1,,1.0,,
4285,1,48805,1,,3.0,,
4286,1,48816,1,,3.0,,
4287,1,48822,1,,3.0,,
4288,1,48829,1,,3.0,,
4289,1,48838,1,,3.0,,
4290,1,48845,1,,3.0,,
4291,1,48851,1,,3.0,,
4292,1,48857,1,,1.0,,
4293,1,48870,1,,1.0,,
4294,1,48891,1,,4.0,,
4295,1,48897,1,,4.0,,
4296,1,48898,1,,1.0,,
4297,1,48900,1,,1.0,,
4298,1,48921,1,,3.0,,
4299,1,48928,1,,3.0,,
4300,1,48935,1,,3.0,,
4301,1,48936,1,,3.0,,
4302,1,48946,1,,3.0,,
4303,1,48955,1,,3.0,,
4304,1,48961,1,,3.0,,
4305,1,48976,1,,4.0,,
4306,1,48977,1,,3.0,,
4307,1,48979,1,,1.0,,
4308,1,48989,1,,3.0,,
4309,1,48995,1,,3.0,,
4310,1,48999,1,,3.0,,
4311,5,49009,1,,608515200.0,,
4313,1,49042,1,,3.0,,
4314,1,49052,1,,3.0,,
4315,1,49057,1,,3.0,,
4316,1,49065,1,,3.0,,
4317,1,49072,1,,4.0,,
4318,1,49075,1,,3.0,,
4319,1,49087,1,,1.0,,
4320,1,49114,1,,1.0,,
4321,1,49118,1,,1.0,,
4322,1,49163,1,,3.0,,
4323,1,49170,1,,1.0,,
4324,1,49189,1,,1.0,,
4325,1,49190,1,,1.0,,
4326,1,49197,1,,1.0,,
4327,1,49202,1,,3.0,,
4328,1,49217,1,,1.0,,
4329,1,49222,1,,3.0,,
4330,1,49229,1,,3.0,,
4331,1,49239,1,,3.0,,
4332,1,49240,1,,8.0,,
4333,1,49248,1,,1.0,,
4334,1,49251,1,,3.0,,
4335,2,49253,1,,12.3515625,,
4336,3,49253,1,,0.0,,
4337,4,49253,1,,9.36328125,,
4338,1,49271,1,,3.0,,
4339,1,49283,1,,3.0,,
4340,1,49302,1,,1.0,,
4341,1,49317,1,,1.0,,
4342,1,49333,1,,1.0,,
4343,1,49339,1,,1.0,,
4344,1,49349,1,,1.0,,
4345,1,49356,1,,1.0,,
4346,1,49368,1,,1.0,,
4347,1,49375,1,,1.0,,
4349,1,49394,1,,3.0,,
4350,1,49404,1,,1.0,,
4351,1,49405,1,,3.0,,
4352,1,49420,1,,3.0,,
4353,1,49427,1,,3.0,,
4354,1,49435,1,,3.0,,
4355,5,49450,1,,608515200.0,,
4356,1,49451,1,,3.0,,
4357,1,49469,1,,1.0,,
4358,1,49475,1,,3.0,,
4359,1,49492,1,,1.0,,
4360,1,49498,1,,1.0,,
4361,1,49517,1,,3.0,,
4362,1,49528,1,,3.0,,
4363,1,49540,1,,3.0,,
4364,1,49547,1,,3.0,,
4365,1,49556,1,,1.0,,
4366,1,49563,1,,3.0,,
4367,1,49570,1,,3.0,,
4368,1,49577,1,,3.0,,
4369,1,49588,1,,3.0,,
4370,1,49595,1,,3.0,,
4371,1,49602,1,,3.0,,
4372,1,49607,1,,3.0,,
4373,1,49616,1,,3.0,,
4375,1,49643,1,,3.0,,
4376,1,49651,1,,3.0,,
4377,1,49669,1,,3.0,,
4378,1,49685,1,,4.0,,
4379,1,49691,1,,1.0,,
4380,1,49696,1,,4.0,,
4382,1,49730,1,,1.0,,
4383,1,49740,1,,4.0,,
4384,1,49743,1,,1.0,,
4385,1,49762,1,,1.0,,
4386,1,49765,1,,8.0,,
4387,1,49766,1,,3.0,,
4388,1,49772,1,,3.0,,
4389,1,49779,1,,3.0,,
4390,2,49782,1,,7.703125,,
4391,3,49782,1,,0.0,,
4392,4,49782,1,,8.73828125,,
4396,1,49805,1,,3.0,,
4397,1,49816,1,,3.0,,
4398,1,49819,1,,3.0,,
4399,1,49821,1,,3.0,,
4400,1,49831,1,,3.0,,
4401,1,49839,1,,3.0,,
4402,1,49842,1,,3.0,,
4403,1,49844,1,,3.0,,
4404,1,49857,1,,3.0,,
4405,1,49936,1,,3.0,,
4406,1,49968,1,,1.0,,
4407,1,49973,1,,4.0,,
4408,1,49975,1,,1.0,,
4409,1,49982,1,,3.0,,
4410,1,49989,1,,3.0,,
4411,1,49994,1,,3.0,,
4412,1,50002,1,,4.0,,
4414,1,50088,1,,1.0,,
4415,1,50089,1,,1.0,,
4416,1,50106,1,,3.0,,
4417,1,50110,1,,1.0,,
4418,1,50131,1,,1.0,,
4419,1,50140,1,,3.0,,
4420,1,50141,1,,8.0,,
4421,1,50152,1,,1.0,,
4422,1,50158,1,,3.0,,
4423,1,50169,1,,3.0,,
4424,1,50175,1,,3.0,,
4425,1,50181,1,,3.0,,
4426,2,50186,1,,44.69140625,,
4427,3,50186,1,,0.0,,
4428,4,50186,1,,11.3671875,,
4430,1,50198,1,,3.0,,
4431,1,50204,1,,3.0,,
4432,1,50216,1,,3.0,,
4433,1,50222,1,,3.0,,
4434,1,50223,1,,1.0,,
4435,1,50236,1,,3.0,,
4436,1,50242,1,,3.0,,
4437,1,50248,1,,3.0,,
4438,1,50255,1,,3.0,,
4439,1,50265,1,,3.0,,
4440,1,50272,1,,3.0,,
4441,1,50276,1,,3.0,,
4444,1,50296,1,,3.0,,
4445,1,50305,1,,4.0,,
4446,1,50306,1,,1.0,,
4447,1,50319,1,,3.0,,
4448,1,50323,1,,3.0,,
4449,1,50330,1,,3.0,,
4450,1,50338,1,,1.0,,
4452,1,50351,1,,3.0,,
4453,1,50355,1,,3.0,,
4454,1,50362,1,,3.0,,
4455,1,50369,1,,3.0,,
4456,1,50375,1,,3.0,,
4458,1,50393,1,,3.0,,
4459,1,50398,1,,1.0,,
4460,1,50405,1,,3.0,,
4461,1,50413,1,,3.0,,
4462,1,50421,1,,3.0,,
4463,1,50437,1,,1.0,,
4464,1,50441,1,,1.0,,
4465,5,50458,1,,608601600.0,,
4466,1,50480,1,,1.0,,
4467,1,50525,1,,1.0,,
4468,1,50543,1,,1.0,,
4469,1,50544,1,,1.0,,
4470,1,50552,1,,4.0,,
4471,1,50577,1,,1.0,,
4472,1,50582,1,,1.0,,
4473,1,50589,1,,1.0,,
4474,1,50598,1,,1.0,,
4475,1,50601,1,,3.0,,
4476,1,50613,1,,3.0,,
4478,1,50626,1,,3.0,,
4479,1,50631,1,,1.0,,
4480,1,50641,1,,3.0,,
4481,1,50648,1,,1.0,,
4482,1,50655,1,,3.0,,
4483,1,50662,1,,3.0,,
4485,1,50684,1,,1.0,,
4486,1,50692,1,,3.0,,
4487,1,50699,1,,1.0,,
4488,1,50705,1,,1.0,,
4489,1,50714,1,,3.0,,
4490,1,50720,1,,3.0,,
4491,1,50726,1,,3.0,,
4492,1,50736,1,,3.0,,
4493,1,50747,1,,3.0,,
4494,1,50753,1,,8.0,,
4495,1,50756,1,,3.0,,
4496,1,50761,1,,3.0,,
4497,2,50771,1,,44.109375,,
4498,3,50771,1,,0.0,,
4499,4,50771,1,,14.23828125,,
4500,1,50804,1,,3.0,,
4501,1,50807,1,,3.0,,
4502,1,50824,1,,3.0,,
4503,1,50827,1,,3.0,,
4504,1,50840,1,,3.0,,
4505,1,50855,1,,1.0,,
4506,1,50935,1,,1.0,,
4507,1,50936,1,,2.0,,
4508,1,50937,1,,2.0,,
4509,1,50938,1,,2.0,,
4510,1,50940,1,,2.0,,
4511,1,50941,1,,2.0,,
4512,1,50942,1,,2.0,,
4513,1,50943,1,,2.0,,
4514,1,50959,1,,2.0,,
4515,1,50960,1,,2.0,,
4516,1,50965,1,,2.0,,
4517,1,50966,1,,2.0,,
4518,1,50967,1,,2.0,,
4519,1,50968,1,,2.0,,
4520,1,50969,1,,2.0,,
4521,1,50970,1,,2.0,,
4522,1,50971,1,,2.0,,
4523,1,51030,1,,3.0,,
4524,1,51045,1,,1.0,,
4525,1,51058,1,,3.0,,
4526,1,51077,1,,1.0,,
4527,1,51078,1,,1.0,,
4528,1,51085,1,,3.0,,
4529,1,51101,1,,1.0,,
4530,1,51117,1,,3.0,,
4531,1,51122,1,,1.0,,
4532,1,51129,1,,3.0,,
4533,1,51136,1,,3.0,,
4534,1,51145,1,,1.0,,
4535,1,51153,1,,3.0,,
4536,1,51158,1,,3.0,,
4537,1,51163,1,,1.0,,
4538,1,51173,1,,3.0,,
4539,1,51185,1,,3.0,,
4540,1,51194,1,,1.0,,
4541,1,51204,1,,1.0,,
4542,1,51211,1,,1.0,,
4543,1,51217,1,,1.0,,
4544,1,51239,1,,1.0,,
4545,1,51256,1,,1.0,,
4546,1,51262,1,,1.0,,
4547,1,51306,1,,3.0,,
4548,1,51330,1,,1.0,,
4549,1,51336,1,,8.0,,
4550,2,51353,1,,1.125,,
4551,3,51353,1,,0.0,,
4552,4,51353,1,,21.5,,
4554,1,51389,1,,3.0,,
4555,1,51395,1,,1.0,,
4556,1,51400,1,,3.0,,
4557,1,51404,1,,3.0,,
4558,1,51424,1,,1.0,,
4559,1,51425,1,,3.0,,
4560,1,51434,1,,3.0,,
4561,1,51443,1,,3.0,,
4562,1,51448,1,,3.0,,
4563,1,51464,1,,1.0,,
4564,1,51475,1,,3.0,,
4566,1,51490,1,,3.0,,
4567,1,51500,1,,3.0,,
4568,1,51504,1,,3.0,,
4569,1,51508,1,,3.0,,
4570,1,51514,1,,3.0,,
4571,1,51519,1,,3.0,,
4572,1,51525,1,,3.0,,
4573,1,51526,1,,3.0,,
4574,1,51536,1,,1.0,,
4575,1,51545,1,,1.0,,
4576,1,51551,1,,3.0,,
4577,1,51556,1,,3.0,,
4578,5,51573,1,,608601600.0,,
4579,1,51574,1,,3.0,,
4580,1,51581,1,,3.0,,
4581,1,51588,1,,3.0,,
4582,1,51593,1,,3.0,,
4583,1,51606,1,,1.0,,
4584,1,51607,1,,1.0,,
4585,1,51619,1,,3.0,,
4586,1,51624,1,,3.0,,
4587,1,51652,1,,1.0,,
4588,1,51676,1,,1.0,,
4589,1,51685,1,,1.0,,
4590,1,51707,1,,1.0,,
4591,1,51712,1,,1.0,,
4592,1,51717,1,,3.0,,
4593,1,51732,1,,3.0,,
4594,1,51733,1,,3.0,,
4595,1,51734,1,,3.0,,
4596,1,51737,1,,1.0,,
4597,1,51738,1,,3.0,,
4598,1,51739,1,,3.0,,
4599,1,51762,1,,3.0,,
4600,1,51763,1,,3.0,,
4602,1,51778,1,,3.0,,
4603,1,51793,1,,3.0,,
4604,1,51800,1,,3.0,,
4605,1,51811,1,,1.0,,
4606,1,51820,1,,1.0,,
4607,1,51826,1,,3.0,,
4609,1,51852,1,,3.0,,
4610,1,51859,1,,1.0,,
4611,1,51863,1,,3.0,,
4612,1,51873,1,,3.0,,
4613,1,51881,1,,3.0,,
4615,1,51896,1,,3.0,,
4616,1,51904,1,,3.0,,
4617,1,51938,1,,3.0,,
4618,1,51952,1,,4.0,,
4619,1,51996,1,,3.0,,
4620,1,52012,1,,1.0,,
4621,1,52018,1,,3.0,,
4622,1,52027,1,,1.0,,
4623,1,52038,1,,1.0,,
4624,1,52044,1,,1.0,,
4625,1,52058,1,,1.0,,
4626,1,52064,1,,3.0,,
4627,1,52072,1,,3.0,,
4629,1,52095,1,,3.0,,
4630,1,52114,1,,1.0,,
4631,1,52119,1,,1.0,,
4632,1,52128,1,,1.0,,
4633,1,52138,1,,1.0,,
4634,1,52148,1,,3.0,,
4635,1,52163,1,,3.0,,
4636,1,52182,1,,4.0,,
4637,1,52184,1,,3.0,,
4638,1,52204,1,,3.0,,
4639,5,52213,1,,608688000.0,,
4640,1,52214,1,,3.0,,
4641,1,52223,1,,1.0,,
4642,1,52240,1,,4.0,,
4643,1,52251,1,,4.0,,
4644,1,52279,1,,4.0,,
4645,1,52297,1,,1.0,,
4646,1,52317,1,,1.0,,
4647,1,52329,1,,1.0,,
4648,1,52331,1,,1.0,,
4649,1,52341,1,,3.0,,
4650,1,52355,1,,1.0,,
4651,1,52359,1,,1.0,,
4652,1,52367,1,,3.0,,
4653,1,52379,1,,3.0,,
4654,1,52388,1,,3.0,,
4655,1,52394,1,,3.0,,
4656,1,52401,1,,3.0,,
4657,1,52407,1,,3.0,,
4658,1,52413,1,,3.0,,
4660,1,52424,1,,3.0,,
4661,1,52432,1,,3.0,,
4662,1,52440,1,,3.0,,
4663,1,52446,1,,3.0,,
4664,1,52456,1,,3.0,,
4665,5,52466,1,,608688000.0,,
4666,1,52469,1,,3.0,,
4667,1,52470,1,,1.0,,
4668,1,52485,1,,3.0,,
4669,1,52489,1,,3.0,,
4670,1,52498,1,,3.0,,
4671,1,52501,1,,3.0,,
4672,1,52512,1,,1.0,,
