ID,timestamp,DistributionID,EndOffset
11313,1586836861.551412,33,-10
11314,1586836861.585074,2,-31
11315,1586836862.626578,31,-1
11316,1586837276.815877,33,-6
11317,1586837276.8268113,2,-8
11318,1586837580.054811,31,-1
11319,1586837580.056171,31,-1
11320,1586838174.3137171,31,-1
11321,1586838174.316361,31,-2
11322,1586838867.1522791,33,-12
11323,1586838867.1805062,2,-25
11324,1586839260.6537511,31,-1
11325,1586840813.999889,33,-7
11326,1586840814.035926,2,-8
11327,1586841116.7580352,33,-12
11328,1586841116.765367,2,-6
11329,1586841117.6741462,31,-1
11330,1586841234.843666,31,-1
11331,1586841234.8447232,31,-1
11332,1586842148.683103,31,0
11333,1586843025.830235,33,-49
11334,1586843025.83416,2,-35
11335,1586843028.699728,31,268440
11336,1586843603.2218251,33,-20
11337,1586843603.235168,2,-7
11338,1586844295.8166652,31,0
11339,1586845017.0907362,33,-16
11340,1586845017.1065261,2,-9
11341,1586845303.062838,31,-1
11342,1586845303.0640192,31,-1
11343,1586845985.4487782,31,-1
11344,1586845985.4500122,31,-1
11345,1586846876.954451,33,-10
11346,1586846877.00774,2,-50
11347,1586847345.863603,33,-5
11348,1586847345.8747091,2,-8
11349,1586847762.018062,31,-1
11350,1586847762.0192223,31,611683
11351,1586848856.744153,31,-1
11352,1586848986.6106482,33,-12
11353,1586848986.692595,2,-60
11354,1586850402.4333253,31,-1
11355,1586851051.533873,33,-10
11356,1586851051.551891,2,-13
11357,1586852705.7006521,31,-1
11358,1586852705.7017982,31,-1
11359,1586853117.7366722,33,-7
11360,1586853117.750688,2,-11
11361,1586853597.280488,33,-14
11362,1586853597.291063,2,-7
11363,1586853666.7723093,31,-1
11364,1586853666.7735953,31,-1
11365,1586854619.9682202,31,-1
11366,1586854619.969386,31,-1
11367,1586854975.7494411,33,-12
11368,1586854975.7613912,2,-8
11369,1586855702.8439403,33,-31
11370,1586855702.891285,2,-9
11371,1586856477.3194423,33,-6
11372,1586856477.3406453,2,-6
11373,1586856487.8320632,31,-1
11374,1586856487.8333561,31,-1
11375,1586858397.371442,33,-9
11376,1586858397.3883753,2,-14
11377,1586858817.758557,33,-16
11378,1586858817.7624292,2,-9
11379,1586859067.4768882,31,-1
11380,1586859067.478055,31,-1
11381,1586859586.1358912,31,-1
11382,1586859586.1378593,31,-2
11383,1586860222.2443821,31,-1
11384,1586860222.246035,31,-1
11385,1586860222.2468152,31,-1
11386,1586860359.658966,33,-15
11387,1586860359.669207,2,-7
11388,1586860425.2490273,31,-1
11389,1586860425.2501674,31,-1
11390,1586860493.912353,31,-2
11391,1586860493.9137092,31,-1
11392,1586860554.100418,31,-2
11393,1586860554.102643,31,-2
11394,1586860554.1033092,31,-1
11395,1586860614.4471262,31,-1
11396,1586860794.6753342,31,-1
11397,1586860914.679089,31,0
11398,1586861334.803111,31,-1
11399,1586861507.5495012,33,-45
11400,1586861507.5948162,2,-30
11401,1586861514.6939783,31,-1
11402,1586862423.8624172,31,-1
11403,1586862645.717564,31,-3
11404,1586862645.718801,31,-1
11405,1586862708.7024102,31,-1
11406,1586862708.7056231,31,-3
11407,1586862708.7062101,31,-1
11408,1586862732.207863,33,-53
11409,1586862732.2544951,2,-32
11410,1586863248.7912493,31,-1
11411,1586863542.317811,33,-18
11412,1586863542.3386292,2,-12
11413,1586864113.192657,31,-1
11414,1586864469.91645,33,-40
11415,1586864469.957653,2,-26
11416,1586864833.1399722,31,-1
11417,1586864953.143345,31,-1
11418,1586864953.1448991,31,0
11419,1586865330.225728,33,-42
11420,1586865330.261663,2,-20
11421,1586865476.8207052,31,0
11422,1586865596.3945432,31,-1
11423,1586865974.4371061,31,-1
11424,1586866040.7863703,31,-1
11425,1586866101.1960683,31,-1
11426,1586866281.1124992,31,-1
11427,1586866340.724163,31,-6
11428,1586866400.8015,31,-1
11429,1586866400.802113,31,0
11430,1586866434.33137,33,-43
11431,1586866434.332631,34,-44
11432,1586866434.3604932,2,-21
11433,1586866701.2117622,31,-1
11434,1586866760.214744,31,-1
11435,1586867704.303379,33,-51
11436,1586867704.3044941,34,-52
11437,1586867704.3325272,2,-21
11438,1586867721.2419012,31,-1
11439,1586867903.1655402,31,-1
11440,1586868202.144184,31,-1
11441,1586868241.8640351,33,-13
11442,1586868241.864377,34,1086235
11443,1586868241.908168,2,-37
11444,1586868262.314816,31,-1
11445,1586868262.3152301,31,-1
11446,1586868262.3154793,31,-1
11447,1586868322.718053,31,0
11448,1586868383.1504922,31,-1
11449,1586868563.058499,31,-1
11450,1586868613.65526,31,0
11451,1586868634.8454723,31,-3
11452,1586868634.8465502,31,-1
11453,1586868658.7020912,31,-1
11454,1586868658.706017,31,-3
11455,1586868658.706604,31,-1
11456,1586868702.068936,31,-1
11457,1586868702.070043,31,-1
11458,1586868762.672368,31,-2
11459,1586868762.675192,31,-3
11460,1586868762.675826,31,-1
11461,1586868794.73251,31,-1
11462,1586868794.7336822,31,-1
11463,1586868839.687534,31,-33
11464,1586868839.6931763,31,-9
11465,1586868839.6938071,31,-2
11466,1586868875.802308,31,-1
11467,1586868875.8035903,31,-1
11468,1586868936.363315,31,-2
11469,1586868936.3669353,31,-4
11470,1586868936.367569,31,-1
11471,1586869057.0145102,31,-1
11472,1586869328.1511972,33,-51
11473,1586869328.2299461,2,-60
11474,1586869416.3120599,31,-1
11475,1586869476.3083181,31,-1
11476,1586869597.0554411,31,-1
11477,1586869836.3189702,31,-1
11478,1586869896.7821891,31,-1
11479,1586870188.3166351,33,-46
11480,1586870188.3177702,34,778242
11481,1586870188.3450692,2,-20
11482,1586870316.219729,31,-1
11483,1586870316.2209282,31,-1
11484,1586870737.0625842,31,0
11485,1586870966.6008832,33,-40
11486,1586870966.6437974,2,-26
11487,1586871156.100574,31,-1
11488,1586871277.083156,31,-1
11489,1586871456.041301,31,-6
11490,1586871517.0930643,31,-1
11491,1586871775.4042912,33,-41
11492,1586871775.405941,34,2732583
11493,1586871775.4419992,2,-21
11494,1586872121.0145593,31,-2
11495,1586872121.0282412,31,-1
11496,1586872180.825427,31,0
11497,1586872180.8257222,31,0
11498,1586872240.7548113,31,-1
11499,1586872390.4981103,33,-16
11500,1586872390.5181892,2,-9
11501,1586872420.3164032,31,-1
11502,1586872420.318235,31,-1
11503,1586872480.1778262,31,0
11504,1586872480.1782322,31,0
11505,1586872541.0352993,31,-1
11506,1586872541.037733,31,-2
11507,1586872697.8396351,33,-43
11508,1586872697.8776352,2,-25
11509,1586872907.274475,31,-4
11510,1586873147.3555923,31,-1
11511,1586873147.356729,31,-1
11512,1586873627.5202732,31,-1
11513,1586873987.530458,31,-1
11514,1586874508.028759,33,-39
11515,1586874508.075318,2,-27
11516,1586874527.3564901,31,-2
11517,1586874897.2078803,33,-36
11518,1586874897.208877,34,1023976
11519,1586874897.238296,2,-21
11520,1586875067.6085732,31,-1
11521,1586875667.1212351,31,-2
11522,1586875667.1223662,31,-1
11523,1586875727.317928,31,-2
11524,1586875727.3206382,31,-3
11525,1586875847.3237371,31,-1
11526,1586875921.2343512,33,-48
11527,1586875921.274694,2,-21
11528,1586876087.331595,31,-2
11529,1586876507.3416572,31,-1
11530,1586876806.7769241,31,-1
11531,1586876864.115796,33,-44
11532,1586876864.1168742,34,1351705
11533,1586876864.1514452,2,-20
11534,1586876927.593935,31,-1
11535,1586876927.594974,31,-1
11536,1586876987.6178212,31,-1
11537,1586876987.6189082,31,-1
11538,1586877407.6292772,31,-1
11539,1586877407.6306362,31,-1
11540,1586877527.63663,31,-1
11541,1586877827.6461072,31,-1
11542,1586877947.407596,31,0
11543,1586877947.407879,31,0
11544,1586878007.6495862,31,-1
11545,1586878007.651196,31,-1
11546,1586878126.930956,31,-2
11547,1586878215.8667972,33,-44
11548,1586878215.9062362,2,-21
11549,1586878547.4938521,31,-1
11550,1586878907.676341,31,-1
11551,1586879035.2236533,33,-39
11552,1586879035.2247472,34,-40
11553,1586879035.2597513,2,-20
11554,1586879327.6876152,31,-1
11555,1586879387.4280362,31,300039
11556,1586879793.677534,33,-25
11557,1586879793.6778183,34,573470
11558,1586879793.6928072,2,-6
11559,1586879807.8040752,31,-1
11560,1586879807.810034,31,-6
11561,1586879807.810545,31,-1
11562,1586879867.70466,31,-1
11563,1586879867.7065501,31,-2
11564,1586880367.1925972,33,-44
11565,1586880367.248773,2,-37
11566,1586880407.7183132,31,-1
11567,1586880467.7218592,31,-1
11568,1586880587.7253191,31,-1
11569,1586880947.7365322,31,59672
11570,1586881067.740595,31,-1
11571,1586881127.307058,31,-2
11572,1586881165.969892,33,-40
11573,1586881165.9712853,34,2458180
11574,1586881166.0069692,2,-21
11575,1586881487.7531052,31,-1
11576,1586882207.542934,31,-1
11577,1586882271.9044762,33,-50
11578,1586882271.933847,2,-22
11579,1586882567.7840972,31,-1
11580,1586882807.33533,31,-2
11581,1586882867.792355,31,-1
11582,1586883287.8142323,31,-1
11583,1586883407.866181,31,-1
11584,1586883407.8678331,31,-1
11585,1586883467.8129241,31,-1
11586,1586883624.195923,33,-43
11587,1586883624.229889,2,-21
11588,1586884067.9310641,31,-1
11589,1586884127.8615332,31,-1
11590,1586884487.578977,31,60263
11591,1586884667.6112351,31,-1
11592,1586884667.613507,31,-2
11593,1586884750.933813,33,-63
11594,1586884750.935285,34,-65
11595,1586884750.9623013,2,-21
11596,1586884787.6151202,31,-1
11597,1586885035.0075073,31,-1
11598,1586885035.010518,31,-3
11599,1586885167.6229663,31,-1
11600,1586885167.6243153,31,-1
11601,1586885228.919695,31,-2
11602,1586885228.924474,31,-5
11603,1586885228.925171,31,-1
11604,1586885385.781124,33,-56
11605,1586885385.7823331,34,1823465
11606,1586885385.8222861,2,-25
11607,1586885528.9273171,31,-1
11608,1586885528.9285982,31,-1
11609,1586886128.03867,31,-1
11610,1586886128.0397573,31,-1
11611,1586886286.963546,33,-67
11612,1586886286.999901,2,-21
11613,1586886548.9598362,31,-1
11614,1586886728.8481262,31,-1
11615,1586886728.849194,31,-1
11616,1586886788.9805052,31,-1
11617,1586886788.9820921,31,-1
11618,1586887209.289246,33,-41
11619,1586887209.3311462,2,-23
11620,1586887748.9930992,31,-1
11621,1586888049.0064273,31,-2
11622,1586888151.4111242,33,-46
11623,1586888151.412445,34,-48
11624,1586888151.4494681,2,-23
11625,1586888229.016297,31,-1
11626,1586888349.0194411,31,-9
11627,1586888349.0208902,31,-1
11628,1586888528.1109953,31,-1
11629,1586888829.027431,31,-1
11630,1586889011.964363,33,-38
11631,1586889011.9659662,34,2335430
11632,1586889012.0068383,2,-23
11633,1586889849.059174,31,-1
11634,1586889909.0602252,31,-2
11635,1586889913.103157,33,-38
11636,1586889913.138761,2,-21
11637,1586890269.06935,31,-1
11638,1586890688.839368,31,-1
11639,1586890711.831916,33,-44
11640,1586890711.8689861,2,-22
11641,1586890749.1180654,31,-1
11642,1586890749.1192193,31,-1
11643,1586891187.3195512,31,-1
11644,1586891187.3206942,31,-1
11645,1586891241.9447303,31,-1
11646,1586891241.945939,31,-1
11647,1586891303.246232,31,-2
11648,1586891303.249052,31,-2
11649,1586891303.2514992,31,-2
11650,1586891347.434956,33,-38
11651,1586891347.47654,2,-33
11652,1586891399.626426,31,-1
11653,1586891399.629158,31,-2
11654,1586891423.7993312,31,-1
11655,1586891423.8012552,31,-1
11656,1586891430.381947,31,-2
11657,1586891430.3825312,31,-1
11658,1586891430.3851302,31,-2
11659,1586891491.4444442,31,-1
11660,1586891491.445804,31,-1
11661,1586891524.9334302,31,-2
11662,1586891545.1078672,31,-2
11663,1586891545.108407,31,-1
11664,1586891545.1117702,31,-2
11665,1586891545.114216,31,-2
11666,1586891610.662162,31,-2
11667,1586891610.664371,31,-2
11668,1586891610.665008,31,-1
11669,1586891910.6714292,31,-1
11670,1586892030.6748462,31,-1
11671,1586892210.6840131,31,-2
11672,1586892270.684667,31,780019
11673,1586892699.234149,33,-54
11674,1586892699.2356071,34,-55
11675,1586892699.286863,2,-39
11676,1586893530.721147,31,-1
11677,1586893530.7244492,31,-3
11678,1586893600.402464,33,-43
11679,1586893600.4035492,34,1926040
11680,1586893600.439044,2,-21
11681,1586893890.7322502,31,-1
11682,1586894310.0717142,31,-1
11683,1586894370.7464023,31,-1
11684,1586894604.8318691,33,-48
11685,1586894604.8737812,2,-22
11686,1586894670.796752,31,-1
11687,1586894910.7620592,31,-1
11688,1586895210.496611,31,-1
11689,1586895509.9622722,31,-1
11690,1586895526.4887452,33,-44
11691,1586895526.5242891,2,-21
11692,1586895690.7850933,31,-1
11693,1586895870.791342,31,-1
11694,1586895870.7925131,31,-1
11695,1586896290.8188972,31,-1
11696,1586896304.74826,33,-17
11697,1586896304.7487302,34,983081
11698,1586896304.7582932,2,-7
11699,1586896410.8075411,31,-1
11700,1586896410.8093882,31,-1
11701,1586897250.8445163,31,-1
11702,1586897287.871223,33,-40
11703,1586897287.908651,2,-22
11704,1586897370.837253,31,-1
11705,1586897490.7749062,31,-2
11706,1586897490.775948,31,-1
11707,1586897511.066131,31,-3
11708,1586897511.0679471,31,-2
11709,1586897580.2854142,31,-1
11710,1586897580.2892382,31,-4
11711,1586897580.2898073,31,-1
11712,1586897700.388051,31,-1
11713,1586897700.3892221,31,-1
11714,1586898119.4376092,31,-1
11715,1586898119.4396532,31,-2
11716,1586898119.4402843,31,0
11717,1586898240.0460823,31,59841
11718,1586898353.6292002,33,-45
11719,1586898353.631164,34,4445352
11720,1586898353.6680102,2,-23
11721,1586898360.0989943,31,-1
11722,1586898480.218793,31,-1
11723,1586898480.219925,31,-1
11724,1586898660.4185643,31,-1
11725,1586898840.0641332,31,-1
11726,1586899140.201945,31,-1
11727,1586899260.123392,31,-2
11728,1586899336.7073412,33,-41
11729,1586899336.7381232,2,-21
11730,1586899680.4495652,31,-1
11731,1586899740.452117,31,-1
11732,1586900155.9296892,33,-48
11733,1586900155.9591212,2,-22
11734,1586900220.331859,31,-2
11735,1586900459.6830783,31,-1
11736,1586900463.106976,33,-29
11737,1586900463.1431723,2,-23
11738,1586900770.2903402,33,-28
11739,1586900770.326636,2,-20
11740,1586900999.713927,31,-1
11741,1586900999.715735,31,-1
11742,1586901120.1328812,31,-1
11743,1586901180.23112,31,-1
11744,1586901261.87367,33,-38
11745,1586901261.909269,2,-21
11746,1586901300.424251,31,-1
11747,1586901540.5330162,31,-1
11748,1586901599.5055292,31,-1
11749,1586901660.1892111,31,-1
11750,1586901774.1632671,33,-43
11751,1586901774.198466,2,-22
11752,1586901840.3654442,31,-1
11753,1586901840.3665922,31,-1
11754,1586902680.5375931,31,-1
11755,1586902680.539712,31,-2
11756,1586902740.317153,31,-1
11757,1586902740.3183079,31,-1
11758,1586902799.021408,33,-37
11759,1586902799.0511842,2,-21
11760,1586903387.7444263,31,-2
11761,1586903387.745254,31,-1
11762,1586903448.984169,31,-2
11763,1586903448.9865294,31,-2
11764,1586903448.987288,31,-1
11765,1586903513.277369,31,-1
11766,1586903513.278551,31,-1
11767,1586903520.20549,31,-1
11768,1586903520.2066422,31,-1
11769,1586903557.2029462,31,-4
11770,1586903557.2053742,31,-3
11771,1586903557.205928,31,0
11772,1586903617.341886,31,-1
11773,1586903617.3427382,31,-1
11774,1586903630.642326,31,-1
11775,1586903630.643527,31,16744
11776,1586903665.0174992,31,-1
11777,1586903665.018322,31,0
11778,1586903726.0283732,31,-2
11779,1586903726.0313683,31,-3
11780,1586903726.031949,31,-1
11781,1586903805.8975961,31,-1
11782,1586903805.898849,31,-1
11783,1586904103.490119,31,-1
11784,1586904164.407537,31,-1
11785,1586904164.4090152,31,-1
11786,1586904344.4530761,31,-1
11787,1586904524.4179602,31,-1
11788,1586904599.9902973,33,-22
11789,1586904599.99092,34,-23
11790,1586904600.0496502,2,-55
11791,1586904644.423083,31,-1
11792,1586904944.432624,31,-1
11793,1586905040.939388,33,-9
11794,1586905040.9396782,34,-9
11795,1586905040.949533,2,-6
11796,1586905064.4366992,31,-2
11797,1586905064.4385061,31,-2
11798,1586905304.440648,31,0
11799,1586905348.8570962,33,-11
11800,1586905348.8573713,34,-12
11801,1586905348.8694782,2,-7
11802,1586905424.4463801,31,-1
11803,1586905484.4476962,31,-1
11804,1586905658.2584872,33,-12
11805,1586905658.258861,34,-13
11806,1586905658.272144,2,-9
11807,1586905663.8308241,31,-1
11808,1586905784.459192,31,0
11809,1586905964.462701,31,0
11810,1586905966.82766,33,-12
11811,1586905966.828051,34,-13
11812,1586905966.8520932,2,-20
11813,1586906022.916963,31,0
11814,1586906084.473486,31,-2
11815,1586906144.476212,31,-1
11816,1586906264.0167713,31,-2
11817,1586906264.018043,31,-1
11818,1586906274.777173,33,-19
11819,1586906274.7775793,34,-20
11820,1586906274.8288822,2,-46
11821,1586906384.474009,31,119187
11822,1586906503.663631,31,-1
11823,1586906564.4834733,31,-1
11824,1586906582.708888,33,-16
11825,1586906582.7092762,34,923463
11826,1586906582.725563,2,-13
11827,1586906890.5443501,33,-13
11828,1586906890.683653,2,-129
11829,1586906924.4940462,31,180003
11830,1586907104.50004,31,-1
11831,1586907198.319766,33,-12
11832,1586907198.334906,2,-10
11833,1586907284.50604,31,-1
11834,1586907506.1853442,33,-12
11835,1586907506.1999903,2,-10
11836,1586907584.515028,31,-1
11837,1586907584.516915,31,-1
11838,1586907764.5620012,31,0
11839,1586907764.562778,31,0
11840,1586907818.580204,33,-18
11841,1586907818.5806112,34,-18
11842,1586907818.616908,2,-33
11843,1586907824.4114332,31,0
11844,1586907884.564376,31,0
11845,1586908064.5258603,31,0
11846,1586908124.5318992,31,-1
11847,1586908124.5332842,31,-1
11848,1586908304.569693,31,-1
11849,1586908350.989639,33,-12
11850,1586908350.989983,34,-12
11851,1586908351.006962,2,-12
11852,1586908364.5410242,31,-1
11853,1586908424.5417361,31,-1
11854,1586908484.5586522,31,-1
11855,1586908544.5448742,31,-1
11856,1586908661.2113042,33,-14
11857,1586908661.2117562,34,-15
11858,1586908661.2470193,2,-24
11859,1586908844.5680451,31,-1
11860,1586908844.57065,31,-2
11861,1586908844.571794,31,-2
11862,1586908904.639969,31,-5
11863,1586908904.64037,31,-2
11864,1586908964.6320071,31,-1
11865,1586908969.7851481,33,-17
11866,1586908969.7862332,34,4684625
11867,1586908969.838285,2,-48
11868,1586909144.154788,31,-2
11869,1586909144.1558762,31,-1
11870,1586909204.639686,31,-1
11871,1586909264.6425622,31,-1
11872,1586909278.539349,33,-18
11873,1586909278.553553,2,-11
11874,1586909500.19004,31,-1
11875,1586909568.025301,31,-1
11876,1586909568.0256343,31,0
11877,1586909598.447072,33,-11
11878,1586909598.47162,2,-18
11879,1586909628.158564,31,-2
11880,1586909987.3680701,31,0
11881,1586909987.3691993,31,-1
11882,1586910048.1656852,31,-1
11883,1586910228.168076,31,0
11884,1586910407.47829,31,-1
11885,1586910528.1813762,31,-1
11886,1586910587.2821372,31,-1
11887,1586910888.1657822,31,-1
11888,1586910909.1148942,33,-17
11889,1586910909.1404781,2,-11
11890,1586910948.1070333,31,-1
11891,1586911068.1656241,31,59905
11892,1586911247.3913722,31,-1
11893,1586911257.4120612,33,-16
11894,1586911257.4748473,2,-44
11895,1586911308.0930443,31,-2
11896,1586911368.182795,31,-1
11897,1586911368.183845,31,-1
11898,1586911547.6248612,31,0
11899,1586911564.6287813,33,-17
11900,1586911564.6686141,2,-26
11901,1586911668.0923533,31,-1
11902,1586911668.0948882,31,-2
11903,1586911788.112281,31,-1
11904,1586911953.7667713,33,-17
11905,1586911953.7909322,2,-10
11906,1586911968.1312501,31,-1
11907,1586912028.1214,31,0
11908,1586912087.402155,31,-1
11909,1586912148.2233152,31,0
11910,1586912208.212675,31,-11
11911,1586912260.9614263,33,-21
11912,1586912260.9847412,2,-18
11913,1586912387.713916,31,-1
11914,1586912387.7151432,31,-1
11915,1586912448.203329,31,-1
11916,1586912507.3960152,31,-1
11917,1586912568.221029,31,-1
11918,1586912568.350068,33,-21
11919,1586912568.411875,2,-45
11920,1586912627.023282,31,-1
11921,1586912807.2185173,31,-1
11922,1586913168.238145,31,-1
11923,1586913228.1388972,31,-1
11924,1586913528.175959,31,-1
11925,1586913528.176685,31,0
11926,1586913588.1484933,31,-1
11927,1586913588.150392,31,-2
11928,1586913654.4543772,33,-42
11929,1586913654.508037,2,-40
11930,1586913768.1544962,31,0
11931,1586914184.7206383,33,-9
11932,1586914184.723015,34,4569629
11933,1586914184.732687,2,-10
11934,1586914258.4455552,31,-1
11935,1586914317.956431,31,-1
11936,1586914317.960352,31,-4
11937,1586914317.960869,31,-1
11938,1586914378.4980261,31,0
11939,1586914438.5412352,31,-1
11940,1586914498.4525132,31,-1
11941,1586914498.453691,31,-1
11942,1586914498.4541812,31,0
11943,1586914503.7042022,33,-11
11944,1586914503.7113442,2,-6
11945,1586914558.549374,31,-1
11946,1586914558.5530362,31,-3
11947,1586914618.4566011,31,59094
11948,1586914677.553885,31,-1
11949,1586914738.3894253,31,-1
11950,1586914798.4604921,31,-1
11951,1586914798.461852,31,-1
11952,1586914811.5317721,33,-14
11953,1586914811.5446062,2,-11
11954,1586914858.4622412,31,-1
11955,1586914918.465449,31,-1
11956,1586914978.465178,31,-1
11957,1586914978.4668431,31,192901
11958,1586915857.8892083,31,-1
11959,1586915857.8913212,31,-2
11960,1586916211.9176211,31,-1
11961,1586916211.9188023,31,541603
11962,1586916686.211967,33,-12
11963,1586916686.2503052,2,-37
11964,1586917366.9601622,31,-1
11965,1586917366.964284,31,-4
11966,1586917637.981508,31,-1
11967,1586917637.9828992,31,-1
11968,1586918116.22422,31,0
11969,1586918116.2244382,31,0
11970,1586918400.906001,31,0
11971,1586918400.906223,31,0
11972,1586918445.981728,33,-7
11973,1586918445.9977472,2,-15
11974,1586918461.0018802,31,0
11975,1586918461.002942,31,0
11976,1586918640.9371111,31,0
11977,1586918640.9381042,31,0
11978,1586918700.945135,31,0
11979,1586918700.9453042,31,0
11980,1586918754.361977,33,-9
11981,1586918754.3828993,2,-17
11982,1586918760.0866132,31,0
11983,1586918821.004872,31,0
11984,1586919555.5445113,31,-1
11985,1586919555.5460453,31,-1
11986,1586919804.7670882,31,-1
11987,1586919804.768696,31,-1
11988,1586920560.8791552,33,-8
11989,1586920560.879357,34,-8
11990,1586920560.9347982,2,-54
11991,1586920974.0494432,31,-1
11992,1586920974.0507221,31,-1
11993,1586921289.1310391,33,-7
11994,1586921289.131242,34,25955246
11995,1586921289.1480012,2,-16
11996,1586921476.822518,31,-1
11997,1586921697.212542,31,-1
11998,1586922056.6563773,31,0
11999,1586922379.3044772,31,717364
12000,1586923096.13796,33,-11
12001,1586923096.156889,2,-11
12002,1586923587.8278291,31,-1
12003,1586923587.82799,31,-1
12004,1586923587.828082,31,0
12005,1586924595.5654411,31,-1
12006,1586924595.5665462,31,-1
12007,1586925051.065823,33,-10
12008,1586925051.084467,2,-17
12009,1586925094.9508352,31,-1
12010,1586925892.0688543,31,0
12011,1586926390.507363,31,-1
12012,1586926960.489636,31,0
12013,1586927198.99464,33,-10
12014,1586927199.0014122,2,-6
12015,1586928973.4223533,31,-1
12016,1586929337.0790453,33,-10
12017,1586929337.086245,2,-6
12018,1586930475.8257692,31,-1
12019,1586930475.8270793,31,-1
12020,1586931003.075618,31,-1
12021,1586931451.8249462,33,-13
12022,1586931451.8327081,2,-6
12023,1586931456.5404391,31,0
12024,1586933342.355657,33,-10
12025,1586933342.370495,2,-13
12026,1586933663.481713,33,-8
12027,1586933663.512898,2,-7
12028,1586933668.497541,31,-1
12029,1586934042.240303,33,-7
12030,1586934042.2513182,2,-5
12031,1586934419.6223803,33,-6
12032,1586934419.633021,2,-9
12033,1586934781.128778,33,-11
12034,1586934781.136518,2,-6
12035,1586935141.1773791,33,-17
12036,1586935141.1842623,2,-6
12037,1586935499.3575463,33,-6
12038,1586935499.3694072,2,-10
12039,1586935502.8244762,31,-1
12040,1586935858.3655782,33,-7
12041,1586935858.37188,2,-5
12042,1586936230.8176303,33,-9
12043,1586936230.8244243,2,-5
12044,1586936477.2438781,31,0
12045,1586936477.2442691,31,0
12046,1586936700.4638462,33,-10
12047,1586936700.4737582,2,-6
12048,1586937665.1818511,33,-6
12049,1586937665.1879883,2,-5
12050,1586937782.419836,31,-1
12051,1586938426.2940602,31,-1
12052,1586938651.8447452,33,-11
12053,1586938651.8518152,2,-5
12054,1586938746.7406492,31,-1
12055,1586939079.203343,33,-6
12056,1586939079.4016762,2,-196
12057,1586939120.794167,31,-1
12058,1586939433.487337,31,0
12059,1586939433.487502,31,0
12060,1586939702.8069692,31,-1
12061,1586939702.8076472,31,-1
12062,1586940528.8841152,31,0
12063,1586940917.1367302,33,-13
12064,1586940917.1493301,2,-12
12065,1586941563.4529822,31,-1
12066,1586941563.4540431,31,-1
12067,1586942904.1269202,33,-15
12068,1586942904.1361861,2,-7
12069,1586943313.046056,31,-1
12070,1586943313.048366,31,-2
12071,1586943543.523411,31,-1
12072,1586943543.524435,31,-1
12073,1586944765.1020322,33,-10
12074,1586944765.110223,2,-7
12075,1586945126.4181323,31,0
12076,1586946366.868118,31,-1
12077,1586946809.631988,31,-1
12078,1586947178.8885002,31,-1
12079,1586947178.8894742,31,-1
12080,1586947178.890211,31,0
12081,1586947239.3912163,31,-1
12082,1586947244.394396,33,-16
12083,1586947244.4103823,2,-15
12084,1586947462.5851011,31,-1
12085,1586947462.5863004,31,-1
12086,1586947522.157329,31,0
12087,1586947542.919166,31,-1
12088,1586947542.920772,31,-1
12089,1586947569.059704,31,-1
12090,1586947569.061646,31,-1
12091,1586947569.062468,31,0
12092,1586947630.0286312,31,-7
12093,1586947630.029047,31,-1
12094,1586947638.6104681,31,-1
12095,1586947638.6114984,31,-1
12096,1586947788.090816,31,-2
12097,1586947788.095968,31,-5
12098,1586947788.0963821,31,-1
12099,1586948148.596787,31,0
12100,1586948148.5971622,31,0
12101,1586948231.438879,31,-1
12102,1586948351.1221023,31,-12
12103,1586948411.5624402,31,-1
12104,1586948530.9990792,31,-1
12105,1586948531.001954,31,-2
12106,1586948591.3566523,31,-1
12107,1586949059.0652652,33,-45
12108,1586949059.066731,34,-47
12109,1586949059.087419,2,-20
12110,1586949251.373796,31,-1
12111,1586949491.4361122,31,-1
12112,1586949491.4376082,31,-1
12113,1586949731.38792,31,-1
12114,1586949731.3892431,31,-1
12115,1586949971.395064,31,-1
12116,1586949971.396913,31,-2
12117,1586949971.523333,31,-127
12118,1586950091.3982341,31,-1
12119,1586950615.701551,33,-60
12120,1586950615.703165,34,1679298
12121,1586950615.772183,2,-68
12122,1586950631.0755942,31,0
12123,1586950691.415987,31,-1
12124,1586950691.417099,31,-1
12125,1586950931.4235392,31,-1
12126,1586950931.424683,31,-1
12127,1586951291.4340632,31,-1
12128,1586951471.4375792,31,-1
12129,1586951475.8854582,33,-32
12130,1586951475.9067063,2,-18
12131,1586951531.4415102,31,0
12132,1586952295.034204,33,-32
12133,1586952295.053498,2,-17
12134,1586952311.462854,31,0
12135,1586952731.475668,31,179910
12136,1586952971.4807272,31,-1
12137,1586952971.4819794,31,-1
12138,1586953031.484438,31,-1
12139,1586953091.4834,31,-1
12140,1586953091.4846032,31,-1
12141,1586953091.485084,31,0
12142,1586953151.5387402,31,-1
12143,1586953271.6281312,31,59913
12144,1586953511.5581431,31,-1
12145,1586953511.559434,31,-1
12146,1586953565.5478323,33,-35
12147,1586953565.5493221,34,-37
12148,1586953565.5690432,2,-18
12149,1586953571.4976242,31,-1
12150,1586953631.5537162,31,-2
12151,1586953751.5035262,31,-1
12152,1586953751.5050364,31,60048
12153,1586953811.5559292,31,-1
12154,1586953931.5113091,31,-1
12155,1586953931.512578,31,59997
12156,1586954051.465461,31,-1
12157,1586954111.5149832,31,-1
12158,1586954111.516303,31,54520
12159,1586954166.039978,31,-1
12160,1586954180.1591043,33,-41
12161,1586954180.1602573,34,6781396
12162,1586954180.178821,2,-17
12163,1586954531.5390592,31,0
12164,1586954591.529707,31,-1
12165,1586954591.531012,31,-1
12166,1586954650.4453812,31,-2
12167,1586954650.445965,31,-1
12168,1586954711.536654,31,-3
12169,1586954711.538292,31,-3
12170,1586954771.036523,31,-1
12171,1586954771.0413642,31,-4
12172,1586954831.539823,31,-1
12173,1586954831.5411482,31,-1
12174,1586954891.6939163,31,-1
12175,1586954891.6964912,31,-2
12176,1586954951.5426471,31,-1
12177,1586955006.5453663,31,-1
12178,1586955006.546152,31,64996
12179,1586955071.5450892,31,-1
12180,1586955130.669259,31,-1
12181,1586955130.6706963,31,-1
12182,1586955130.671996,31,-1
12183,1586955143.4071712,33,-51
12184,1586955143.4574432,2,-46
12185,1586955191.4083462,31,-1
12186,1586955191.4096992,31,-1
12187,1586955251.5522392,31,-1
12188,1586955431.556149,31,-1
12189,1586955450.677536,33,-38
12190,1586955450.7108092,2,-28
12191,1586955490.5028272,31,-2
12192,1586955611.5638502,31,-1
12193,1586955671.5644422,31,-1
12194,1586955731.5713582,31,-1
12195,1586955731.572555,31,-1
12196,1586955757.7798061,33,-26
12197,1586955757.7999141,2,-18
12198,1586955851.7032292,31,-1
12199,1586955851.704494,31,-1
12200,1586956030.8919232,31,-1
12201,1586956064.9956691,33,-26
12202,1586956065.0176952,2,-18
12203,1586956091.576499,31,-1
12204,1586956211.113156,31,-1
12205,1586956271.5823274,31,-1
12206,1586956331.4317503,31,-1
12207,1586956451.588952,31,-1
12208,1586956511.588509,31,-1
12209,1586956511.589683,31,-1
12210,1586956571.592485,31,-1
12211,1586956631.5975761,31,-2
12212,1586956631.5981421,31,-1
12213,1586956750.9389672,31,-1
12214,1586956750.941452,31,-2
12215,1586956803.0891223,33,-41
12216,1586956803.1095831,2,-18
12217,1586957171.674973,31,-1
12218,1586957348.7956982,31,-2
12219,1586957348.796744,31,62998
12220,1586957411.798139,31,-1
12221,1586957519.9575832,33,-48
12222,1586957519.9896681,2,-29
12223,1586957591.62184,31,-1
12224,1586957591.6229992,31,-1
12225,1586957651.624694,31,-1
12226,1586957705.577609,31,-2
12227,1586957705.5792613,31,66056
12228,1586957771.638753,31,-1
12229,1586957891.2749262,31,-1
12230,1586957951.763483,31,-1
12231,1586958071.436533,31,-3
12232,1586958071.4370942,31,60201
12233,1586958131.6417222,31,-1
12234,1586958191.0846312,31,-1
12235,1586958191.085827,31,60554
12236,1586958251.643363,31,-1
12237,1586958277.7791872,33,-42
12238,1586958277.8047361,2,-22
12239,1586958431.6501472,31,-1
12240,1586958490.8038762,31,-1
12241,1586958490.8053741,31,-1
12242,1586958584.9945383,33,-27
12243,1586958585.0174541,2,-20
12244,1586958671.661832,31,-1
12245,1586958731.722043,31,-1
12246,1586958731.723639,31,-1
12247,1586958851.664136,31,-1
12248,1586959031.281337,31,-2
12249,1586959031.283327,31,-2
12250,1586959080.3651533,31,-2
12251,1586959080.365816,31,0
12252,1586959145.6755443,31,-1
12253,1586959145.6772132,31,-1
12254,1586959145.6777163,31,0
12255,1586959240.4132943,33,-38
12256,1586959240.439887,2,-24
12257,1586959384.354124,31,-2
12258,1586959445.669755,31,-1
12259,1586959445.6708822,31,-1
12260,1586959772.6181312,33,-39
12261,1586959772.640666,2,-19
12262,1586960044.8707402,31,-1
12263,1586960345.63842,31,-1
12264,1586960347.1191242,33,-30
12265,1586960347.14103,2,-18
12266,1586960585.6957521,31,-1
12267,1586960765.405582,31,-2
12268,1586960881.3383532,31,-1
12269,1586960881.3399491,31,-1
12270,1586960961.5874453,33,-31
12271,1586960961.608509,2,-18
12272,1586961005.415497,31,-3
12273,1586961005.417535,31,-2
12274,1586961125.4890902,31,-1
12275,1586961185.7053943,31,-1
12276,1586961185.706643,31,-1
12277,1586961244.82959,31,-4
12278,1586961244.8305902,31,-4
12279,1586961305.7078261,31,-1
12280,1586961305.709249,31,-1
12281,1586961365.564951,31,-1
12282,1586961575.9961152,33,-37
12283,1586961575.99742,34,-38
12284,1586961576.017774,2,-19
12285,1586962085.780777,31,-1
12286,1586962145.605669,31,-1
12287,1586962251.986977,33,-48
12288,1586962251.9895263,34,-51
12289,1586962252.010014,2,-18
12290,1586962265.2806592,31,-1
12291,1586962324.6059852,31,-1
12292,1586962445.6387942,31,-1
12293,1586962505.726808,31,-1
12294,1586962505.72865,31,-2
12295,1586962564.4699712,31,-2
12296,1586962564.4704862,31,61352
12297,1586962625.825861,31,-1
12298,1586962682.8843613,31,-1
12299,1586962682.8855581,31,-1
12300,1586962745.753376,31,-1
12301,1586962745.754841,31,-1
12302,1586962805.477385,31,-1
12303,1586962805.4790342,31,-1
12304,1586962865.740025,31,-1
12305,1586962865.7413182,31,-1
12306,1586962925.47197,31,-2
12307,1586962925.473699,31,-2
12308,1586962984.462276,31,-1
12309,1586962984.4643369,31,-2
12310,1586963045.809801,31,-1
12311,1586963045.8118932,31,-2
12312,1586963071.3791652,33,-50
12313,1586963071.3805943,34,-51
12314,1586963071.401167,2,-18
12315,1586963105.8184922,31,-1
12316,1586963285.783195,31,-1
12317,1586963378.514569,33,-23
12318,1586963378.5153742,34,3769749
12319,1586963378.5351272,2,-18
12320,1586963465.7098062,31,-1
12321,1586963524.8007174,31,-1
12322,1586963850.2905912,33,-30
12323,1586963850.311194,2,-18
12324,1586963945.5030103,31,-2
12325,1586963945.5045052,31,-2
12326,1586964365.5370111,31,60191
12327,1586964544.8554652,31,-1
12328,1586964544.857831,31,-2
12329,1586964587.8574011,33,-37
12330,1586964587.8788562,2,-18
12331,1586964600.5622683,31,-1
12332,1586964600.563807,31,-1
12333,1586964665.7368703,31,-1
12334,1586964665.7391121,31,-2
12335,1586964725.770289,31,-2
12336,1586964725.771635,31,-1
12337,1586964784.673458,31,-1
12338,1586964784.674581,31,60857
12339,1586964905.5799413,31,-1
12340,1586964905.581221,31,-1
12341,1586964936.058517,33,-33
12342,1586964936.08499,2,-21
12343,1586965025.7613602,31,-1
12344,1586965025.7645192,31,-3
12345,1586965085.7078733,31,-1
12346,1586965145.7130332,31,-1
12347,1586965685.856069,31,-1
12348,1586965744.982793,31,-1
12349,1586965744.98419,31,-1
12350,1586965805.5628433,31,-1
12351,1586965837.2399812,33,-37
12352,1586965837.259941,2,-17
12353,1586965985.572216,31,-1
12354,1586966105.7761083,31,-1
12355,1586966105.777533,31,-1
12356,1586966165.779762,31,-1
12357,1586966165.781227,31,-1
12358,1586966280.1953552,31,-1
12359,1586966280.196499,31,-1
12360,1586966344.83866,31,-1
12361,1586966405.8179061,31,-1
12362,1586966405.819734,31,-1
12363,1586966465.7944312,31,-1
12364,1586966533.9324431,33,-47
12365,1586966533.965789,2,-29
12366,1586966585.096198,31,-2
12367,1586966644.7340362,31,-3
12368,1586966644.734559,31,-2
12369,1586966705.80485,31,-1
12370,1586966705.8072772,31,-2
12371,1586966841.0809002,33,-28
12372,1586966841.1015851,2,-18
12373,1586966885.8212643,31,-1
12374,1586966885.8224573,31,-1
12375,1586966944.9079952,31,-1
12376,1586966944.9090443,31,-1
12377,1586967005.8128142,31,-1
12378,1586967005.814022,31,-1
12379,1586967148.29007,33,-25
12380,1586967148.3126652,2,-19
12381,1586967425.9873652,31,0
12382,1586967457.1100712,33,-17
12383,1586967457.110362,34,-17
12384,1586967457.1393511,2,-21
12385,1586967486.0277221,31,-1
12386,1586967486.03471,31,-7
12387,1586967486.035286,31,-1
12388,1586967545.074819,31,-1
12389,1586967545.07592,31,-1
12390,1586967606.03482,31,0
12391,1586967606.0356412,31,0
12392,1586967666.037789,31,0
12393,1586967666.0384011,31,0
12394,1586967726.035946,31,-3
12395,1586967726.0371451,31,-2
12396,1586967765.1817741,33,-26
12397,1586967765.1824102,34,-27
12398,1586967765.2208672,2,-36
12399,1586967786.0359783,31,-1
12400,1586967786.0413423,31,-5
12401,1586967845.727199,31,-1
12402,1586967845.72816,31,-1
12403,1586967905.6381211,31,-1
12404,1586967965.105967,31,-1
12405,1586968025.8406422,31,-1
12406,1586968025.8421392,31,-1
12407,1586968068.970418,33,-15
12408,1586968068.9709232,34,-15
12409,1586968068.9800982,2,-8
12410,1586968085.649682,31,-4
12411,1586968145.955737,31,-1
12412,1586968224.7121463,31,-1
12413,1586968224.715425,31,-3
12414,1586968287.2849262,31,-29
12415,1586968287.2878833,31,-1
12416,1586968287.289585,31,-1
12417,1586968346.1265092,31,-1
12418,1586968407.2806332,31,-3
12419,1586968407.2826233,31,-3
12420,1586968467.137475,31,-1
12421,1586968587.0367312,31,-1
12422,1586968767.229075,31,300094
12423,1586968826.8732743,33,-40
12424,1586968826.8749852,34,1945736
12425,1586968826.8951821,2,-19
12426,1586969127.119878,31,-3
12427,1586969134.043426,33,-29
12428,1586969134.0669951,2,-20
12429,1586969427.243083,31,-1
12430,1586969441.2754912,33,-28
12431,1586969441.2975101,2,-19
12432,1586969666.580285,31,-1
12433,1586969727.2635512,31,660077
12434,1586969953.3688161,33,-31
12435,1586969953.39522,2,-23
12436,1586970772.6575913,33,-46
12437,1586970772.6815033,2,-20
12438,1586970807.386888,31,-1
12439,1586970867.0463622,31,-6
12440,1586971287.290178,31,-1
12441,1586971287.2915192,31,-1
12442,1586971715.778933,33,-62
12443,1586971715.7801862,34,-63
12444,1586971715.8011203,2,-19
12445,1586971887.4539762,31,239412
12446,1586972247.4637382,31,-1
12447,1586972637.508915,33,-38
12448,1586972637.5100522,34,-39
12449,1586972637.5332732,2,-21
12450,1586972786.883222,31,-1
12451,1586972786.8836741,31,0
12452,1586972786.8841963,31,0
12453,1586972847.3674412,31,-1
12454,1586972847.369442,31,-2
12455,1586972907.30547,31,-1
12456,1586972944.680707,33,-33
12457,1586972944.681726,34,3523627
12458,1586972944.7186441,2,-35
12459,1586973387.179289,31,-1
12460,1586974287.401997,31,-1
12461,1586974347.245088,31,-1
12462,1586974527.520134,31,-3
12463,1586974527.521741,31,-3
12464,1586974747.8643382,33,-43
12465,1586974747.9021711,2,-34
12466,1586974767.4092221,31,-1
12467,1586974947.1485322,31,-1
12468,1586974947.149775,31,-1
12469,1586975067.228346,31,-1
12470,1586975403.391767,33,-37
12471,1586975403.4233992,2,-29
12472,1586975487.4583411,31,180038
12473,1586976267.188049,31,-1
12474,1586976387.472573,31,-1
12475,1586976468.3562512,33,-46
12476,1586976468.382946,2,-24
12477,1586976507.390192,31,-1
12478,1586976927.2063313,31,-1
12479,1586976927.2075992,31,-1
12480,1586977167.6029682,31,-1
12481,1586977390.036406,33,-39
12482,1586977390.0376592,34,4199414
12483,1586977390.0601583,2,-21
12484,1586977527.5250072,31,-1
12485,1586977721.1750112,31,-1
12486,1586977721.1762362,31,-1
12487,1586977804.3887372,31,-1
12488,1586977804.390749,31,-2
12489,1586977865.432655,31,-2
12490,1586977865.438744,31,-6
12491,1586977865.439547,31,-2
12492,1586977985.559136,31,-1
12493,1586978004.525598,33,-42
12494,1586978004.547805,2,-19
12495,1586978063.135699,31,-1
12496,1586978063.136965,31,-1
12497,1586978844.9381351,33,-39
12498,1586978844.9596882,2,-19
12499,1586979011.6117132,31,-2
12500,1586979011.6169972,31,-5
12501,1586979011.617659,31,-1
12502,1586979215.247664,31,-1
12503,1586979215.2495623,31,-2
12504,1586979300.877853,31,-3
12505,1586979300.879956,31,-3
12506,1586979361.2225912,31,-2
12507,1586979361.226295,31,-4
12508,1586979361.2269611,31,-1
12509,1586979375.855112,31,-1
12510,1586979436.6239831,31,-1
12511,1586979436.625394,31,-1
12512,1586979436.6260011,31,0
12513,1586979436.6281142,31,-1
12514,1586979436.6314912,31,-3
12515,1586979461.226705,31,-2
12516,1586979461.228405,31,-2
12517,1586979461.229566,31,-1
12518,1586979522.304624,31,-1
12519,1586979522.3060503,31,-1
12520,1586979547.642749,31,-1
12521,1586979547.646038,31,-3
12522,1586979547.6465662,31,-1
12523,1586979608.6630583,31,-2
12524,1586979608.6705222,31,-8
12525,1586979608.6711502,31,-1
12526,1586979684.7036872,33,-54
12527,1586979684.726656,2,-19
12528,1586979708.2304392,31,-1
12529,1586979708.233539,31,-3
12530,1586979828.508832,31,-2
12531,1586979888.4632132,31,-1
12532,1586979947.8960862,31,-1
12533,1586980008.1919723,31,-1
12534,1586980081.4781423,31,-1
12535,1586980148.231666,31,-2
12536,1586980208.2944741,31,-1
12537,1586980548.2089841,31,-1
12538,1586980562.0438452,31,-1
12539,1586980583.8958483,31,-3
12540,1586980584.022802,31,-127
12541,1586980584.023364,31,-125
12542,1586980632.568913,31,-2
12543,1586980632.570023,31,-1
12544,1586980638.269206,31,-2
12545,1586980638.270911,31,-1
12546,1586980647.3033123,33,-41
12547,1586980647.326477,2,-20
12548,1586980699.21196,31,-1
12549,1586980699.213422,31,-1
12550,1586980699.213944,31,0
12551,1586980712.701311,31,-1
12552,1586980712.7023652,31,-1
12553,1586980737.6229792,31,-1
12554,1586980737.624947,31,-2
12555,1586980798.4806502,31,-4
12556,1586980798.481173,31,-4
12557,1586980918.6727211,31,240045
12558,1586981589.4904902,33,-38
12559,1586981589.5161371,2,-21
12560,1586982655.2013292,33,-44
12561,1586982655.2031932,34,-46
12562,1586982655.2243211,2,-20
12563,1586982991.2358942,31,-2
12564,1586982991.236509,31,0
12565,1586983269.9171572,33,-41
12566,1586983269.918468,34,-43
12567,1586983269.939898,2,-19
12568,1586984375.85535,33,-41
12569,1586984375.8588452,34,-45
12570,1586984375.877553,2,-19
12571,1586984462.2258182,31,48883
12572,1586985010.7279432,33,-38
12573,1586985010.729226,34,-40
12574,1586985010.7504802,2,-19
12575,1586985256.020225,31,-2
12576,1586985256.025229,31,-5
12577,1586985256.026032,31,-1
12578,1586985321.395144,31,-1
12579,1586985321.3958862,31,-1
12580,1586985441.4829261,31,-1
12581,1586985441.484601,31,0
12582,1586985560.9702942,31,-1
12583,1586985575.4955664,31,-3
12584,1586985575.496066,31,-1
12585,1586985602.131031,31,-1
12586,1586985602.1321592,31,-1
12587,1586985662.921668,31,-1
12588,1586985782.8735752,31,119862
12589,1586985871.6406898,33,-47
12590,1586985871.6420379,34,-48
12591,1586985871.66462,2,-20
12592,1586985902.738464,31,-1
12593,1586986082.992485,31,-1
12594,1586986137.6154342,31,-2
12595,1586986137.6180851,31,-3
12596,1586986137.6186242,31,0
12597,1586986198.3976703,31,-2
12598,1586986407.7542381,31,-1
12599,1586986407.75775,31,-2
12600,1586986407.758391,31,-1
12601,1586986470.7655,31,-1
12602,1586986470.766668,31,-1
12603,1586986470.767159,31,0
12604,1586986531.5125332,31,-1
12605,1586986711.4356081,31,-1
12606,1586986770.9801693,31,-1
12607,1586986916.2104561,33,-50
12608,1586986916.213068,34,901059
12609,1586986916.233304,2,-19
12610,1586987311.7735953,31,-1
12611,1586987311.7777834,31,-4
12612,1586987817.3145761,33,-41
12613,1586987817.5231912,2,-203
12614,1586988151.6780782,31,-1
12615,1586988151.6795342,31,-1
12616,1586988271.509704,31,300298
12617,1586988870.832009,31,-2
12618,1586988931.6215541,31,-2
12619,1586989051.331154,31,-1
12620,1586989124.1297402,31,-1
12621,1586989124.1310072,31,-1
12622,1586989204.0705771,33,-261
12623,1586989204.076478,34,-267
12624,1586989204.142756,2,-61
12625,1586989472.981861,31,-2
12626,1586989528.530333,33,-7
12627,1586989528.5305462,34,6734797
12628,1586989528.536522,2,-5
12629,1586989872.2365413,33,-40
12630,1586989872.2870793,2,-31
12631,1586990149.9111621,31,-1
12632,1586990149.912621,31,-1
12633,1586990396.664693,33,-10
12634,1586990396.675162,2,-9
12635,1586990401.4977021,31,-1
12636,1586990467.500979,31,-2
12637,1586990467.502062,31,-1
12638,1586990482.7965903,31,-1
12639,1586990482.7985773,31,-1
12640,1586990496.1792212,31,-1
12641,1586990541.2499552,31,-1
12642,1586990541.251884,31,-1
12643,1586990602.2903333,31,-2
12644,1586990602.2940693,31,-4
12645,1586990602.2946844,31,0
12646,1586990696.1278782,31,-2
12647,1586990696.1295912,31,-1
12648,1586990696.1303492,31,0
12649,1586991005.0123332,33,-9
12650,1586991005.025736,2,-12
12651,1586991165.5565991,31,-1
12652,1586991733.070499,31,-1
12653,1586991991.592845,33,-7
12654,1586991991.601808,2,-7
12655,1586992313.4070191,31,-1
12656,1586992846.6647491,33,-8
12657,1586992846.6804762,2,-14
12658,1586993027.9514961,31,-2
12659,1586993027.952064,31,-1
12660,1586993977.913971,33,-10
12661,1586993977.9235082,2,-8
12662,1586994706.1041632,31,-1
12663,1586994706.1054783,31,-1
12664,1586995838.4193563,33,-189
12665,1586995838.4662533,2,-214
12666,1586995954.466816,31,-1
12667,1586996263.3353863,33,-7
12668,1586996263.343995,2,-8
12669,1586996563.975853,31,-1
12670,1586996563.977054,31,-1
12671,1586997035.23487,33,-10
12672,1586997035.235209,34,-10
12673,1586997035.255912,2,-20
12674,1586997199.8141282,31,-1
12675,1586997764.5033512,31,-1
12676,1586998318.8259482,33,-26
12677,1586998318.8266761,34,-27
12678,1586998318.8614192,2,-32
12679,1586998564.7235413,31,-2
12680,1586998564.728322,31,-5
12681,1586998564.7291923,31,-1
12682,1586998622.6076212,33,-19
12683,1586998622.608286,34,-20
12684,1586998622.622451,2,-13
12685,1586998624.749939,31,-1
12686,1586998624.753889,31,-4
12687,1586998624.755182,31,-3
12688,1586998744.869388,31,0
12689,1586998744.870249,31,0
12690,1586998744.871193,31,-1
12691,1586998804.732582,31,-1
12692,1586998864.735429,31,-1
12693,1586998864.7366831,31,-1
12694,1586998924.5226712,31,-1
12695,1586998924.523038,31,-1
12696,1586998930.439558,33,-9
12697,1586998930.439841,34,2707662
12698,1586998930.470272,2,-29
12699,1586998984.7383,31,-1
12700,1586998984.74265,31,-4
12701,1586999044.7419522,31,-2
12702,1586999044.7435312,31,0
12703,1586999217.1964312,31,-1
12704,1586999217.19777,31,440374
12705,1586999323.79025,33,-9
12706,1586999323.797377,2,-6
12707,1586999650.264781,33,361640
12708,1586999650.27132,2,-5
12709,1586999657.5750203,31,-1
12710,1586999858.649022,31,-2
12711,1586999858.6496391,31,-2
12712,1587000011.9245353,2,-8
12713,1587000350.605833,33,-6
12714,1587000350.6419392,2,-35
12715,1587000698.2780592,2,-11
12716,1587000698.3029392,33,-11
12717,1587000762.804348,31,-3
12718,1587000762.8066382,31,-2
12719,1587000824.3555193,31,-1
12720,1587000824.3570411,31,-1
12721,1587001018.052918,2,-51
12722,1587001018.0750701,33,-13
12723,1587001272.7266881,31,-1
12724,1587001272.729897,31,-3
12725,1587001331.199438,2,-14
12726,1587001331.225369,33,-12
12727,1587001392.7669363,31,0
12728,1587001512.7491312,31,-1
12729,1587001608.747456,31,-1
12730,1587001608.748593,31,-1
12731,1587001638.0886612,2,-18
12732,1587001638.1290781,33,-26
12733,1587002155.8710232,31,-1
12734,1587002575.7616563,31,0
12735,1587002575.7621872,31,0
12736,1587003276.782476,31,-1
12737,1587003276.783874,31,-1
12738,1587003453.935177,2,-139
12739,1587003453.937576,33,-13
12740,1587003453.938942,34,-14
12741,1587003585.545,31,-2
12742,1587004460.5860953,31,-1
12743,1587005213.161141,2,-10
12744,1587005213.1986141,33,-11
12745,1587005213.198892,34,770894
12746,1587005228.658754,31,0
12747,1587005228.659202,31,0
12748,1587005408.6602502,31,0
12749,1587005541.4614983,2,-6
12750,1587005541.50104,33,-23
12751,1587005984.0740333,2,-16
12752,1587005984.1080823,33,-14
12753,1587006159.7529073,31,-2
12754,1587006159.7542102,31,-1
12755,1587006808.2127542,2,-17
12756,1587006808.2338443,33,-9
12757,1587006808.2380462,34,-13
12758,1587008954.124495,2,-9
12759,1587008954.1514192,33,-12
12760,1587008954.1522222,34,18564623
12761,1587009046.9981983,31,-1
12762,1587009047.0006614,31,-2
12763,1587009338.335598,2,-17
12764,1587009338.362927,33,-13
12765,1587009402.282072,31,-1
12766,1587009871.6227312,31,-1
12767,1587010301.0779321,31,-1
12768,1587010301.0797882,31,0
12769,1587010647.6999462,31,0
12770,1587010785.827176,31,-1
12771,1587010785.828479,31,-1
12772,1587011186.2305431,2,-52
12773,1587011186.301066,33,-46
12774,1587011568.618391,31,-1
12775,1587012372.249679,31,-1
12776,1587013131.370296,31,-1
12777,1587013491.262737,2,-34
12778,1587013491.288231,33,-13
12779,1587013637.149147,31,-1
12780,1587014949.892806,31,0
12781,1587015414.2083092,2,-9
12782,1587015414.25237,33,-9
12783,1587016006.400352,31,-1
12784,1587016338.302473,31,634934
12785,1587017304.04003,2,-7
12786,1587017304.0692122,33,-12
12787,1587017347.4098022,31,-1
12788,1587017684.568552,2,-10
12789,1587017684.5948532,33,-11
12790,1587017927.410361,31,-1
12791,1587017999.094489,2,-20
12792,1587017999.1493042,33,437033
12793,1587018436.155261,2,-7
12794,1587018709.9484653,31,-1
12795,1587018878.585763,2,-8
12796,1587018878.615457,33,-21
12797,1587019510.153194,2,-8
12798,1587019510.180485,33,-10
12799,1587019647.5089073,31,-1
12800,1587019839.104106,2,-6
12801,1587019839.154397,33,-34
12802,1587020249.871078,2,-7
12803,1587020249.892025,33,-8
12804,1587020252.7925642,31,-2
12805,1587020743.912489,2,-11
12806,1587020743.944829,33,-7
12807,1587020806.2549143,31,-1
12808,1587020806.2562323,31,-1
12809,1587021410.6110792,2,-9
12810,1587021410.6280541,33,-7
12811,1587021468.6627922,31,-1
12812,1587021975.444812,2,-127
12813,1587021975.445193,33,-88
12814,1587021976.8514752,31,0
12815,1587022721.4041631,31,-1
12816,1587022739.7125762,2,-250
12817,1587022739.7134352,33,-147
12818,1587023526.0409641,31,-1
12819,1587023618.78621,2,-14
12820,1587023618.88595,33,-80
12821,1587023698.628748,31,-2
12822,1587023698.6308851,31,-2
12823,1587024263.342348,31,-1
12824,1587024263.344053,31,-1
12825,1587024706.3645592,31,0
12826,1587025321.689795,31,-1
12827,1587025598.865101,2,-9
12828,1587025598.8842893,33,-11
12829,1587025668.737093,31,0
12830,1587026565.3699012,31,552335
12831,1587027518.768829,2,-10
12832,1587027518.782752,33,-6
12833,1587027731.8454442,31,-1
12834,1587028199.98349,31,-1
12835,1587029235.9798682,31,-1
12836,1587029438.823847,2,-10
12837,1587029438.854695,33,-19
12838,1587029438.855219,34,-20
12839,1587030463.657917,31,-1
12840,1587031012.5349472,31,-1
12841,1587031324.155663,2,-22
12842,1587031324.1814642,33,-17
12843,1587031324.182115,34,1954696
12844,1587032387.465912,31,-1
12845,1587032387.4680963,31,-2
12846,1587033278.8706682,2,-22
12847,1587033278.8880022,33,-9
12848,1587034006.9789722,31,-1
12849,1587034006.9802692,31,-1
12850,1587034104.8229094,31,-1
12851,1587034824.833342,31,-1
12852,1587034883.8028722,31,-1
12853,1587035080.969759,2,-106
12854,1587035081.047801,33,-48
12855,1587035081.052572,34,2375795
12856,1587035244.8477783,31,-1
12857,1587036204.8694372,31,-1
12858,1587036264.949572,31,0
12859,1587036883.5845451,2,-299
12860,1587036883.585627,33,-226
12861,1587037344.4141011,31,-1
12862,1587037404.9432392,31,-1
12863,1587037404.945766,31,-2
12864,1587037456.806386,2,-41
12865,1587037456.9580712,33,-110
12866,1587037464.542231,31,-1
12867,1587037524.9195652,31,-1
12868,1587037644.9114223,31,-1
12869,1587037704.5994272,31,-1
12870,1587037764.863682,2,-46
12871,1587037764.9021502,33,-14
12872,1587037764.9024749,34,-15
12873,1587037945.063914,31,-5
12874,1587038004.0121253,31,0
12875,1587038004.0126503,31,0
12876,1587038065.5920362,31,-4
12877,1587038065.592175,31,0
12878,1587038072.4088151,2,-130
12879,1587038072.4442081,33,-20
12880,1587038072.4492931,34,307455
12881,1587038124.939396,31,0
12882,1587038364.9475782,31,-1
12883,1587038379.8899772,2,-16
12884,1587038379.9259663,33,-21
12885,1587038425.062447,31,-1
12886,1587038484.5348232,31,120403
12887,1587038604.9435782,31,240133
12888,1587038687.286966,2,-31
12889,1587038687.318097,33,-28
12890,1587038687.3204231,34,-30
12891,1587038845.0862901,31,-1
12892,1587038905.03546,31,-4
12893,1587038905.4359832,31,-400
12894,1587038964.898087,31,-8
12895,1587038964.8990402,31,-6
12896,1587038995.3140352,2,-162
12897,1587038995.4614263,33,-134
12898,1587038995.462407,34,-135
12899,1587039024.0005462,31,-1
12900,1587039085.03546,31,-12
12901,1587039143.997836,31,-54
12902,1587039144.0091472,31,-13
12903,1587039204.2014701,31,-1
12904,1587039204.201888,31,-1
12905,1587039264.946567,31,-1
12906,1587039264.9483821,31,-2
12907,1587039264.9494133,31,-1
12908,1587039304.2670941,2,-293
12909,1587039304.29249,33,-16
12910,1587039304.296152,34,-20
12911,1587039325.112864,31,-1
12912,1587039385.1025982,31,-1
12913,1587039385.103127,31,-1
12914,1587039444.4546893,31,-1
12915,1587039444.4559243,31,-1
12916,1587039504.594698,31,-129
12917,1587039504.844201,31,-260
12918,1587039565.1283371,31,-1
12919,1587039565.1312532,31,-3
12920,1587039611.5302722,2,-143
12921,1587039611.5568812,33,-16
12922,1587039611.5577283,34,-17
12923,1587039625.112488,31,-1
12924,1587039625.115161,31,-2
12925,1587039804.9961262,31,0
12926,1587039804.9967332,31,0
12927,1587039865.1260452,31,0
12928,1587040045.122086,31,-1
12929,1587040165.027276,31,120101
12930,1587040405.1340833,31,-1
12931,1587041005.016636,31,-2
12932,1587041125.156715,31,-1
12933,1587041365.1584373,31,-2
12934,1587041414.1875043,2,-122
12935,1587041414.2185252,33,-19
12936,1587041414.232422,34,-33
12937,1587041778.576798,31,-1
12938,1587041778.580542,31,-3
12939,1587041792.2729492,31,-1
12940,1587041812.3014262,31,-1
12941,1587041812.3026211,31,60976
12942,1587041904.277929,31,-1
12943,1587041904.2790022,31,-1
12944,1587041918.170332,31,-2
12945,1587041918.172338,31,-2
12946,1587041918.1728292,31,0
12947,1587041967.346961,31,-4
12948,1587041967.347377,31,-3
12949,1587041975.900768,31,-1
12950,1587041975.9033961,31,-2
12951,1587041975.9037971,31,0
12952,1587042033.3549643,31,-1
12953,1587042033.358675,31,-3
12954,1587042055.6601982,31,-2
12955,1587042055.6613932,31,-2
12956,1587042055.661745,31,0
12957,1587042075.3306572,31,0
12958,1587042075.3311853,31,0
12959,1587042104.896541,31,-1
12960,1587042104.8968482,31,0
12961,1587042165.9237492,31,-1
12962,1587042165.9259381,31,-2
12963,1587042165.9265642,31,0
12964,1587042225.1895432,31,0
12965,1587042225.189901,31,0
12966,1587042402.795622,31,-1
12967,1587042416.8227482,31,0
12968,1587042416.824022,31,-1
12969,1587042477.9366393,31,0
12970,1587042477.93787,31,-1
12971,1587042477.9391172,31,-1
12972,1587042597.294116,31,0
12973,1587042657.4153621,31,-1
12974,1587042657.416567,31,-1
12975,1587042897.9402032,31,0
12976,1587043197.961816,31,-1
12977,1587043216.2253392,2,-50
12978,1587043216.2518883,33,-19
12979,1587043216.2535343,34,-20
12980,1587043377.977468,31,-1
12981,1587043377.9787161,31,-1
12982,1587043557.9790912,31,-1
12983,1587043557.979279,31,0
12984,1587043917.649594,31,-1
12985,1587043977.6512182,31,-1
12986,1587044037.163551,31,-1
12987,1587044098.00882,31,-1
12988,1587044117.6415,2,-68
12989,1587044117.6683152,33,-12
12990,1587044117.6709971,34,-15
12991,1587044157.995604,31,-4
12992,1587044157.997892,31,-4
12993,1587044157.9981651,31,-3
12994,1587044278.0292354,31,-1
12995,1587044337.259334,31,-1
12996,1587044424.6618662,2,-34
12997,1587044424.6960762,33,-18
12998,1587044424.696671,34,-19
12999,1587044578.0257173,31,-1
13000,1587044877.994007,31,-3
13001,1587044877.994563,31,-2
13002,1587045057.42613,31,-1
13003,1587045178.043023,31,-1
13004,1587045357.4560552,31,0
13005,1587045418.052884,31,-1
13006,1587045537.075653,31,-1
13007,1587045537.0771952,31,-1
13008,1587045540.840351,2,-61
13009,1587045540.879508,33,-18
13010,1587045540.994639,34,-133
13011,1587045598.0328593,31,0
13012,1587045598.0335493,31,0
13013,1587045657.094008,31,-1
13014,1587045717.2842002,31,120504
13015,1587045848.6292973,2,-8
13016,1587045848.6574383,33,-15
13017,1587045848.65773,34,4946795
13018,1587046078.0534782,31,-2
13019,1587046138.0680912,31,299957
13020,1587046156.4806633,2,-78
13021,1587046156.4991512,33,-13
13022,1587046464.346045,2,-86
13023,1587046464.4013412,33,-40
13024,1587046678.0718431,31,-1
13025,1587046772.140399,2,-12
13026,1587046772.1646962,33,-12
13027,1587046858.031878,31,0
13028,1587047037.806191,31,-4
13029,1587047080.0709991,2,-8
13030,1587047080.094387,33,-12
13031,1587047157.8199072,31,0
13032,1587047278.0523539,31,0
13033,1587047388.0141292,2,-27
13034,1587047388.029356,33,-12
13035,1587047397.965568,31,0
13036,1587047695.8680792,2,-8
13037,1587047695.8951192,33,-13
13038,1587047698.0729642,31,-1
13039,1587047997.6670213,31,-1
13040,1587047997.6685252,31,-1
13041,1587048003.7425113,2,-13
13042,1587048003.7680392,33,-13
13043,1587048057.484754,31,-1
13044,1587048311.566987,2,-6
13045,1587048311.591056,33,-11
13046,1587048478.123168,31,-2
13047,1587048478.123866,31,-1
13048,1587048620.1615713,2,-13
13049,1587048620.183535,33,-11
13050,1587048718.129008,31,-1
13051,1587048718.130217,31,-1
13052,1587048898.087718,31,0
13053,1587048898.0879762,31,0
13054,1587048928.031891,2,-8
13055,1587048928.0666323,33,-22
13056,1587049197.8568022,31,-1
13057,1587049197.8603172,31,-2
13058,1587049235.9552183,2,-22
13059,1587049235.9768343,33,-13
13060,1587049258.071711,31,-2
13061,1587049377.8011122,31,-3
13062,1587049497.7011292,31,0
13063,1587049543.9028661,2,-150
13064,1587049543.9366603,33,-20
13065,1587049678.1608582,31,60021
13066,1587049851.6889353,2,-142
13067,1587049851.6890981,33,-103
13068,1587049857.92305,31,-1
13069,1587049917.921926,31,-1
13070,1587049917.9229922,31,0
13071,1587049977.8360791,31,-1
13072,1587049977.838123,31,-1
13073,1587050098.1466331,31,-1
13074,1587050159.361002,2,-6
13075,1587050159.385404,33,-11
13076,1587050398.179248,31,-1
13077,1587050398.18045,31,-1
13078,1587050487.7104402,2,-29
13079,1587050487.7355042,33,-12
13080,1587050578.1635823,31,-1
13081,1587050795.441764,2,-8
13082,1587050795.4653082,33,-12
13083,1587050998.140675,31,0
13084,1587051178.206819,31,-1
13085,1587051238.203427,31,-2
13086,1587051238.204008,31,60001
13087,1587051307.809997,2,-186
13088,1587051307.881741,33,-62
13089,1587051307.8934531,34,634950
13090,1587051357.915337,31,-1
13091,1587051357.9174562,31,-1
13092,1587051417.884913,31,0
13093,1587051417.8850813,31,0
13094,1587051478.1898332,31,-1
13095,1587051478.191894,31,-2
13096,1587051538.227755,31,0
13097,1587051538.2280262,31,0
13098,1587051614.9038222,2,-10
13099,1587051614.9377832,33,-19
13100,1587051657.308237,31,60739
13101,1587051838.1720371,31,-1
13102,1587051893.9628792,31,-8
13103,1587051893.9629931,31,-8
13104,1587051942.824731,2,-65
13105,1587051942.943741,33,-100
13106,1587052018.2235682,31,-1
13107,1587052078.16119,31,0
13108,1587052138.150013,31,0
13109,1587052138.1501691,31,0
13110,1587052250.0482972,2,-33
13111,1587052250.079453,33,-19
13112,1587052562.4581282,31,-1
13113,1587052562.461327,31,60428
13114,1587052742.8371341,31,-1
13115,1587052862.9117002,31,-2
13116,1587052862.9119663,31,0
13117,1587053081.2271943,33,-38
13118,1587053081.2364662,34,-47
13119,1587053081.4339943,2,-189
13120,1587053102.909459,31,-1
13121,1587053102.9116461,31,-2
13122,1587053162.8462162,31,0
13123,1587053222.7257512,31,0
13124,1587053222.7259202,31,0
13125,1587053403.0124164,31,0
13126,1587053403.0126672,31,0
13127,1587053552.8966503,33,-46
13128,1587053552.8973482,34,-47
13129,1587053552.928563,2,-59
13130,1587053860.4330761,33,-5
13131,1587053860.4333572,34,615348
13132,1587053860.4504933,2,-7
13133,1587054001.9378512,31,0
13134,1587054168.0277011,33,-26
13135,1587054168.034681,2,-19
13136,1587054475.7893412,33,-7
13137,1587054475.8069983,2,-7
13138,1587054602.8894272,31,-1
13139,1587055022.9545841,31,119989
13140,1587055142.188604,33,-9
13141,1587055142.1919813,34,-13
13142,1587055142.267291,2,-68
13143,1587055323.047213,31,0
13144,1587055450.2534432,33,-6
13145,1587055450.2536561,34,-6
13146,1587055450.2631702,2,-7
13147,1587055622.9279652,31,0
13148,1587055622.9284241,31,0
13149,1587055682.0409503,31,0
13150,1587056042.7853892,31,0
13151,1587056102.9328492,31,0
13152,1587056582.9870563,31,-1
13153,1587056763.0274234,31,120026
13154,1587057182.9696193,31,-1
13155,1587057256.1495533,33,-15
13156,1587057256.1527061,34,-18
13157,1587057256.2258701,2,-65
13158,1587057483.114387,31,0
13159,1587057542.980977,31,0
13160,1587058142.6977491,31,0
