ID,timestamp,DistributionID,StartOffset
22609,1586835977.6318922,25,0
22611,1586837142.7106252,25,0
22612,1586837142.711185,30,0
22613,1586837142.7229252,25,0
22614,1586837142.7234483,30,0
22615,1586837142.7247863,25,0
22616,1586837142.7252913,30,0
22617,1586837142.7257142,25,0
22618,1586837142.726056,30,-1
22619,1586839710.708468,25,0
22620,1586839710.709041,30,0
22621,1586839710.7106643,25,0
22622,1586839710.7113023,30,0
22623,1586840481.9108582,25,0
22624,1586840481.9114323,30,0
22625,1586840481.9122562,25,-1
22626,1586840481.9126573,30,-1
22627,1586840660.1575103,25,0
22628,1586840660.1580873,30,0
22629,1586840660.1620672,25,0
22630,1586840660.1625962,30,0
22631,1586840819.4630752,25,0
22632,1586840819.4641662,30,-1
22633,1586840819.464704,25,-1
22634,1586840819.465242,30,-2
22635,1586843030.535226,25,0
22636,1586843030.535407,30,0
22637,1586843030.53584,25,0
22638,1586843030.5359683,30,0
22639,1586844001.682425,25,0
22640,1586844001.68302,30,0
22641,1586844001.6848912,25,0
22642,1586844001.6855283,30,0
22643,1586844388.5392342,25,0
22644,1586844388.5398662,30,0
22645,1586844388.5503473,25,0
22646,1586844388.5510082,30,0
22647,1586846707.7141023,25,0
22648,1586846707.7146642,30,0
22649,1586846707.7162921,25,0
22650,1586846707.7168794,30,0
22651,1586847758.9574351,25,-1
22652,1586847758.9582372,30,-2
22653,1586847758.964736,25,0
22654,1586847758.9652462,30,0
22655,1586847758.9716082,25,-1
22656,1586847758.9720922,30,-2
22657,1586847758.9725401,25,-2
22658,1586847758.972897,30,-2
22659,1586847844.459727,25,0
22660,1586847844.460294,30,0
22661,1586847844.462122,25,0
22662,1586847844.462568,30,0
22663,1586850142.5948129,25,0
22664,1586850142.595933,30,-1
22665,1586850142.5977201,25,0
22666,1586850142.5991,30,-1
22667,1586850333.7701392,25,0
22668,1586850333.7707052,30,0
22669,1586850333.7711563,25,0
22670,1586850333.771512,30,-1
22671,1586851428.9538832,25,0
22672,1586851428.9546123,30,-1
22673,1586851428.965713,25,0
22674,1586851428.9662242,30,0
22675,1586851428.967577,25,0
22676,1586851428.968072,30,0
22677,1586851428.9684982,25,0
22678,1586851428.9688492,30,-1
22679,1586853950.214883,25,0
22680,1586853950.215836,30,-1
22681,1586853950.2172623,25,0
22682,1586853950.2177181,30,0
22683,1586854981.020803,25,0
22684,1586854981.021408,30,0
22685,1586854981.027316,25,0
22686,1586854981.028358,30,-1
22687,1586854981.0330062,25,0
22688,1586854981.0335062,30,0
22689,1586854981.034492,25,-1
22690,1586854981.035761,30,-2
22691,1586855506.0526552,25,0
22692,1586855506.0532432,30,0
22693,1586855506.055036,25,0
22694,1586855506.055563,30,0
22695,1586857438.410149,25,0
22696,1586857438.4107301,30,0
22697,1586857438.412846,25,0
22698,1586857438.413294,30,0
22699,1586858402.749093,25,-1
22700,1586858402.7496622,30,-1
22701,1586858402.7529721,25,0
22702,1586858402.7556162,30,-3
22703,1586858818.8317962,25,0
22704,1586858818.833108,30,-1
22705,1586858818.8497422,25,0
22706,1586858818.8505251,30,-1
22707,1586860365.0603402,25,-2
22708,1586860365.06153,30,-3
22709,1586860365.0619972,25,-1
22710,1586860365.0623512,30,-2
22711,1586860469.282867,8,-10
22712,1586860493.9098682,8,0
22713,1586860878.5122542,25,-5
22714,1586860878.5128043,30,-5
22715,1586860878.5132692,25,-2
22716,1586860878.5136142,30,-2
22717,1586861479.48035,25,0
22718,1586861479.4813502,30,-1
22719,1586861479.4818902,25,-1
22720,1586861479.4822812,30,-1
22721,1586862006.247347,25,0
22722,1586862006.2479243,30,-1
22723,1586862006.24964,25,0
22724,1586862006.2501051,30,0
22725,1586862211.362543,25,0
22726,1586862211.3631082,30,0
22727,1586862211.364831,25,0
22728,1586862211.3657012,30,-1
22729,1586862645.716936,8,-3
22730,1586862645.719571,8,0
22731,1586863533.927711,25,-22
22732,1586863533.928328,30,-22
22733,1586863533.928878,25,-21
22734,1586863533.9293191,30,-21
22735,1586864472.0887122,25,0
22736,1586864472.0895061,30,-1
22737,1586864477.4883652,25,0
22738,1586864477.4891481,30,-1
22739,1586865410.416763,1,-237
22740,1586865412.1251192,25,0
22741,1586865412.1255162,30,0
22742,1586865412.1288571,25,0
22743,1586865412.1298523,30,-1
22744,1586865414.2977362,1,0
22745,1586865432.1794863,25,0
22746,1586865432.1800401,30,0
22747,1586865432.1885653,25,0
22748,1586865432.189187,30,0
22749,1586865434.5677102,1,-53
22750,1586865440.316982,1,-77
22751,1586865457.518979,1,-35
22752,1586865462.2796159,1,0
22753,1586865588.7818213,25,0
22754,1586865588.782547,30,-1
22755,1586865588.783051,25,-1
22756,1586865588.783426,30,-1
22757,1586865974.4365182,8,-1
22758,1586865980.331669,8,0
22759,1586867862.012731,1,-64
22760,1586867864.2269402,1,0
22761,1586867867.227766,25,-2
22762,1586867867.228345,30,-3
22763,1586867867.2328362,25,0
22764,1586867867.233318,30,0
22765,1586868091.7309704,25,0
22766,1586868091.7315493,30,0
22767,1586868091.734291,25,0
22768,1586868091.735248,30,-1
22769,1586868225.8941522,1,-5
22770,1586868226.447818,25,0
22771,1586868226.4480772,30,0
22772,1586868226.448806,25,0
22773,1586868226.449335,30,0
22774,1586868231.270074,1,-270
22775,1586868237.619978,7,-25
22776,1586868253.2689981,1,0
22777,1586868254.6525183,25,0
22778,1586868254.652924,30,0
22779,1586868254.6561282,25,-1
22780,1586868254.656505,30,-1
22781,1586868264.647182,1,0
22782,1586868268.2940903,7,0
22783,1586868307.220277,1,-57
22784,1586868312.485021,25,0
22785,1586868312.485537,30,0
22786,1586868312.486938,25,0
22787,1586868312.4872632,30,0
22788,1586868318.5823421,1,0
22789,1586868613.6527812,8,0
22790,1586868614.3929431,25,0
22791,1586868614.3938203,30,-1
22792,1586868614.3943272,25,-1
22793,1586868614.3951302,30,-1
22794,1586868634.8423502,8,0
22795,1586868658.700668,8,0
22796,1586868702.0675373,8,0
22797,1586868762.6766543,8,-1
22798,1586868794.7312193,8,0
22799,1586868839.6549091,8,-1
22800,1586868875.8005722,8,0
22801,1586869243.694778,25,0
22802,1586869243.6953351,30,0
22803,1586869243.703188,25,0
22804,1586869243.703672,30,0
22805,1586871429.533814,25,0
22806,1586871429.534846,30,-1
22807,1586871429.536591,25,0
22808,1586871429.537053,30,0
22809,1586871669.7092881,25,0
22810,1586871669.710282,30,-1
22811,1586871669.7117112,25,0
22812,1586871669.7123833,30,0
22813,1586872085.6679382,1,-56
22814,1586872089.756957,25,0
22815,1586872089.757841,30,-1
22816,1586872089.758337,25,0
22817,1586872089.758501,30,0
22818,1586872096.927134,1,0
22819,1586872097.4010043,1,-41
22820,1586872099.5913692,1,0
22821,1586872105.8676333,1,-59
22822,1586872117.0641131,1,0
22823,1586872122.7717361,1,-36
22824,1586872127.0634732,1,0
22825,1586872127.4725711,1,-37
22826,1586872138.8387651,1,0
22827,1586872146.684359,1,-54
22828,1586872149.0663462,1,-1
22829,1586872149.6716242,25,0
22830,1586872149.671904,30,0
22831,1586872149.6780682,25,0
22832,1586872149.678316,30,0
22833,1586872150.100625,1,-100
22834,1586872150.100986,1,-94
22835,1586872155.992067,25,-1
22836,1586872155.9922752,30,-1
22837,1586872155.992403,25,0
22838,1586872155.992486,30,0
22839,1586872160.603486,1,-451
22840,1586872366.9090872,1,-7
22841,1586872368.238481,1,-62
22842,1586872375.3860781,1,-6
22843,1586872377.98708,25,0
22844,1586872377.987656,30,0
22845,1586872377.988145,25,0
22846,1586872377.988501,30,-1
22847,1586872380.2222853,1,-809
22848,1586872436.333911,1,-25
22849,1586872445.9396152,1,-42
22850,1586872448.8844013,1,-32
22851,1586872449.2208633,1,-2
22852,1586872451.0257273,25,0
22853,1586872451.0261073,30,0
22854,1586872451.027254,25,0
22855,1586872451.0275562,30,0
22856,1586872453.031095,1,-8
22857,1586872454.1364403,1,-76
22858,1586872457.791521,1,-156
22859,1586872460.7878842,1,-26
22860,1586872494.479998,1,-8
22861,1586872503.3869839,1,0
22862,1586872508.137793,25,-3
22863,1586872508.1387029,30,-4
22864,1586872508.1601639,25,-1
22865,1586872508.1607542,30,-2
22866,1586872508.161254,25,0
22867,1586872508.161642,30,-1
22868,1586872508.172288,25,-8
22869,1586872508.174687,30,-11
22870,1586872508.1810222,25,-15
22871,1586872508.181422,30,-16
22872,1586872508.217605,25,0
22873,1586872508.2182412,30,0
22874,1586872508.233601,25,0
22875,1586872508.234178,30,0
22876,1586872508.262995,25,0
22877,1586872508.264374,30,-1
22878,1586872508.26815,25,0
22879,1586872508.268691,30,0
22880,1586872508.2697,25,0
22881,1586872508.270149,30,0
22882,1586872835.1169271,25,0
22883,1586872835.1174912,30,0
22884,1586872835.125359,25,0
22885,1586872835.125821,30,0
22886,1586873003.475907,1,-80
22887,1586873008.795105,25,0
22888,1586873008.7955031,30,0
22889,1586873008.803309,25,0
22890,1586873008.803642,30,0
22891,1586873010.802919,1,0
22892,1586873189.8517702,1,-12
22893,1586873191.4929821,1,0
22894,1586873191.721395,25,-2
22895,1586873191.7215843,30,-2
22896,1586873191.721723,25,-1
22897,1586873191.72182,30,-1
22898,1586875315.7949991,25,0
22899,1586875315.7961662,30,-1
22900,1586875315.797832,25,0
22901,1586875315.798398,30,0
22902,1586876406.1873221,25,0
22903,1586876406.1879053,30,0
22904,1586876406.1895373,25,0
22905,1586876406.1918893,30,-2
22906,1586876413.9410553,1,-70
22907,1586876416.1466172,1,0
22908,1586876419.0234303,25,0
22909,1586876419.0245261,30,-1
22910,1586876419.0302763,25,0
22911,1586876419.0305803,30,0
22912,1586876588.2985742,25,0
22913,1586876588.2993782,30,-1
22914,1586876588.3090782,25,0
22915,1586876588.3095202,30,0
22916,1586877937.952899,1,-5
22917,1586877942.664587,25,0
22918,1586877942.665157,30,0
22919,1586877942.667941,25,0
22920,1586877942.669063,30,-1
22921,1586877943.26018,1,-260
22922,1586877965.2893434,1,-2
22923,1586877970.2762482,25,-6
22924,1586877970.2765412,30,-7
22925,1586877970.276833,25,-5
22926,1586877970.2770653,30,-5
22927,1586877977.568715,1,0
22928,1586878869.4663641,25,0
22929,1586878869.467444,30,-1
22930,1586878869.4693432,25,0
22931,1586878869.470933,30,-1
22932,1586879791.090321,1,-4
22933,1586879794.238543,25,-1
22934,1586879794.2395601,30,-2
22935,1586879794.2407792,25,0
22936,1586879794.241796,30,-1
22937,1586879796.337977,1,-337
22938,1586879819.493968,1,-5
22939,1586879821.331232,25,0
22940,1586879821.331644,30,0
22941,1586879821.332964,25,0
22942,1586879821.333282,30,0
22943,1586879821.934128,1,0
22944,1586879823.1324892,1,-71
22945,1586879823.1329322,1,-70
22946,1586879828.5269332,25,0
22947,1586879828.5272121,30,0
22948,1586879828.52803,25,0
22949,1586879828.528232,30,0
22950,1586879831.9355712,1,-100
22951,1586879860.6764212,1,-6
22952,1586879866.1491811,1,0
22953,1586879866.85216,25,0
22954,1586879866.852322,30,0
22955,1586879866.853944,25,0
22956,1586879866.854044,30,0
22957,1586879870.1363602,1,-76
22958,1586879873.4593582,1,0
22959,1586879875.252063,25,0
22960,1586879875.252625,30,0
22961,1586879875.254228,25,0
22962,1586879875.2547402,30,0
22963,1586880540.4867373,25,0
22964,1586880540.4882262,30,-1
22965,1586880540.489315,25,-1
22966,1586880540.490313,30,-2
22967,1586882466.8534532,25,-13
22968,1586882466.8688111,30,-28
22969,1586882466.869308,25,-26
22970,1586882466.871735,30,-28
22971,1586883618.865178,25,-1
22972,1586883618.8657799,30,-1
22973,1586883618.871766,25,0
22974,1586883618.8722062,30,0
22975,1586884498.210918,1,-81
22976,1586884498.218337,25,-7
22977,1586884498.218451,30,-7
22978,1586884498.2201872,25,-9
22979,1586884498.220298,30,-9
22980,1586884503.533536,25,-1
22981,1586884503.533926,30,-1
22982,1586884503.534249,25,0
22983,1586884503.5353003,30,-1
22984,1586884509.476357,1,0
22985,1586884974.6466582,8,-2
22986,1586885167.6217601,8,0
22987,1586886103.5471961,25,0
22988,1586886103.5477622,30,0
22989,1586886103.549498,25,0
22990,1586886103.5499792,30,0
22991,1586887197.3722942,25,0
22992,1586887197.3728771,30,0
22993,1586887197.3745322,25,0
22994,1586887197.375893,30,-1
22995,1586887722.84699,1,-40
22996,1586887722.8618162,25,-10
22997,1586887722.861916,30,-10
22998,1586887722.8620281,25,-9
22999,1586887722.8621073,30,-9
23000,1586887729.1475122,1,0
23001,1586889673.5623431,25,-1
23002,1586889673.5629,30,-1
23003,1586889673.564981,25,0
23004,1586889673.5654483,30,0
23005,1586891126.3871431,8,-18
23006,1586891241.9431863,8,0
23007,1586891338.6453032,8,0
23008,1586891423.7987392,8,-1
23009,1586891430.3796742,8,0
23010,1586891517.886016,1,-102
23011,1586891522.792967,25,0
23012,1586891522.793652,30,-1
23013,1586891522.800488,25,0
23014,1586891522.8008533,30,0
23015,1586891522.805901,25,0
23016,1586891522.806222,30,0
23017,1586891522.8066251,25,0
23018,1586891522.806883,30,0
23019,1586891528.993504,1,0
23020,1586891545.1095462,8,0
23021,1586893316.3613973,25,-1
23022,1586893316.3619723,30,-2
23023,1586893316.4123483,25,0
23024,1586893316.4128232,30,0
23025,1586894409.898906,25,0
23026,1586894409.899466,30,0
23027,1586894409.907259,25,0
23028,1586894409.907713,30,0
23029,1586894591.801135,25,0
23030,1586894591.8016882,30,0
23031,1586894591.803399,25,0
23032,1586894591.803869,30,0
23033,1586895208.5011492,25,0
23034,1586895208.5017152,30,0
23035,1586895208.513245,25,0
23036,1586895208.5137062,30,0
23037,1586896287.227888,1,-68
23038,1586896287.277903,25,-28
23039,1586896287.2780292,30,-28
23040,1586896288.763225,1,0
23041,1586896293.1657953,25,0
23042,1586896293.1661422,30,0
23043,1586896594.039081,25,0
23044,1586896594.040114,30,-1
23045,1586896594.040661,25,-1
23046,1586896594.041032,30,-1
23047,1586896890.5539522,25,0
23048,1586896890.554506,30,0
23049,1586896890.5562472,25,0
23050,1586896890.55674,30,0
23051,1586897417.705297,25,0
23052,1586897417.706283,30,-1
23053,1586897417.708045,25,0
23054,1586897417.7085452,30,0
23055,1586897474.390696,8,-13
23056,1586897490.772875,8,0
23057,1586897511.062592,8,0
23058,1586897519.150144,8,0
23059,1586900463.921874,25,0
23060,1586900463.9224272,30,0
23061,1586900463.9241042,25,0
23062,1586900463.9245753,30,0
23063,1586901580.3277383,25,0
23064,1586901580.3283043,30,0
23065,1586901580.3299322,25,0
23066,1586901580.3310952,30,-1
23067,1586901774.0321991,25,0
23068,1586901774.032816,30,0
23069,1586901774.0332592,25,0
23070,1586901774.03366,30,-1
23071,1586901774.0346022,25,0
23072,1586901774.0350842,30,0
23073,1586901774.038754,25,0
23074,1586901774.039288,30,0
23075,1586901774.041656,25,-1
23076,1586901774.0725622,30,-31
23077,1586901774.07311,25,-31
23078,1586901774.0734742,30,-32
23079,1586901774.0749152,25,0
23080,1586901774.0752892,30,0
23081,1586902996.0051122,25,-1
23082,1586902996.0056992,30,-2
23083,1586902996.0106862,25,0
23084,1586902996.0112672,30,0
23085,1586903263.8820832,25,0
23086,1586903263.8826602,30,0
23087,1586903263.905075,25,0
23088,1586903263.9074242,30,-2
23089,1586903360.039476,8,-4
23090,1586903387.7420912,8,0
23091,1586903448.9880443,8,-1
23092,1586903520.204195,8,0
23093,1586903557.199009,8,0
23094,1586903571.7503042,1,-47
23095,1586903574.4901042,25,0
23096,1586903574.4905052,30,0
23097,1586903574.4982972,25,0
23098,1586903574.4986331,30,0
23099,1586903583.0022683,1,0
23100,1586903665.0159051,8,0
23101,1586903696.361721,1,-12
23102,1586903701.6383631,25,0
23103,1586903701.638649,30,0
23104,1586903701.6510782,25,0
23105,1586903701.6513371,30,0
23106,1586903707.703053,1,0
23107,1586903769.143394,25,0
23108,1586903769.1439962,30,0
23109,1586903769.145289,25,0
23110,1586903769.145772,30,0
23111,1586904087.8683472,1,-147
23112,1586904091.697513,1,-2
23113,1586904092.070383,25,0
23114,1586904092.0706263,30,0
23115,1586904092.074524,25,0
23116,1586904092.074691,30,0
23117,1586904093.107244,1,-87
23118,1586904093.107645,1,-87
23119,1586904098.105877,25,-2
23120,1586904098.1060472,30,-2
23121,1586904098.106676,25,-1
23122,1586904098.1067882,30,-1
23123,1586904107.6755772,1,-23
23124,1586904546.066123,25,-1
23125,1586904546.0663662,30,-1
23126,1586904546.067902,25,0
23127,1586904546.068079,30,0
23128,1586904634.3808742,25,0
23129,1586904634.381064,30,0
23130,1586904634.382225,25,0
23131,1586904634.382353,30,0
23132,1586905025.368143,25,0
23133,1586905025.36833,30,0
23134,1586905025.3692741,25,0
23135,1586905025.3693671,30,0
23136,1586905417.403801,25,0
23137,1586905417.404175,30,0
23138,1586905743.48687,25,0
23139,1586905743.487097,30,0
23140,1586905743.490297,25,0
23141,1586905743.490453,30,0
23142,1586906005.082059,25,0
23143,1586906005.082995,30,-1
23144,1586906005.0900471,25,0
23145,1586906005.090345,30,0
23146,1586906016.949709,1,0
23147,1586906095.0858572,25,0
23148,1586906095.086528,30,-1
23149,1586906095.087193,25,-1
23150,1586906095.087493,30,-1
23151,1586907688.18293,25,0
23152,1586907688.183329,30,0
23153,1586907688.1844292,25,0
23154,1586907688.1847463,30,0
23155,1586907729.2929301,1,-49
23156,1586907779.2708743,25,0
23157,1586907779.271243,30,0
23158,1586907779.2722454,25,0
23159,1586907779.2725444,30,0
23160,1586907811.085474,1,-5
23161,1586907855.993987,1,-141
23162,1586907866.5149891,25,0
23163,1586907866.5154753,30,0
23164,1586907866.5196562,25,0
23165,1586907866.5198321,30,0
23166,1586908013.377407,25,0
23167,1586908013.377856,30,0
23168,1586908013.3782382,25,0
23169,1586908013.378468,30,-1
23170,1586908013.378724,25,0
23171,1586908013.378963,30,0
23172,1586908013.379403,25,0
23173,1586908013.379641,30,0
23174,1586908013.380489,25,0
23175,1586908013.381005,30,0
23176,1586908021.27632,25,0
23177,1586908021.2767472,30,0
23178,1586908161.541325,1,-5
23179,1586908226.2027571,1,-50
23180,1586908257.695866,1,-12
23181,1586908337.5042253,1,-1351
23182,1586908338.765844,23,0
23183,1586908338.7714481,24,-6
23184,1586908338.773324,30,-8
23185,1586908341.594729,13,-5848
23186,1586908341.5970461,43,-5850
23187,1586908341.6083941,13,-2361
23188,1586908341.60878,43,-2361
23189,1586908341.609568,13,-2217
23190,1586908341.609841,43,-2217
23191,1586908346.6942782,13,-5640
23192,1586908346.6946192,43,-5641
23193,1586908346.6954422,13,-5495
23194,1586908346.695765,43,-5496
23195,1586908357.192977,7,-3
23196,1586908359.63549,1,-8
23197,1586908365.1575422,13,-6006
23198,1586908365.157998,43,-6006
23199,1586908365.8437562,23,0
23200,1586908365.845069,24,-1
23201,1586908365.845829,30,-2
23202,1586908374.757225,7,0
23203,1586908789.1095762,25,0
23204,1586908789.1101372,30,0
23205,1586908789.116507,25,0
23206,1586908789.116805,30,0
23207,1586908824.546547,1,-9
23208,1586908855.307806,1,-5
23209,1586908860.3799343,1,-33
23210,1586909136.9606752,1,-79
23211,1586909148.0434601,25,0
23212,1586909148.0450401,30,-1
23213,1586909148.0535622,25,0
23214,1586909148.0539012,30,0
23215,1586909180.69109,1,-10
23216,1586909447.3556461,25,0
23217,1586909447.3560371,30,0
23218,1586909447.3624022,25,0
23219,1586909447.3627012,30,0
23220,1586909500.188713,8,-4
23221,1586909507.145741,8,0
23222,1586909575.83643,25,0
23223,1586909575.8367171,30,0
23224,1586909575.8369281,25,0
23225,1586909575.837083,30,0
23226,1586909879.464603,25,0
23227,1586909879.465171,30,0
23228,1586909879.4717622,25,0
23229,1586909879.472058,30,0
23230,1586909991.262273,25,0
23231,1586909991.2624512,30,0
23232,1586909991.26286,25,0
23233,1586909991.262988,30,0
23234,1586910882.4017642,1,-39
23235,1586910919.168272,25,0
23236,1586910919.1691232,30,-1
23237,1586910919.169765,25,0
23238,1586910919.1699672,30,0
23239,1586910938.9573672,1,-282
23240,1586911026.307807,1,-6
23241,1586911031.5347762,1,-380
23242,1586911088.355875,1,-10
23243,1586911175.7611341,1,-16
23244,1586911180.3944652,1,-8
23245,1586911234.2219872,1,-73
23246,1586911241.5313241,25,-1
23247,1586911241.5320191,30,-2
23248,1586911241.5323763,25,0
23249,1586911241.532812,30,-1
23250,1586911268.066865,1,-48
23251,1586911280.5961232,25,0
23252,1586911280.5963912,30,0
23253,1586911280.597166,25,0
23254,1586911280.5976582,30,0
23255,1586911357.7786372,1,-96
23256,1586911989.9115162,1,-67
23257,1586912036.265596,1,-22
23258,1586912061.663548,1,-40
23259,1586912063.1752272,1,-61
23260,1586912141.713386,25,0
23261,1586912141.713798,30,0
23262,1586912141.714116,25,0
23263,1586912141.7143621,30,0
23264,1586912141.7150583,25,0
23265,1586912141.7153811,30,0
23266,1586912141.7166631,25,0
23267,1586912141.716958,30,0
23268,1586912337.5455933,1,-19
23269,1586912343.103394,1,-41
23270,1586912343.257894,25,-6
23271,1586912343.258064,30,-6
23272,1586912343.258494,25,0
23273,1586912343.2586,30,0
23274,1586912346.300696,1,-56
23275,1586912347.450556,1,-55
23276,1586912351.248409,1,-17
23277,1586912352.710711,1,-70
23278,1586912412.6352892,1,-15
23279,1586912427.3984761,25,0
23280,1586912427.399032,30,0
23281,1586912427.400516,25,0
23282,1586912427.4013891,30,-1
23283,1586912444.009489,1,-2210
23284,1586912476.6925461,1,-25
23285,1586912479.576993,1,-50
23286,1586912563.244833,25,0
23287,1586912563.245486,30,0
23288,1586912563.246968,25,0
23289,1586912563.247171,30,0
23290,1586912749.6293461,1,-12
23291,1586913059.6081252,25,0
23292,1586913059.608396,30,0
23293,1586913059.6111522,25,0
23294,1586913059.611361,30,0
23295,1586913547.0849853,1,0
23296,1586913551.7665272,25,0
23297,1586913551.7682352,30,-2
23298,1586913551.773767,25,-2
23299,1586913551.7745333,30,-3
23300,1586913728.57263,1,-55
23301,1586913730.876731,1,0
23302,1586913733.175352,25,-1
23303,1586913733.175924,30,-2
23304,1586913733.176429,25,0
23305,1586913733.178647,30,-2
23306,1586913746.8322942,1,-22
23307,1586913750.4417253,1,0
23308,1586913783.9368172,1,-120
23309,1586913791.475803,25,0
23310,1586913791.476019,30,0
23311,1586913791.4774342,25,0
23312,1586913791.477581,30,0
23313,1586913800.4134822,1,0
23314,1586913814.0558462,1,-14
23315,1586913815.587102,42,-133
23316,1586913815.5875072,14,-133
23317,1586913815.587778,15,-133
23318,1586913815.5880523,16,-134
23319,1586913815.5882602,17,-134
23320,1586913815.588407,29,-134
23321,1586913815.5887291,41,-134
23322,1586913825.4395542,1,0
23323,1586913830.3638482,6,-252
23324,1586913830.3645244,36,-253
23325,1586913830.3646972,26,-253
23326,1586913830.3648543,44,-253
23327,1586913830.3650093,27,-253
23328,1586913830.3651502,11,-253
23329,1586913830.4170852,44,-1
23330,1586913830.4562001,6,0
23331,1586913907.9606552,12,0
23332,1586913908.0673442,39,-107
23333,1586913945.8535821,12,0
23334,1586913945.853938,39,0
23335,1586914352.696733,25,0
23336,1586914352.697137,30,0
23337,1586914352.6974401,25,0
23338,1586914352.697673,30,0
23339,1586914796.3207672,25,-1
23340,1586914796.3214283,30,-1
23341,1586914796.3217473,25,-1
23342,1586914796.3219812,30,-2
23343,1586914855.623641,25,0
23344,1586914855.624917,30,-1
23345,1586914860.62736,25,0
23346,1586914860.62786,30,-1
23347,1586915854.750905,25,0
23348,1586915854.7513561,30,0
23349,1586915854.752728,25,0
23350,1586915854.753024,30,0
23351,1586916052.845665,25,0
23352,1586916052.846057,30,0
23353,1586916052.851855,25,0
23354,1586916052.852447,30,0
23355,1586916213.984877,25,0
23356,1586916213.985146,30,0
23357,1586916213.9865022,25,0
23358,1586916213.986699,30,0
23359,1586918468.7837741,25,0
23360,1586918468.7839272,30,0
23361,1586918468.7842772,25,0
23362,1586918468.7843802,30,0
23363,1586919010.296772,25,0
23364,1586919010.297164,30,0
23365,1586919010.2982912,25,0
23366,1586919010.298583,30,0
23367,1586919779.2178073,25,-121
23368,1586919779.217947,30,-121
23369,1586919779.2181063,25,-22
23370,1586919779.218202,30,-22
23371,1586919779.2183022,25,-21
23372,1586919779.2183833,30,-21
23373,1586919779.218472,25,-13
23374,1586919779.2185483,30,-13
23375,1586919784.5923753,25,0
23376,1586919784.5926223,30,0
23377,1586919784.5933561,25,0
23378,1586919784.593573,30,0
23379,1586922092.253192,25,0
23380,1586922092.2541742,30,-1
23381,1586922092.257576,25,0
23382,1586922092.258064,30,0
23383,1586922381.2621362,25,0
23384,1586922381.2623122,30,0
23385,1586922381.2644172,25,0
23386,1586922381.2645164,30,0
23387,1586923367.5936632,25,-1
23388,1586923367.5938652,30,-1
23389,1586923367.5940123,25,0
23390,1586923367.59412,30,0
23391,1586923373.268655,25,0
23392,1586923373.269238,30,0
23393,1586923373.2697341,25,0
23394,1586923373.27008,30,-1
23395,1586925775.924592,25,0
23396,1586925775.9255571,30,-1
23397,1586925775.9269543,25,0
23398,1586925775.9286542,30,-1
23399,1586926908.1887913,25,0
23400,1586926908.1893501,30,0
23401,1586926908.189809,25,0
23402,1586926908.1901572,30,-1
23403,1586927200.349082,25,0
23404,1586927200.3498592,30,-1
23405,1586927200.3582962,25,0
23406,1586927200.3585992,30,0
23407,1586929342.2414422,25,0
23408,1586929342.242495,30,-1
23409,1586929342.243673,25,0
23410,1586929342.244805,30,-1
23411,1586930447.9865751,25,0
23412,1586930447.9867463,30,0
23413,1586930447.9884021,25,0
23414,1586930447.988511,30,0
23415,1586930713.0911942,25,0
23416,1586930713.091555,30,0
23417,1586930713.091864,25,0
23418,1586930713.092106,30,-1
23419,1586932898.635096,25,0
23420,1586932898.6353102,30,0
23421,1586932898.6357913,25,0
23422,1586932898.6359432,30,0
23423,1586933345.1814222,25,0
23424,1586933345.182261,30,-1
23425,1586933345.1827462,25,0
23426,1586933345.183114,30,-1
23427,1586937862.2277703,25,0
23428,1586937862.2307253,30,-3
23429,1586937868.0450032,25,0
23430,1586937868.0455303,30,0
23431,1586939009.573916,25,-7
23432,1586939009.574122,30,-7
23433,1586939009.574264,25,-6
23434,1586939009.574462,30,-7
23435,1586939082.87984,25,0
23436,1586939082.880437,30,0
23437,1586939082.880906,25,0
23438,1586939082.8812551,30,-1
23439,1586940163.330173,25,0
23440,1586940163.33044,30,0
23441,1586940163.332472,25,0
23442,1586940163.332779,30,0
23443,1586940163.334747,25,0
23444,1586940163.335195,30,0
23445,1586940163.335968,25,-1
23446,1586940163.336145,30,-1
23447,1586940626.6977792,25,0
23448,1586940626.6980522,30,0
23449,1586940626.6987252,25,0
23450,1586940626.698924,30,0
23451,1586941562.4990132,25,0
23452,1586941562.4993172,30,0
23453,1586941562.4995272,25,0
23454,1586941562.4996781,30,0
23455,1586943823.1819334,25,0
23456,1586943823.1825004,30,0
23457,1586943823.1889791,25,0
23458,1586943823.1895514,30,0
23459,1586945153.5365312,25,0
23460,1586945153.5376244,30,-1
23461,1586945153.5407324,25,0
23462,1586945153.5411172,30,0
23463,1586945153.5420103,25,0
23464,1586945153.542571,30,0
23465,1586945153.5428944,25,0
23466,1586945153.5431924,30,-1
23467,1586947401.3666673,8,-6
23468,1586947405.6976962,25,0
23469,1586947405.697959,30,0
23470,1586947405.698566,25,0
23471,1586947405.69877,30,0
23472,1586947542.9176931,8,0
23473,1586947569.0580812,8,0
23474,1586947638.6091652,8,0
23475,1586948140.2288232,1,-98
23476,1586948142.662386,25,0
23477,1586948142.6628501,30,0
23478,1586948142.6639922,25,0
23479,1586948142.664334,30,0
23480,1586948145.445414,1,0
23481,1586948148.450859,1,-25
23482,1586948151.1186051,1,0
23483,1586948180.528623,1,-23
23484,1586948183.304331,1,0
23485,1586948288.5116,25,-1
23486,1586948288.5121112,30,-1
23487,1586948288.517641,25,0
23488,1586948288.5181103,30,0
23489,1586948348.5913322,40,-4
23490,1586948351.1226742,40,-5
23491,1586948432.213303,40,-3
23492,1586948510.0626092,40,-2
23493,1586949470.436369,25,0
23494,1586949470.437005,30,0
23495,1586949470.44732,25,0
23496,1586949470.447776,30,0
23497,1586949620.571957,40,-7
23498,1586949669.4226432,40,-3
23499,1586950130.0109081,40,-13
23500,1586950150.1372182,40,-1
23501,1586950433.074847,40,-12
23502,1586950451.906377,40,-7
23503,1586950911.996293,25,0
23504,1586950911.996849,30,0
23505,1586950912.0017622,25,0
23506,1586950912.002222,30,0
23507,1586951678.3428292,40,-44
23508,1586951678.3691552,40,-5
23509,1586951751.542798,40,-2
23510,1586951767.520485,40,-21
23511,1586952003.9704292,25,0
23512,1586952003.9709911,30,0
23513,1586952003.978835,25,0
23514,1586952003.979288,30,0
23515,1586952187.043149,25,0
23516,1586952187.0436952,30,0
23517,1586952187.0533602,25,0
23518,1586952187.053823,30,0
23519,1586952989.6902943,25,0
23520,1586952989.690848,30,0
23521,1586952989.7009,25,0
23522,1586952989.701348,30,0
23523,1586953433.971468,1,-52
23524,1586953438.0657463,25,0
23525,1586953438.0661273,30,0
23526,1586953438.067176,25,0
23527,1586953438.0679371,30,0
23528,1586953439.651858,1,0
23529,1586953463.6650782,25,-10
23530,1586953463.665937,30,-11
23531,1586953463.666522,25,-2
23532,1586953463.668229,30,-3
23533,1586953483.483337,25,0
23534,1586953483.483995,30,0
23535,1586953483.5283952,25,0
23536,1586953483.528946,30,-1
23537,1586953567.0261292,25,0
23538,1586953567.027234,30,-1
23539,1586953567.028748,25,0
23540,1586953567.0291953,30,0
23541,1586953640.385551,40,-3
23542,1586953749.9728723,25,0
23543,1586953749.9734101,30,0
23544,1586953749.9750113,25,0
23545,1586953749.9754822,30,0
23546,1586953913.1919932,40,-14
23547,1586953989.521012,40,-12
23548,1586954000.913434,25,-1
23549,1586954000.9139762,30,-1
23550,1586954000.9173002,25,0
23551,1586954000.917792,30,-1
23552,1586954005.782807,40,-9
23553,1586954029.4731681,40,-15
23554,1586954123.48486,40,-6
23555,1586954434.400383,25,0
23556,1586954434.40141,30,-1
23557,1586954434.4108381,25,0
23558,1586954434.411282,30,0
23559,1586954463.8440042,25,-18
23560,1586954463.844604,30,-19
23561,1586954463.8450842,25,-17
23562,1586954463.8455582,30,-17
23563,1586954503.511897,40,-2
23564,1586954529.112873,40,-20
23565,1586954559.631544,40,-6
23566,1586954565.646306,40,-10
23567,1586954577.9695382,25,0
23568,1586954577.9703052,30,-1
23569,1586954577.970765,25,-1
23570,1586954577.9711213,30,-1
23571,1586954592.076934,40,-6
23572,1586954659.735516,25,-4
23573,1586954659.7361202,30,-4
23574,1586954659.736587,25,-1
23575,1586954659.7372122,30,-1
23576,1586954672.7732751,40,-5
23577,1586954802.6924891,40,-4
23578,1586954827.052659,40,-1
23579,1586954958.5889292,40,-19
23580,1586954992.8056202,25,0
23581,1586954992.806662,30,-1
23582,1586954992.808393,25,0
23583,1586954992.8089933,30,0
23584,1586955021.3047972,25,0
23585,1586955021.305334,30,0
23586,1586955021.310256,25,0
23587,1586955021.3107462,30,0
23588,1586955193.7117872,25,0
23589,1586955193.712865,30,-1
23590,1586955193.714437,25,0
23591,1586955193.7150092,30,0
23592,1586955371.558188,25,0
23593,1586955371.558723,30,0
23594,1586955371.5653121,25,-1
23595,1586955371.565853,30,-1
23596,1586955444.830174,25,0
23597,1586955444.8307333,30,0
23598,1586955444.832379,25,0
23599,1586955444.8328342,30,0
23600,1586955580.8251271,25,0
23601,1586955580.8261833,30,-1
23602,1586955580.8277183,25,0
23603,1586955580.8285341,30,0
23604,1586955617.167262,25,0
23605,1586955617.167818,30,0
23606,1586955617.1755853,25,0
23607,1586955617.1760452,30,0
23608,1586955705.085487,25,-5
23609,1586955705.0872822,30,-7
23610,1586955705.0877461,25,-2
23611,1586955705.0881052,30,-2
23612,1586955814.8092303,25,0
23613,1586955814.8097773,30,0
23614,1586955814.8137722,25,-1
23615,1586955814.8142753,30,-1
23616,1586955999.494628,25,0
23617,1586955999.49516,30,0
23618,1586955999.496777,25,0
23619,1586955999.4972548,30,0
23620,1586956032.1020231,25,0
23621,1586956032.1025631,30,0
23622,1586956032.107471,25,0
23623,1586956032.1080842,30,0
23624,1586956207.990643,25,0
23625,1586956207.991214,30,0
23626,1586956207.991995,25,-1
23627,1586956207.992476,30,-1
23628,1586956520.7054272,25,0
23629,1586956520.7063081,30,-1
23630,1586956520.716106,25,0
23631,1586956520.7165432,30,0
23632,1586956697.8093581,40,-15
23633,1586957251.6772413,25,0
23634,1586957251.6782632,30,-1
23635,1586957251.6895342,25,0
23636,1586957251.6899881,30,0
23637,1586957262.2620912,40,-14
23638,1586957341.2044582,40,-4
23639,1586957644.7649531,40,-18
23640,1586957731.7695951,40,-15
23641,1586957870.7217972,25,0
23642,1586957870.7223473,30,0
23643,1586957870.7239792,25,0
23644,1586957870.7244372,30,0
23645,1586957973.4667802,40,-19
23646,1586958058.50614,25,0
23647,1586958058.5066972,30,-1
23648,1586958058.509505,25,0
23649,1586958058.511485,30,-2
23650,1586958065.030678,25,0
23651,1586958065.0312161,30,0
23652,1586958065.0327692,25,0
23653,1586958065.033221,30,0
23654,1586958202.6800392,40,-1
23655,1586958281.5767794,40,-4
23656,1586958281.5819373,40,-1
23657,1586958365.7853813,25,0
23658,1586958365.7859452,30,0
23659,1586958365.795272,25,0
23660,1586958365.795712,30,0
23661,1586958416.921548,40,-1
23662,1586958445.1291842,25,0
23663,1586958445.1297202,30,0
23664,1586958445.1312811,25,0
23665,1586958445.13175,30,0
23666,1586958483.8431551,25,0
23667,1586958483.843709,30,-1
23668,1586958483.8490841,25,-1
23669,1586958483.849566,30,-1
23670,1586958639.3177822,25,0
23671,1586958639.3192122,30,-1
23672,1586958639.3207521,25,0
23673,1586958639.3217783,30,-1
23674,1586958691.3396792,40,-26
23675,1586958823.8234353,25,0
23676,1586958823.8244252,30,-1
23677,1586958823.8263512,25,0
23678,1586958823.8272653,30,-1
23679,1586958965.752031,40,-6
23680,1586959009.8786411,25,0
23681,1586959009.8807662,30,-2
23682,1586959009.8818002,25,0
23683,1586959009.8822613,30,0
23684,1586959048.125865,40,-6
23685,1586959080.3625803,8,-6
23686,1586959080.366609,8,0
23687,1586959216.197668,25,0
23688,1586959216.198812,30,-1
23689,1586959216.206829,25,0
23690,1586959216.207357,30,0
23691,1586959256.9364362,40,-2
23692,1586959273.211845,40,-10
23693,1586959326.6037002,40,-5
23694,1586959375.6973321,25,0
23695,1586959375.6978862,30,0
23696,1586959375.7079554,25,0
23697,1586959375.708465,30,0
23698,1586959410.223587,40,-2
23699,1586959440.45161,40,-11
23700,1586959442.8437972,40,-30
23701,1586959555.8012862,40,-30
23702,1586959576.515944,40,-1
23703,1586959633.0073423,40,-10
23704,1586959639.0451002,40,-5
23705,1586960044.799034,40,-13
23706,1586960072.4035592,40,-33
23707,1586960145.9755402,40,-1
23708,1586960183.117557,40,-14
23709,1586960202.9741712,40,-2
23710,1586960203.61064,40,-41
23711,1586960258.253364,40,-3
23712,1586960260.650382,40,-4
23713,1586960485.5633383,25,0
23714,1586960485.5638871,30,0
23715,1586960485.573337,25,0
23716,1586960485.5737832,30,0
23717,1586960786.6410723,25,0
23718,1586960786.641635,30,0
23719,1586960786.6509151,25,0
23720,1586960786.6513662,30,0
23721,1586960804.1558151,40,-6
23722,1586960892.5816731,25,0
23723,1586960892.5826902,30,-1
23724,1586960892.5875702,25,0
23725,1586960892.588037,30,0
23726,1586960972.534135,40,-4
23727,1586961115.7122073,25,0
23728,1586961115.712759,30,0
23729,1586961115.7143903,25,0
23730,1586961115.7148423,30,0
23731,1586961147.964641,40,-2
23732,1586961241.9724212,40,-380
23733,1586961593.105472,25,0
23734,1586961593.106038,30,0
23735,1586961593.1154122,25,0
23736,1586961593.1158571,30,0
23737,1586961698.034873,25,0
23738,1586961698.03543,30,0
23739,1586961698.0372453,25,0
23740,1586961698.0378041,30,0
23741,1586961798.7398572,25,0
23742,1586961798.7404182,30,0
23743,1586961798.7419744,25,0
23744,1586961798.7425442,30,0
23745,1586962100.2842903,25,0
23746,1586962100.2848492,30,0
23747,1586962100.2943473,25,0
23748,1586962100.2947872,30,0
23749,1586962399.7531922,1,-54
23750,1586962404.3052292,1,0
23751,1586962404.8470702,1,-15
23752,1586962404.8646321,25,-3
23753,1586962404.864912,30,-3
23754,1586962404.870588,25,0
23755,1586962404.870747,30,0
23756,1586962408.000914,1,0
23757,1586962408.1506352,1,-17
23758,1586962410.2888181,1,0
23759,1586962415.38835,25,0
23760,1586962415.3893042,30,-1
23761,1586962415.390722,25,0
23762,1586962415.391426,30,0
23763,1586962428.254026,40,-1
23764,1586962487.0893054,40,-10
23765,1586962502.4815302,40,-8
23766,1586962502.482832,40,-5
23767,1586962515.209239,40,-15
23768,1586962543.640993,25,0
23769,1586962543.6423283,30,-1
23770,1586962543.6440961,25,0
23771,1586962543.6445713,30,0
23772,1586962698.3759122,40,-195
23773,1586962729.9264731,40,-13
23774,1586962739.881401,25,0
23775,1586962739.881957,30,0
23776,1586962739.883471,25,0
23777,1586962739.8840399,30,0
23778,1586962840.584234,40,-9
23779,1586962846.8480172,25,0
23780,1586962846.848907,30,-1
23781,1586962846.849373,25,-1
23782,1586962846.84973,30,-1
23783,1586962885.701376,40,-10
23784,1586962967.60956,25,0
23785,1586962967.610529,30,-1
23786,1586962967.620526,25,0
23787,1586962967.620987,30,0
23788,1586962987.232486,40,-5
23789,1586963064.391473,25,0
23790,1586963064.392428,30,-1
23791,1586963064.393909,25,0
23792,1586963064.3945832,30,0
23793,1586963256.4454541,25,-3
23794,1586963256.4460073,30,-3
23795,1586963256.4471452,25,0
23796,1586963256.448101,30,-1
23797,1586963442.68845,25,0
23798,1586963442.689005,30,0
23799,1586963442.690562,25,0
23800,1586963442.691018,30,0
23801,1586963811.9227443,25,0
23802,1586963811.923747,30,-1
23803,1586963817.3446841,25,0
23804,1586963817.3452063,30,0
23805,1586963996.5991683,40,-9
23806,1586963999.0860052,40,-46
23807,1586964150.186397,40,-1
23808,1586964151.559791,40,-8
23809,1586964305.2158413,25,0
23810,1586964305.216568,30,-1
23811,1586964305.2170322,25,-1
23812,1586964305.217381,30,-1
23813,1586964447.7324133,40,-15
23814,1586964592.649055,40,-5
23815,1586964625.417062,40,-28
23816,1586964758.3200932,40,-11
23817,1586964804.4109712,40,-20
23818,1586964995.578988,40,-10
23819,1586965257.0641282,25,-14
23820,1586965257.0647173,30,-15
23821,1586965257.0710652,25,0
23822,1586965257.0717351,30,0
23823,1586965649.0571852,40,-21
23824,1586965718.126351,25,-1
23825,1586965718.1269093,30,-2
23826,1586965718.1368532,25,0
23827,1586965718.1373253,30,0
23828,1586965911.4060273,25,0
23829,1586965911.406593,30,0
23830,1586965911.408267,25,0
23831,1586965911.4090142,30,0
23832,1586966042.6276832,40,-1
23833,1586966073.806327,40,-2
23834,1586966097.5366,25,0
23835,1586966097.5371761,30,-1
23836,1586966097.53849,25,0
23837,1586966097.5392752,30,0
23838,1586966239.6479402,25,0
23839,1586966239.6488981,30,-1
23840,1586966239.65875,25,0
23841,1586966239.659192,30,0
23842,1586966272.2573311,40,-4
23843,1586966315.5536702,40,-28
23844,1586966320.589704,25,0
23845,1586966320.590316,30,0
23846,1586966320.5928311,25,0
23847,1586966320.593269,30,0
23848,1586966376.137129,25,0
23849,1586966376.1376662,30,0
23850,1586966376.142719,25,0
23851,1586966376.143179,30,0
23852,1586966618.4745393,40,-10
23853,1586967395.3862672,1,-38
23854,1586967399.088489,1,0
23855,1586967400.581594,25,0
23856,1586967400.5826182,30,-1
23857,1586967400.584394,25,0
23858,1586967400.5848382,30,0
23859,1586967412.4647272,1,-21
23860,1586967420.7522492,1,-1
23861,1586967421.0548282,25,0
23862,1586967421.0550501,30,0
23863,1586967421.0584512,25,0
23864,1586967421.0586262,30,0
23865,1586967422.304202,1,-139
23866,1586967422.304819,1,-139
23867,1586967427.557261,7,-22
23868,1586967427.5838122,3,-7
23869,1586967429.756588,27,0
23870,1586967429.7573352,43,0
23871,1586967429.8250322,10,0
23872,1586967435.121829,23,0
23873,1586967435.1225762,24,-1
23874,1586967435.123665,30,-2
23875,1586967528.5103993,3,0
23876,1586967528.5239682,26,-13
23877,1586967538.4714704,7,0
23878,1586967665.445413,27,0
23879,1586967665.4465022,43,-1
23880,1586967668.7126281,26,-7
23881,1586967677.861982,9,0
23882,1586967677.9799762,7,-117
23883,1586967677.98312,26,-120
23884,1586967677.983448,7,0
23885,1586967693.3449802,27,-1
23886,1586967693.345446,43,-1
23887,1586967698.614532,26,-2
23888,1586967708.3590941,7,0
23889,1586967708.359671,26,0
23890,1586967708.3601432,7,0
23891,1586967708.3608842,26,0
23892,1586967749.0946841,1,-117
23893,1586967813.3414252,27,0
23894,1586967813.341762,43,-1
23895,1586967817.320333,27,0
23896,1586967817.3206992,43,0
23897,1586967823.307398,43,0
23898,1586967825.538074,7,0
23899,1586967825.54375,26,-6
23900,1586967827.7837791,23,-1
23901,1586967827.784202,24,-1
23902,1586967827.7844691,30,-1
23903,1586967827.789844,23,0
23904,1586967827.790175,24,0
23905,1586967827.790424,30,0
23906,1586967828.114503,10,0
23907,1586967830.178795,1,-4
23908,1586967843.1104732,23,0
23909,1586967843.1109471,24,0
23910,1586967843.111097,30,0
23911,1586968079.3139243,1,0
23912,1586968083.6264622,25,-9
23913,1586968083.6297681,30,-12
23914,1586968083.630259,25,-6
23915,1586968083.630732,30,-7
23916,1586968164.1187239,8,-2
23917,1586968224.7171152,8,-1
23918,1586968901.540596,25,0
23919,1586968901.5411582,30,0
23920,1586968901.542841,25,0
23921,1586968901.543317,30,0
23922,1586970169.1796062,25,0
23923,1586970169.1801782,30,0
23924,1586970169.1818712,25,0
23925,1586970169.1823192,30,0
23926,1586970804.811767,1,-64
23927,1586970809.0383332,1,0
23928,1586970809.204615,25,0
23929,1586970809.2051442,30,0
23930,1586970809.2068613,25,0
23931,1586970809.2073011,30,0
23932,1586970844.0973692,1,-10
23933,1586970855.4401572,1,0
23934,1586972471.168734,25,0
23935,1586972471.1693351,30,0
23936,1586972476.6066601,25,0
23937,1586972476.6071653,30,0
23938,1586972747.3184962,1,-74
23939,1586972751.8913732,1,-1
23940,1586972752.6262832,25,0
23941,1586972752.6270733,30,-1
23942,1586972752.638019,25,-1
23943,1586972752.6382651,30,-1
23944,1586972753.6148531,1,-1
23945,1586972756.9529502,1,-1
23946,1586972757.9893162,1,-56
23947,1586972757.989871,1,-57
23948,1586972760.111937,25,0
23949,1586972760.1122272,30,-1
23950,1586972760.1127832,25,0
23951,1586972760.1130292,30,0
23952,1586972762.3742952,1,-10
23953,1586972795.1298122,1,-38
23954,1586972799.5851972,1,0
23955,1586972799.7585182,25,0
23956,1586972799.7590942,30,0
23957,1586972799.7630832,25,0
23958,1586972799.7633681,30,0
23959,1586974896.283915,1,-46
23960,1586974897.4827123,25,-6
23961,1586974897.482917,30,-6
23962,1586974897.4830801,25,-3
23963,1586974897.483201,30,-3
23964,1586974898.762046,1,0
23965,1586974903.497456,1,-50
23966,1586974905.8228502,1,0
23967,1586974917.675273,1,-13
23968,1586974924.0242662,1,0
23969,1586974969.816239,1,-41
23970,1586974971.8987272,25,0
23971,1586974971.9006982,30,-2
23972,1586974971.901245,25,-1
23973,1586974971.901495,30,-1
23974,1586974973.9847121,1,0
23975,1586974974.2497993,1,-40
23976,1586974979.3688693,1,0
23977,1586974988.285997,1,-53
23978,1586974996.041452,1,0
23979,1586975021.2758121,1,-47
23980,1586975027.423968,1,-61
23981,1586975031.5783439,1,0
23982,1586975037.2046409,1,-48
23983,1586975040.35907,1,0
23984,1586975042.2027369,25,0
23985,1586975042.2040648,30,-1
23986,1586975042.216722,25,0
23987,1586975042.217334,30,0
23988,1586975747.0758862,25,0
23989,1586975747.076499,30,0
23990,1586975747.078094,25,0
23991,1586975747.078711,30,0
23992,1586976070.3074183,25,-3
23993,1586976070.3079402,30,-3
23994,1586976070.3101501,25,-3
23995,1586976070.3105583,30,-4
23996,1586976639.102868,25,0
23997,1586976639.1039643,30,-1
23998,1586976639.1088743,25,0
23999,1586976639.1093383,30,0
24000,1586977381.8327942,25,0
24001,1586977381.833354,30,0
24002,1586977381.8351932,25,0
24003,1586977381.835972,30,0
24004,1586977660.614602,8,-9
24005,1586977804.387666,8,0
24006,1586978002.401782,8,0
24007,1586978950.96804,8,0
24008,1586979154.5785081,8,0
24009,1586979300.874274,8,0
24010,1586979375.8536673,8,0
24011,1586979436.6271272,8,-1
24012,1586979461.2241352,8,0
24013,1586979547.641964,8,0
24014,1586979641.2310522,8,0
24015,1586979647.7259881,8,0
24016,1586979686.810976,25,0
24017,1586979686.811935,30,-1
24018,1586979686.8232412,25,0
24019,1586979686.823702,30,0
24020,1586980065.660289,8,0
24021,1586980072.414805,8,0
24022,1586980081.4759102,8,0
24023,1586980087.2979102,8,0
24024,1586980191.284544,25,0
24025,1586980191.28512,30,0
24026,1586980191.286935,25,0
24027,1586980191.287395,30,0
24028,1586980548.2067242,8,0
24029,1586980562.0415652,8,0
24030,1586980583.8924391,8,0
24031,1586980632.56676,8,0
24032,1586980638.266885,8,0
24033,1586980712.7007103,8,-1
24034,1586980737.621575,8,0
24035,1586980839.4883342,25,0
24036,1586980839.4907823,30,-2
24037,1586980839.4946241,25,0
24038,1586980839.495161,30,0
24039,1586981487.6815872,25,0
24040,1586981487.6825671,30,-1
24041,1586981487.6839552,25,0
24042,1586981487.684421,30,0
24043,1586981919.261561,8,0
24044,1586981942.2471642,8,0
24045,1586982267.6717541,8,0
24046,1586982280.5519443,8,0
24047,1586982299.6853561,8,0
24048,1586982368.258384,8,0
24049,1586982377.9491892,1,-45
24050,1586982378.4465861,25,0
24051,1586982378.4470022,30,0
24052,1586982378.448915,25,0
24053,1586982378.449098,30,0
24054,1586982389.2570772,1,0
24055,1586982956.061864,8,0
24056,1586982991.233337,8,0
24057,1586983264.113702,25,0
24058,1586983264.1142712,30,0
24059,1586983264.117793,25,0
24060,1586983264.118261,30,0
24061,1586983475.52317,25,0
24062,1586983475.5237203,30,0
24063,1586983475.525281,25,0
24064,1586983475.5257282,30,0
24065,1586983964.6367362,1,-27
24066,1586983968.154757,25,0
24067,1586983968.155468,30,0
24068,1586983968.1611743,25,0
24069,1586983968.161395,30,0
24070,1586983968.1633463,25,0
24071,1586983968.1635523,30,0
24072,1586983968.164289,25,0
24073,1586983968.1644871,30,0
24074,1586983975.9095352,1,0
24075,1586984372.222438,8,0
24076,1586984386.318025,8,0
24077,1586984579.5995262,25,0
24078,1586984579.6000822,30,0
24079,1586984579.6018171,25,0
24080,1586984579.6024323,30,0
24081,1586984654.328271,25,0
24082,1586984654.328817,30,0
24083,1586984654.338491,25,0
24084,1586984654.338937,30,0
24085,1586984937.988717,8,-1
24086,1586984946.3132563,8,0
24087,1586985195.1871572,8,0
24088,1586985256.026756,8,-1
24089,1586985557.5467463,1,-24
24090,1586985562.2808414,25,0
24091,1586985562.2811203,30,0
24092,1586985562.2875192,25,0
24093,1586985562.2877662,30,0
24094,1586985562.2911942,25,0
24095,1586985562.2914062,30,0
24096,1586985562.2920632,25,0
24097,1586985562.2923312,30,-1
24098,1586985568.8611684,1,0
24099,1586986112.5002642,8,0
24100,1586986137.613146,8,0
24101,1586986268.029871,8,0
24102,1586986319.641592,8,0
24103,1586986350.83569,8,-2
24104,1586986902.002242,25,0
24105,1586986902.0032132,30,-1
24106,1586986902.0046363,25,0
24107,1586986902.005886,30,-1
24108,1586987034.9098542,25,0
24109,1586987034.9103832,30,0
24110,1586987034.9130583,25,0
24111,1586987034.913551,30,-1
24112,1586987988.9316974,25,0
24113,1586987988.9322522,30,0
24114,1586987988.9401863,25,0
24115,1586987988.9406424,30,0
24116,1586988671.794918,1,-10
24117,1586988673.5135612,1,0
24118,1586988676.274383,25,0
24119,1586988676.275114,30,-1
24120,1586988676.2767382,25,0
24121,1586988676.2772632,30,0
24122,1586988838.6530511,1,-12
24123,1586988842.9111261,25,0
24124,1586988842.911662,30,0
24125,1586988842.9167511,25,0
24126,1586988842.9171371,30,0
24127,1586988849.92037,1,0
24128,1586988863.5043871,1,-46
24129,1586988867.5370083,1,0
24130,1586988868.7274852,1,-32
24131,1586988868.777156,1,-82
24132,1586988870.57747,25,-1
24133,1586988870.5776772,30,-1
24134,1586988870.577815,25,-1
24135,1586988870.5779111,30,-1
24136,1586988892.3449771,1,-34
24137,1586988899.8286772,1,-13
24138,1586988901.7546942,1,-29
24139,1586988906.940185,1,-41
24140,1586988910.7101932,1,0
24141,1586988984.1550083,25,0
24142,1586988984.1555812,30,0
24143,1586988984.1560361,25,0
24144,1586988984.1565402,30,-1
24145,1586988989.7255373,25,0
24146,1586988989.7260752,30,0
24147,1586988989.7278922,25,0
24148,1586988989.7283432,30,0
24149,1586989004.708106,40,-40
24150,1586989009.3250072,40,-3
24151,1586989020.59587,40,-24
24152,1586989050.305704,25,0
24153,1586989050.306244,30,0
24154,1586989050.307794,25,0
24155,1586989050.308468,30,0
24156,1586989066.146532,40,-60
24157,1586990160.3137493,25,0
24158,1586990160.3150673,30,-2
24159,1586990160.3163512,25,-2
24160,1586990160.317327,30,-3
24161,1586990401.4970481,8,-6
24162,1586990460.79373,25,-3
24163,1586990460.794296,30,-4
24164,1586990460.8005862,25,-1
24165,1586990460.8010411,30,-1
24166,1586990467.498848,8,0
24167,1586990482.7953434,8,0
24168,1586990482.7998743,8,-1
24169,1586990496.1778352,8,0
24170,1586990541.248608,8,0
24171,1586991996.337892,25,0
24172,1586991996.3385272,30,-1
24173,1586991996.350689,25,0
24174,1586991996.351279,30,-1
24175,1586991996.35729,25,0
24176,1586991996.357891,30,-1
24177,1586991996.3583312,25,-1
24178,1586991996.35868,30,-1
24179,1586994695.1460311,25,-3
24180,1586994695.1465893,30,-4
24181,1586994695.152461,25,0
24182,1586994695.1528692,30,0
24183,1586995237.7396193,25,0
24184,1586995237.7401981,30,0
24185,1586995237.7406473,25,0
24186,1586995237.7409883,30,-1
24187,1586995838.9048722,25,-120
24188,1586995838.9054322,30,-120
24189,1586995844.0672352,25,0
24190,1586995844.0677423,30,0
24191,1586996564.079878,25,0
24192,1586996564.080409,30,0
24193,1586996564.08218,25,0
24194,1586996564.0826292,30,0
24195,1586997200.8903122,25,0
24196,1586997200.890896,30,0
24197,1586997200.8913531,25,0
24198,1586997200.891737,30,-1
24199,1586998118.408225,25,-1
24200,1586998118.408981,30,-2
24201,1586998118.409515,25,0
24202,1586998118.409935,30,-1
24203,1586998532.20124,1,-62
24204,1586998537.500749,25,0
24205,1586998537.501135,30,0
24206,1586998537.5058231,25,0
24207,1586998537.5060542,30,0
24208,1586998553.991497,1,0
24209,1586998994.741241,25,0
24210,1586998994.741797,30,0
24211,1586998994.7510982,25,0
24212,1586998994.7514572,30,0
24213,1586999125.5544372,25,0
24214,1586999125.555017,30,0
24215,1586999125.558243,25,0
24216,1586999125.5586872,30,0
24217,1587000349.1297112,12,0
24218,1587000349.13939,39,-10
24219,1587000356.922913,7,-80
24220,1587000356.92336,26,-80
24221,1587000356.934765,12,-63
24222,1587000356.936007,39,-64
24223,1587000356.936327,39,-60
24224,1587000380.3127851,12,0
24225,1587001254.2569513,25,0
24226,1587001254.2575362,30,-1
24227,1587001254.258747,25,0
24228,1587001254.2590322,30,0
24229,1587001526.136392,25,-1
24230,1587001526.1367512,30,-2
24231,1587001526.138729,25,0
24232,1587001526.138925,30,0
24233,1587002558.356336,25,-1
24234,1587002558.3565302,30,-2
24235,1587002558.358027,25,0
24236,1587002558.3581562,30,0
24237,1587004917.86747,25,0
24238,1587004917.8680282,30,0
24239,1587004917.8695922,25,0
24240,1587004917.870403,30,-1
24241,1587006252.249511,25,0
24242,1587006252.2507062,30,-1
24243,1587006252.2543402,25,0
24244,1587006252.2546391,30,0
24245,1587008628.4280162,25,0
24246,1587008628.428991,30,-1
24247,1587008628.434184,25,0
24248,1587008628.434795,30,0
24249,1587009418.374895,25,0
24250,1587009418.375482,30,0
24251,1587009418.377221,25,0
24252,1587009418.3775482,30,0
24253,1587009753.373994,25,0
24254,1587009753.3745651,30,0
24255,1587009753.375792,25,0
24256,1587009753.376101,30,0
24257,1587009822.2401342,25,0
24258,1587009822.240685,30,0
24259,1587009822.251905,25,0
24260,1587009822.2522082,30,0
24261,1587012159.6968331,25,0
24262,1587012159.6973662,30,0
24263,1587012159.6986072,25,0
24264,1587012159.6989083,30,0
24265,1587012606.951651,25,0
24266,1587012606.9519162,30,0
24267,1587012606.9521303,25,0
24268,1587012606.9523141,30,0
24269,1587013314.8333192,25,0
24270,1587013314.834078,30,-1
24271,1587013314.835694,25,-2
24272,1587013314.8359911,30,-2
24273,1587015773.8467052,25,0
24274,1587015773.8468943,30,0
24275,1587015773.849049,25,0
24276,1587015773.849173,30,0
24277,1587017213.5221462,25,0
24278,1587017213.5223331,30,0
24279,1587017218.9208722,25,0
24280,1587017218.9213972,30,0
24281,1587017310.354331,25,0
24282,1587017310.354967,30,-1
24283,1587017310.366188,25,0
24284,1587017310.3668091,30,0
24285,1587023526.7489362,25,-1
24286,1587023526.7530172,30,-5
24287,1587023526.753706,25,-5
24288,1587023526.7538671,30,-5
24289,1587023603.101427,25,0
24290,1587023603.102003,30,0
24291,1587023603.10222,25,0
24292,1587023603.102378,30,0
24293,1587024115.5787292,25,0
24294,1587024115.5790033,30,0
24295,1587024115.5813272,25,0
24296,1587024115.5814261,30,0
24297,1587024428.0413532,25,0
24298,1587024428.0419183,30,0
24299,1587024428.045993,25,0
24300,1587024428.046291,30,0
24301,1587024533.124895,25,0
24302,1587024533.125267,30,0
24303,1587024533.125574,25,0
24304,1587024533.1258082,30,0
24305,1587025145.0154252,25,0
24306,1587025145.0158072,30,0
24307,1587025145.0168734,25,0
24308,1587025145.0171742,30,0
24309,1587025366.2656422,25,-1
24310,1587025366.266194,30,-1
24311,1587025366.274852,25,0
24312,1587025366.2751622,30,0
24313,1587027107.133809,25,0
24314,1587027107.134361,30,0
24315,1587027107.13836,25,0
24316,1587027107.138587,30,0
24317,1587027727.344059,25,0
24318,1587027727.344676,30,0
24319,1587027727.344994,25,0
24320,1587027727.3452272,30,-1
24321,1587027899.208241,25,0
24322,1587027899.208852,30,0
24323,1587027899.218636,25,0
24324,1587027899.218944,30,0
24325,1587030303.73312,25,0
24326,1587030303.7340813,30,-1
24327,1587030303.7396982,25,0
24328,1587030303.7400692,30,0
24329,1587031329.463819,25,0
24330,1587031329.46456,30,-1
24331,1587031329.466267,25,0
24332,1587031329.4667182,30,0
24333,1587033725.4346442,25,0
24334,1587033725.435194,30,0
24335,1587033725.4373221,25,0
24336,1587033725.437788,30,0
24337,1587034046.417284,1,-178
24338,1587034049.0470243,1,0
24339,1587034051.64398,25,0
24340,1587034051.6445372,30,0
24341,1587034051.646327,25,0
24342,1587034051.6468573,30,0
24343,1587034071.0057273,25,0
24344,1587034071.0059152,30,0
24345,1587034071.0060432,25,0
24346,1587034071.0061371,30,0
24347,1587034291.9049692,1,-37
24348,1587034297.34409,25,-1
24349,1587034297.344454,30,-1
24350,1587034297.347294,25,0
24351,1587034297.347603,30,0
24352,1587034303.4827452,1,0
24353,1587037337.153474,25,-1
24354,1587037337.154041,30,-2
24355,1587037337.156521,25,0
24356,1587037337.157231,30,0
24357,1587037354.29667,25,-4
24358,1587037354.297473,30,-5
24359,1587037354.320445,25,-5
24360,1587037354.3209453,30,-6
24361,1587037362.430175,1,-59
24362,1587037364.531095,25,-1
24363,1587037364.531706,30,-2
24364,1587037364.5320392,25,-1
24365,1587037364.532283,30,-1
24366,1587037373.61269,1,0
24367,1587037439.9025712,1,-15
24368,1587037441.6935453,1,0
24369,1587037445.4175792,25,0
24370,1587037445.417973,30,0
24371,1587037445.4276862,25,0
24372,1587037445.4282722,30,0
24373,1587037468.365139,1,-51
24374,1587037470.1182842,1,-3
24375,1587037472.0286932,1,-581
24376,1587037472.0306451,1,-583
24377,1587037477.3891172,25,0
24378,1587037477.389475,30,-1
24379,1587037477.3898141,25,0
24380,1587037477.3912792,30,-1
24381,1587037547.2866402,1,-1
24382,1587037564.8290653,3,-140
24383,1587037610.229046,1,-21
24384,1587037614.210453,1,-20
24385,1587037624.960652,25,0
24386,1587037624.961318,30,0
24387,1587037624.96848,25,0
24388,1587037624.9690533,30,0
24389,1587037642.7121742,1,-71
24390,1587037643.6928873,1,-27
24391,1587037647.5863633,25,0
24392,1587037647.586627,30,0
24393,1587037647.590058,25,0
24394,1587037647.5906951,30,0
24395,1587037689.8928742,1,-15
24396,1587037760.5505722,1,-11
24397,1587037771.2169719,25,-1
24398,1587037771.217376,30,-2
24399,1587037771.2177172,25,-1
24400,1587037771.218236,30,-1
24401,1587037882.735155,25,0
24402,1587037882.7355762,30,0
24403,1587037882.7358942,25,0
24404,1587037882.736124,30,0
24405,1587037884.6360493,13,-5426
24406,1587037884.6398551,43,-5430
24407,1587037884.6433182,13,-2199
24408,1587037884.643589,43,-2199
24409,1587037901.5171402,1,-17
24410,1587037911.6163452,1,-427
24411,1587037912.6248791,1,-28
24412,1587037913.5403922,1,-93
24413,1587037916.477009,1,-19
24414,1587037917.3858871,1,-26
24415,1587037922.8061342,23,-2
24416,1587037922.8068511,24,-3
24417,1587037922.807269,30,-3
24418,1587037922.8074532,23,-3
24419,1587037922.8075361,24,-3
24420,1587037922.80761,30,-3
24421,1587037922.807738,23,-3
24422,1587037922.807815,24,-3
24423,1587037922.80789,30,-3
24424,1587037925.072751,1,-181
24425,1587037930.291706,1,-291
24426,1587037998.9807413,1,-46
24427,1587038003.846549,1,153
24428,1587038004.8689103,9,0
24429,1587038010.938332,7,-1
24430,1587038010.938606,3,-2
24431,1587038016.7010722,1,-30
24432,1587038017.052886,1,0
24433,1587038021.028905,3,-1
24434,1587038025.014873,1,-14
24435,1587038030.054944,3,-1
24436,1587038030.744421,23,0
24437,1587038030.744989,24,-1
24438,1587038030.745279,25,-1
24439,1587038030.745551,25,-1
24440,1587038030.7457752,30,-1
24441,1587038030.746152,23,0
24442,1587038030.746546,24,-1
24443,1587038030.746803,30,-1
24444,1587038030.747071,23,-1
24445,1587038030.747294,24,-1
24446,1587038030.747517,30,-2
24447,1587038055.8336391,7,0
24448,1587038057.241601,1,-77
24449,1587038062.0148852,1,-11
24450,1587038065.586687,1,-859
24451,1587038074.843048,1,-5
24452,1587038084.1947272,1,-287
24453,1587038316.174756,1,-28
24454,1587038318.4047122,1,-667
24455,1587038320.547593,23,-9
24456,1587038320.5478392,24,-10
24457,1587038320.548052,30,-10
24458,1587038320.548567,23,-10
24459,1587038320.548657,24,-10
24460,1587038320.548737,30,-10
24461,1587038320.5488272,23,-10
24462,1587038320.548907,24,-10
24463,1587038320.548986,30,-11
24464,1587038320.550736,23,-12
24465,1587038320.550825,24,-12
24466,1587038320.5509021,30,-12
24467,1587038323.5778801,13,-5821
24468,1587038323.578258,43,-5822
24469,1587038323.579144,13,-2564
24470,1587038323.57932,43,-2564
24471,1587038337.1254802,23,0
24472,1587038337.125855,24,0
24473,1587038337.126359,30,-1
24474,1587038337.1266632,23,-1
24475,1587038337.126905,24,-1
24476,1587038337.1271281,30,-1
24477,1587038384.944658,23,0
24478,1587038384.9456391,24,-1
24479,1587038384.945923,30,-1
24480,1587038384.946213,23,-1
24481,1587038384.946439,24,-2
24482,1587038384.946655,30,-2
24483,1587038410.109191,23,0
24484,1587038410.109354,24,0
24485,1587038410.109462,30,0
24486,1587038410.109591,23,0
24487,1587038410.109683,24,0
24488,1587038410.109771,30,0
24489,1587038441.2240312,23,0
24490,1587038441.2244763,24,0
24491,1587038441.2247682,30,0
24492,1587038441.2250602,23,0
24493,1587038441.2252893,24,0
24494,1587038441.2259622,30,-1
24495,1587038448.600737,23,0
24496,1587038448.6010761,24,0
24497,1587038448.601263,30,0
24498,1587038448.601469,23,0
24499,1587038448.6057382,24,-5
24500,1587038448.606061,30,-5
24501,1587038505.964911,23,-1
24502,1587038505.9654922,24,-1
24503,1587038505.9658613,30,-1
24504,1587038505.966238,23,-2
24505,1587038505.9665823,24,-2
24506,1587038505.9669223,30,-2
24507,1587038533.4477682,23,0
24508,1587038533.449278,24,-1
24509,1587038533.450491,30,-3
24510,1587038533.4515243,23,-3
24511,1587038533.4525552,24,-4
24512,1587038533.453422,30,-5
24513,1587038540.6756392,23,0
24514,1587038540.6764412,24,-1
24515,1587038540.677002,30,-1
24516,1587038542.641871,13,-5627
24517,1587038542.642748,43,-5628
24518,1587038568.8092172,13,-5940
24519,1587038568.810307,43,-5941
24520,1587038611.973682,13,-5609
24521,1587038611.974754,43,-5610
24522,1587038611.977009,13,-4291
24523,1587038611.9780262,43,-4292
24524,1587038617.6169791,1,-69
24525,1587038619.0797882,1,-347
24526,1587038626.4935322,13,-1113
24527,1587038626.494306,43,-1114
24528,1587038633.635538,13,-5794
24529,1587038633.636682,43,-5795
24530,1587038633.63876,13,-4464
24531,1587038633.640068,43,-4466
24532,1587038633.6423202,13,-2471
24533,1587038633.6432621,43,-2472
24534,1587038647.280908,13,-5724
24535,1587038647.281433,43,-5725
24536,1587038668.5144253,13,-5547
24537,1587038668.514826,43,-5548
24538,1587038691.6360822,13,-5415
24539,1587038691.636424,43,-5415
24540,1587038691.641827,13,-3189
24541,1587038691.6421502,43,-3190
24542,1587038717.6940491,23,0
24543,1587038717.6949682,24,-1
24544,1587038717.6955233,30,-1
24545,1587038725.192274,23,0
24546,1587038725.1937132,24,-1
24547,1587038725.1943731,30,-2
24548,1587038725.194802,23,-2
24549,1587038725.195167,24,-3
24550,1587038725.19551,30,-3
24551,1587038725.1958642,23,-3
24552,1587038725.196313,24,-3
24553,1587038725.196681,30,-4
24554,1587038725.473222,13,-5712
24555,1587038725.473741,43,-5713
24556,1587038725.474506,13,-4272
24557,1587038725.4747362,43,-4273
24558,1587038725.475166,13,-3883
24559,1587038725.475439,43,-3883
24560,1587038725.615492,13,-551
24561,1587038725.616014,43,-551
24562,1587038756.162653,23,0
24563,1587038756.163362,24,0
24564,1587038756.163726,30,-1
24565,1587038772.3494081,1,-33
24566,1587038782.8055673,1,-88
24567,1587038788.8389583,1,-57
24568,1587038789.9510481,1,-30
24569,1587038793.385775,1,-3
24570,1587038794.524305,1,-83
24571,1587038798.157622,1,-11
24572,1587038800.3968782,1,-17
24573,1587038804.5547202,23,-2
24574,1587038804.555864,24,-3
24575,1587038804.556184,30,-3
24576,1587038808.047671,1,-24
24577,1587038810.000487,1,-32
24578,1587038815.3829,1,-403
24579,1587038815.423893,23,-150
24580,1587038815.431195,24,-157
24581,1587038815.437534,30,-164
24582,1587038816.831747,1,-160
24583,1587038826.351521,23,-60
24584,1587038826.353111,24,-62
24585,1587038826.353334,30,-62
24586,1587038826.353595,23,-60
24587,1587038826.3539891,24,-61
24588,1587038826.354179,30,-61
24589,1587038826.355599,23,-62
24590,1587038826.355811,24,-62
24591,1587038826.356239,30,-63
24592,1587038826.35644,23,-63
24593,1587038826.3566241,24,-63
24594,1587038826.356802,30,-63
24595,1587038826.9395761,13,-6842
24596,1587038826.9397001,43,-6842
24597,1587038826.944905,13,-5878
24598,1587038826.94508,43,-5878
24599,1587038826.948399,13,-5821
24600,1587038826.948744,43,-5822
24601,1587038827.976658,1,-37
24602,1587038832.106092,1,-73
24603,1587038834.23336,13,-6751
24604,1587038834.7099562,43,-7227
24605,1587038841.066993,1,-16
24606,1587038843.1202412,1,-347
24607,1587038846.205188,1,-10
24608,1587038848.024395,1,-28
24609,1587038854.290925,25,-14
24610,1587038854.293132,30,-17
24611,1587038854.293611,25,-2
24612,1587038854.294056,30,-2
24613,1587038855.367511,13,-6443
24614,1587038855.368221,43,-6443
24615,1587038855.3697882,13,-5566
24616,1587038855.370351,43,-5567
24617,1587038855.3712292,13,-5375
24618,1587038855.371601,43,-5376
24619,1587038857.7302442,1,-5
24620,1587038859.022279,1,-27
24621,1587038862.835352,13,-5408
24622,1587038862.841188,43,-5414
24623,1587038866.1244931,1,-21
24624,1587038867.356116,1,-23
24625,1587038875.4034162,1,-163
24626,1587038876.912522,1,-7
24627,1587038880.908019,1,-17
24628,1587038882.0385401,1,-76
24629,1587038888.5280843,1,-59
24630,1587038890.0581832,1,-28
24631,1587038894.4625561,1,-37
24632,1587038896.0971842,1,-25
24633,1587038903.4142032,1,-154
24634,1587038903.6724641,1,-18
24635,1587038911.711452,1,-10
24636,1587038913.416016,1,-117
24637,1587038918.2038603,1,-17
24638,1587038920.708734,1,-16
24639,1587038925.361092,1,-16
24640,1587038927.2728622,25,-82
24641,1587038927.2732742,30,-83
24642,1587038927.273529,25,-83
24643,1587038927.2737432,30,-83
24644,1587038928.778531,1,-58
24645,1587038932.5766182,1,-7
24646,1587038934.2975981,1,-63
24647,1587038942.893168,1,-13
24648,1587038943.8327632,1,-197
24649,1587038945.573091,1,-15
24650,1587038947.457574,1,-56
24651,1587038964.021428,1,-14
24652,1587038965.621821,1,-87
24653,1587038966.798161,1,-12
24654,1587038969.1576972,1,-34
24655,1587038973.4277332,1,-18
24656,1587038976.6521792,23,0
24657,1587038976.653567,24,-1
24658,1587038976.654016,30,-2
24659,1587038976.6544433,23,-2
24660,1587038976.6547933,24,-2
24661,1587038976.655131,30,-3
24662,1587038976.6554933,23,-2
24663,1587038976.655838,24,-2
24664,1587038976.6561801,30,-2
24665,1587038987.946732,23,-82
24666,1587038987.947124,24,-83
24667,1587038987.9473622,30,-83
24668,1587039045.918728,1,-51
24669,1587039048.731348,1,-13
24670,1587039050.3589232,1,-851
24671,1587039052.317747,1,-8
24672,1587039053.593245,1,-307
24673,1587039054.6416311,1,-18
24674,1587039066.8890772,1,-40
24675,1587039070.533209,1,-130
24676,1587039075.075543,1,-1409
24677,1587039075.07658,1,-1335
24678,1587039078.69143,1,-12
24679,1587039081.6758661,1,-10
24680,1587039085.8303711,1,-60
24681,1587039089.229538,1,-23
24682,1587039090.716448,1,-46
24683,1587039093.678987,1,-9
24684,1587039095.0704591,1,-258
24685,1587039096.4967723,25,-1
24686,1587039096.497172,30,-1
24687,1587039096.4980083,25,-1
24688,1587039096.5031142,30,-7
24689,1587039102.9121542,23,-2
24690,1587039102.922226,24,-12
24691,1587039102.922553,30,-12
24692,1587039106.2259111,1,0
24693,1587039108.12347,23,0
24694,1587039108.1242092,24,0
24695,1587039108.124592,30,-1
24696,1587039120.7622023,1,-9485
24697,1587039120.9479003,1,-8475
24698,1587039120.948688,1,-5846
24699,1587039120.9490333,1,-5319
24700,1587039120.9493313,1,-4138
24701,1587039120.949657,1,-1772
24702,1587039120.949947,1,-999
24703,1587039120.96701,7,-490
24704,1587039122.611498,1,-345
24705,1587039127.7851663,1,-4250
24706,1587039127.8376622,1,-1176
24707,1587039127.840332,1,-785
24708,1587039127.8411922,23,-53
24709,1587039127.841506,24,-54
24710,1587039127.842761,30,-55
24711,1587039127.905543,23,-117
24712,1587039127.90623,24,-118
24713,1587039127.906465,30,-118
24714,1587039128.4550261,1,-32
24715,1587039130.488887,1,-699
24716,1587039130.6228201,1,-16
24717,1587039135.277595,1,-380
24718,1587039136.136651,1,-123
24719,1587039146.0974581,1,-19
24720,1587039146.536601,1,-140
24721,1587039362.4235651,1,-952
24722,1587039370.483448,1,-11
24723,1587039370.5014472,25,-1
24724,1587039370.501876,30,-1
24725,1587039370.5020251,25,-1
24726,1587039370.5021112,30,-1
24727,1587039370.5029001,25,-1
24728,1587039370.5031853,30,-1
24729,1587039370.5046191,25,0
24730,1587039370.5048761,30,-1
24731,1587039370.505103,25,0
24732,1587039370.5052931,30,0
24733,1587039370.505494,25,0
24734,1587039370.5056741,30,-1
24735,1587039381.1868172,1,-73
24736,1587039396.0070882,9,0
24737,1587039409.665949,7,0
24738,1587039409.6753151,7,0
24739,1587039438.0008793,7,0
24740,1587039438.0024002,7,0
24741,1587039447.183278,1,-37
24742,1587039484.5132031,1,-43
24743,1587039484.525618,25,0
24744,1587039484.5260231,30,0
24745,1587039487.5188031,1,-38
24746,1587039490.078838,25,0
24747,1587039490.079814,30,-1
24748,1587039497.8586621,1,-14
24749,1587039499.196635,1,-110
24750,1587039514.987979,7,0
24751,1587039514.989202,9,-1
24752,1587039514.9916291,7,-1
24753,1587039543.5223792,7,0
24754,1587039568.396041,1,-29
24755,1587039573.451754,7,0
24756,1587039583.6695762,7,0
24757,1587039583.671025,7,0
24758,1587039748.628724,1,0
24759,1587039753.1768942,25,0
24760,1587039753.1774282,30,0
24761,1587039753.181489,25,-1
24762,1587039753.181935,30,-1
24763,1587039753.1826673,25,0
24764,1587039753.183062,30,0
24765,1587039753.1836832,25,0
24766,1587039753.1839542,30,0
24767,1587039827.3243291,25,0
24768,1587039827.325153,30,-1
24769,1587039827.325767,25,0
24770,1587039827.3265312,30,0
24771,1587040667.0347252,25,0
24772,1587040667.035594,30,-1
24773,1587040667.036204,25,-1
24774,1587040667.0367422,30,-1
24775,1587040869.155935,25,-23
24776,1587040869.156342,30,-24
24777,1587040869.156497,25,-1
24778,1587040869.156601,30,-2
24779,1587041717.6321821,8,-6
24780,1587041788.4867072,25,-5
24781,1587041788.487914,30,-6
24782,1587041788.4883633,25,-5
24783,1587041788.4886172,30,-5
24784,1587041904.2768831,8,0
24785,1587041918.1675262,8,0
24786,1587041967.346406,8,-4
24787,1587041975.899799,8,0
24788,1587042033.3536172,8,-1
24789,1587042055.6597912,8,-2
24790,1587042062.0579271,8,-7
24791,1587042075.3302362,8,0
24792,1587042104.896142,8,-1
24793,1587042164.6836362,25,0
24794,1587042164.6840253,30,0
24795,1587042164.6851053,25,0
24796,1587042164.6854172,30,0
24797,1587042402.795042,8,0
24798,1587042416.8223262,8,0
24799,1587043511.0058722,1,-86
24800,1587043512.9152792,1,-5
24801,1587043514.2696111,1,-87
24802,1587043514.269978,1,-87
24803,1587043516.3150783,25,0
24804,1587043516.315498,30,0
24805,1587043516.319427,25,-1
24806,1587043516.320269,30,-2
24807,1587043516.3216643,25,0
24808,1587043516.3219001,30,0
24809,1587043516.3227851,25,0
24810,1587043516.3230023,30,0
24811,1587043525.450786,1,-113
24812,1587043567.222011,1,-32
24813,1587043573.591504,1,-208
24814,1587043574.8758342,1,-14
24815,1587043579.6408782,1,-50
24816,1587043584.6522903,25,0
24817,1587043584.652812,30,0
24818,1587043584.657567,25,0
24819,1587043584.6580482,30,0
24820,1587043742.9042642,25,0
24821,1587043742.904704,30,0
24822,1587043742.909533,25,-1
24823,1587043742.909748,30,-1
24824,1587044031.0527163,1,-212
24825,1587044037.2866242,25,0
24826,1587044037.2868843,30,0
24827,1587044042.5456762,25,0
24828,1587044042.546525,30,-1
24829,1587044098.836564,1,-116
24830,1587044200.139031,1,-100
24831,1587044201.022941,1,-91
24832,1587044207.6512952,1,-395
24833,1587044213.256041,25,-1
24834,1587044213.25626,30,-1
24835,1587044213.2564251,25,0
24836,1587044213.256548,30,0
24837,1587044214.420989,1,-40
24838,1587044215.876867,1,-97
24839,1587044219.491314,25,-1
24840,1587044219.491496,30,-1
24841,1587044219.4916263,25,0
24842,1587044219.491725,30,-1
24843,1587044469.3057182,25,0
24844,1587044469.306126,30,0
24845,1587044469.3094292,25,0
24846,1587044469.3099132,30,0
24847,1587044723.286385,1,-8
24848,1587044750.842641,1,-101
24849,1587044760.8073182,1,-36
24850,1587044762.226278,25,0
24851,1587044762.2266703,30,0
24852,1587044762.233611,25,0
24853,1587044762.2343712,30,0
24854,1587044858.3357673,1,-49
24855,1587045069.842148,7,-27
24856,1587045072.821438,1,0
24857,1587045073.080444,1,-26
24858,1587045084.13551,25,-3
24859,1587045084.136034,30,-4
24860,1587045084.1365762,25,-4
24861,1587045084.136849,30,-4
24862,1587045084.1372652,25,-3
24863,1587045084.137518,30,-3
24864,1587045084.1381361,25,-3
24865,1587045084.138478,30,-4
24866,1587045084.1396012,25,-1
24867,1587045084.1401272,30,-2
24868,1587045084.140897,25,-2
24869,1587045084.141088,30,-2
24870,1587045092.9866443,1,0
24871,1587045100.024821,25,0
24872,1587045100.0256042,30,-1
24873,1587045100.026364,25,-1
24874,1587045100.026637,30,-1
24875,1587045100.02693,25,0
24876,1587045100.0273101,30,0
24877,1587045100.027576,25,0
24878,1587045100.027793,30,0
24879,1587045100.0282903,25,0
24880,1587045100.0286102,30,0
24881,1587045164.1856952,7,0
24882,1587045212.2219632,1,-37
24883,1587045235.6865993,25,0
24884,1587045235.6871343,30,0
24885,1587045235.6894393,25,0
24886,1587045235.6896582,30,0
24887,1587045358.7772212,7,0
24888,1587045443.1943302,7,0
24889,1587045458.11665,1,-90
24890,1587045465.014646,1,-92
24891,1587045468.58699,1,-18
24892,1587045473.892249,25,0
24893,1587045473.893158,30,0
24894,1587045473.8946133,25,0
24895,1587045473.894928,30,0
24896,1587045473.8960032,25,-1
24897,1587045473.896172,30,-1
24898,1587045473.8963451,25,0
24899,1587045473.8965,30,0
24900,1587045473.898303,25,0
24901,1587045473.89857,30,0
24902,1587045473.9003673,25,0
24903,1587045473.9007792,30,0
24904,1587045473.9009743,25,0
24905,1587045473.901125,30,0
24906,1587045516.121591,1,0
24907,1587045520.2635932,1,-131
24908,1587045522.622077,25,-13
24909,1587045522.6223192,30,-14
24910,1587045522.6238441,25,-14
24911,1587045522.624011,30,-14
24912,1587045529.7372,1,0
24913,1587048410.1271012,25,0
24914,1587048410.127489,30,0
24915,1587048410.128562,25,0
24916,1587048410.129044,30,0
24917,1587050465.6493282,25,0
24918,1587050465.649817,30,0
24919,1587050465.650845,25,0
24920,1587050465.6511462,30,0
24921,1587050935.642199,1,-62
24922,1587050936.2367692,25,0
24923,1587050936.237425,30,0
24924,1587050936.2388053,25,0
24925,1587050936.2389193,30,0
24926,1587050937.31463,1,0
24927,1587051123.025329,1,-75
24928,1587051124.273181,25,0
24929,1587051124.273554,30,-1
24930,1587051124.274887,25,0
24931,1587051124.275209,30,0
24932,1587051126.731701,1,0
24933,1587051135.0393062,1,-8
24934,1587051139.387628,1,0
24935,1587051139.899279,1,-3
24936,1587051140.936141,1,-55
24937,1587051140.936511,1,-55
24938,1587051146.523586,25,0
24939,1587051146.523797,30,0
24940,1587051146.523934,25,0
24941,1587051146.5240211,30,0
24942,1587051203.508644,1,-62
24943,1587051219.6976142,25,0
24944,1587051219.697833,30,-1
24945,1587051219.697968,25,0
24946,1587051219.6980531,30,0
24947,1587051272.544044,25,0
24948,1587051272.544425,30,-1
24949,1587051272.5446482,25,0
24950,1587051272.5448291,30,0
24951,1587051351.2837741,25,-2
24952,1587051351.28401,30,-2
24953,1587051351.2844262,25,0
24954,1587051351.2845821,30,0
24955,1587051387.5657,23,0
24956,1587051387.5684512,24,-3
24957,1587051387.56921,30,-3
24958,1587051395.5931072,23,0
24959,1587051395.5932682,24,0
24960,1587051395.5934672,30,0
24961,1587051401.3727062,7,0
24962,1587051434.1767762,1,-14
24963,1587051435.3390303,1,-338
24964,1587051496.377931,1,-8
24965,1587051636.955791,1,-43
24966,1587051660.632265,25,0
24967,1587051660.6328683,30,0
24968,1587051660.6341424,25,0
24969,1587051660.6346302,30,0
24970,1587051668.8484073,1,-8
24971,1587051693.1399941,1,-103
24972,1587051696.8190432,1,-6
24973,1587051703.5873232,25,0
24974,1587051703.58783,30,0
24975,1587051703.588421,25,0
24976,1587051703.58868,30,-1
24977,1587051703.589242,25,0
24978,1587051703.589564,30,0
24979,1587051703.5918713,25,0
24980,1587051703.5923162,30,0
24981,1587051703.5935292,25,0
24982,1587051703.5938683,30,0
24983,1587051703.5941572,25,0
24984,1587051703.594387,30,0
24985,1587051703.595069,25,0
24986,1587051703.5953841,30,0
24987,1587051743.9081779,1,-477
24988,1587051752.3585672,3,-10
24989,1587051784.7944312,1,-5
24990,1587051788.020144,3,-1
24991,1587051797.1860611,25,0
24992,1587051797.1868892,30,-1
24993,1587051797.1903691,25,0
24994,1587051797.1906922,30,0
24995,1587051851.1714373,1,-1149
24996,1587051887.5038853,1,-8
24997,1587051889.0541492,1,-43
24998,1587051889.0750523,25,0
24999,1587051889.0752273,30,0
25000,1587051893.9601111,1,-45
25001,1587051894.7403572,25,0
25002,1587051894.740922,30,0
25003,1587051924.8171282,1,-11
25004,1587051929.201756,1,-255
25005,1587051984.7830682,3,0
25006,1587052022.8697982,3,-1
25007,1587052056.526651,1,-17
25008,1587052068.108778,25,-3
25009,1587052068.1089501,30,-3
25010,1587052068.109075,25,-2
25011,1587052068.1091633,30,-2
25012,1587052461.531943,25,0
25013,1587052461.532425,30,-1
25014,1587052507.8412762,25,-1
25015,1587052507.841537,30,-2
25016,1587052507.8417192,25,0
25017,1587052507.841847,30,0
25018,1587052550.7063742,1,-14
25019,1587052555.1186852,1,-10
25020,1587052574.1420581,1,-484
25021,1587052591.25243,3,0
25022,1587052630.335164,3,-1
25023,1587052680.9972332,1,-25
25024,1587052684.035037,1,-95
25025,1587052684.0369263,1,-89
25026,1587052685.8993962,1,-98
25027,1587052803.9764822,1,-15
25028,1587052805.529997,1,-9
25029,1587052805.6953611,1,-113
25030,1587052806.7900171,1,-86
25031,1587052810.154839,23,0
25032,1587052810.155046,24,0
25033,1587052810.1551762,30,0
25034,1587052810.155323,23,0
25035,1587052810.1554391,24,0
25036,1587052810.1555471,30,0
25037,1587052813.5475671,13,-6165
25038,1587052813.5489392,43,-6167
25039,1587052813.5499573,13,-3371
25040,1587052813.5500603,43,-3371
25041,1587052813.550324,13,-3244
25042,1587052813.5504122,43,-3244
25043,1587052813.550766,13,-2054
25044,1587052813.550858,43,-2054
25045,1587052817.918661,23,0
25046,1587052817.918868,24,0
25047,1587052817.91897,30,0
25048,1587052817.9190772,23,0
25049,1587052817.919157,24,0
25050,1587052817.9192343,30,0
25051,1587052860.2842164,1,-5
25052,1587052861.1353621,1,-32
25053,1587052910.6772351,1,-9
25054,1587052912.660842,1,-22
25055,1587052950.657422,23,0
25056,1587052950.6576881,24,0
25057,1587052950.65796,30,0
25058,1587052950.6582122,23,0
25059,1587052950.658381,24,0
25060,1587052950.6585321,30,-1
25061,1587052950.6824512,13,-5733
25062,1587052950.6826682,43,-5734
25063,1587052950.683628,13,-4657
25064,1587052950.6839123,43,-4657
25065,1587053021.287691,1,-14
25066,1587053023.506742,1,-36
25067,1587053032.0545661,25,0
25068,1587053032.0551121,30,0
25069,1587053032.0555053,25,0
25070,1587053032.0559373,30,-1
25071,1587053056.9579442,1,-14
25072,1587053062.799519,25,0
25073,1587053062.7999892,30,0
25074,1587053062.8023882,25,0
25075,1587053062.8025942,30,0
25076,1587054964.521136,25,0
25077,1587054964.5214162,30,0
25078,1587054964.521634,25,0
25079,1587054964.521795,30,0
25080,1587054996.2574773,25,-1
25081,1587054996.2577422,30,-1
25082,1587054996.2644582,25,0
25083,1587054996.2646914,30,0
25084,1587055390.8535943,25,0
25085,1587055390.8539653,30,0
25086,1587055390.8554711,25,0
25087,1587055390.855658,30,0
25088,1587056490.776074,25,0
25089,1587056490.77635,30,0
25090,1587056490.781364,25,0
25091,1587056490.781609,30,0
25092,1587056490.7821531,25,0
25093,1587056490.78237,30,0
25094,1587056490.7825592,25,0
25095,1587056490.7827141,30,0
25096,1587056529.569993,25,0
25097,1587056529.570559,30,0
25098,1587056529.5720172,25,0
25099,1587056529.5727372,30,0
25100,1587057377.6822643,25,0
25101,1587057377.6824372,30,0
25102,1587057377.6825552,25,0
25103,1587057377.68264,30,0
