ID,timestamp,DistributionID,StartOffset
4156,1586837145.4718301,4,14528
4157,1586838092.0735712,5,-32073
4158,1586838170.748594,5,9251
4159,1586839185.9119563,5,14088
4160,1586840205.9715002,5,14028
4161,1586841225.3481221,4,14651
4162,1586841684.389388,4,-24389
4163,1586842245.2203922,4,14779
4164,1586842424.039051,4,15960
4165,1586843270.4015472,5,9598
4166,1586844290.5510683,5,9448
4167,1586845305.712923,5,14287
4168,1586846330.8748221,5,9125
4169,1586847153.9918091,5,-33991
4170,1586847351.239571,5,8760
4171,1586848371.3769732,5,8623
4172,1586849386.2868152,5,13713
4173,1586850332.101398,5,-32101
4174,1586850406.252932,5,13747
4175,1586851431.9448953,5,8055
4176,1586852446.919696,5,13080
4177,1586853465.85116,5,14148
4178,1586854485.980782,5,14019
4179,1586855506.111077,5,13888
4180,1586856531.331829,5,8668
4181,1586857551.7118893,5,8288
4182,1586858566.7555532,5,13244
4183,1586858991.527564,5,8472
4184,1586859068.2852383,5,-8285
4185,1586859585.6240752,5,14375
4186,1586860409.94596,5,-29945
4187,1586860605.3854833,4,14614
4188,1586861625.647838,5,14352
4189,1586862017.2851832,5,-17285
4190,1586862645.864451,5,14135
4191,1586863671.0641582,5,8935
4192,1586863965.4815261,5,14518
4193,1586864686.3650122,5,13634
4194,1586865412.9486191,28,0
4195,1586865438.835282,28,0
4196,1586865460.919551,28,0
4197,1586865585.041792,5,14958
4198,1586865710.216427,5,9783
4199,1586866726.7110672,5,13288
4200,1586867746.8799071,5,13120
4201,1586867862.8899481,28,0
4202,1586868230.88155,5,9118
4203,1586868258.2901993,4,-18290
4204,1586868263.2808092,28,0
4205,1586868317.2564251,28,0
4206,1586868765.3187432,4,14681
4207,1586869785.9083834,5,14091
4208,1586870806.096756,5,13903
4209,1586871135.2956553,5,-15295
4210,1586871428.1169462,5,-8116
4211,1586871831.492345,5,8507
4212,1586872061.1998262,5,18800
4213,1586872095.561278,28,0
4214,1586872098.2532682,28,-1
4215,1586872115.7770233,28,0
4216,1586872125.7456362,28,0
4217,1586872137.51219,28,0
4218,1586872149.067181,28,-1
4219,1586872150.170895,28,-1
4220,1586872449.2235632,28,0
4221,1586872459.8451502,4,-19845
4222,1586872847.64085,5,12359
4223,1586872847.6412501,4,12358
4224,1586873009.440475,28,0
4225,1586873089.6508632,5,10349
4226,1586873190.1777751,28,0
4227,1586873197.0445032,28,-1
4228,1586873871.7330022,5,8266
4229,1586874886.9692292,5,13030
4230,1586875907.045516,5,12954
4231,1586876414.7804914,28,0
4232,1586876426.5019991,28,0
4233,1586876930.931893,5,9068
4234,1586877776.8099551,5,3190
4235,1586877942.671032,5,17328
4236,1586877970.2666163,4,-10266
4237,1586877976.2034612,28,0
4238,1586878966.2675622,5,13732
4239,1586879796.228139,5,23771
4240,1586879821.934987,28,0
4241,1586879823.327908,28,0
4242,1586879824.564989,4,-4564
4243,1586879859.970737,4,20029
4244,1586879870.136882,28,0
4245,1586879872.1412063,28,0
4246,1586879986.6006851,5,13399
4247,1586880359.3653703,5,634
4248,1586880540.6900172,5,-690
4249,1586880892.644948,5,7355
4250,1586881006.7561092,5,13243
4251,1586883399.0203571,4,20979
4252,1586884065.8882241,4,14111
4253,1586884484.1411462,4,15858
4254,1586884498.2185702,28,-8
4255,1586884508.0978823,28,0
4256,1586885092.524183,5,7475
4257,1586886111.565403,5,8434
4258,1586887126.6293592,5,13370
4259,1586887727.7820692,28,0
4260,1586888146.7358491,5,13264
4261,1586889166.983222,5,13016
4262,1586890187.0599902,5,12940
4263,1586891207.316136,5,12683
4264,1586891521.1105971,5,-1110
4265,1586891527.7018511,28,0
4266,1586892226.2187772,5,13781
4267,1586893086.8819592,5,-6881
4268,1586893251.5158072,5,8484
4269,1586894271.640021,5,8359
4270,1586895189.187788,5,-9187
4271,1586895291.7651892,5,8234
4272,1586896287.4088001,28,-2
4273,1586896307.650083,28,0
4274,1586896311.890309,5,8109
4275,1586896402.3462362,5,-22346
4276,1586897327.0394783,5,12960
4277,1586897568.2316222,5,11768
4278,1586898347.249259,5,12750
4279,1586899372.5959463,5,7404
4280,1586899706.0480561,5,-26048
4281,1586900392.804532,5,7195
4282,1586901286.231975,5,13768
4283,1586901406.4970381,5,13502
4284,1586901599.5036693,5,496
4285,1586901651.9499192,5,8050
4286,1586902426.79216,5,13207
4287,1586903446.8789582,5,13121
4288,1586903562.921523,4,17078
4289,1586903571.7757192,28,-25
4290,1586903581.6769962,28,0
4291,1586903618.6371222,4,21362
4292,1586903677.0350971,4,22964
4293,1586903696.3632102,28,0
4294,1586903706.343442,28,0
4295,1586904091.6990142,28,0
4296,1586904093.1841302,28,0
4297,1586904466.077382,4,13922
4298,1586904605.1795683,4,-5179
4299,1586905486.0062432,4,13993
4300,1586906257.622013,5,22377
4301,1586906512.4616642,5,7538
4302,1586907526.2767081,4,13723
4303,1586908555.5229962,5,4477
4304,1586909138.1888452,4,21811
4305,1586909495.93181,4,24068
4306,1586909566.300254,4,13699
4307,1586910587.0507913,5,12949
4308,1586911612.2945352,5,7705
4309,1586911923.0209823,5,-3020
4310,1586912342.778801,5,-2778
4311,1586912592.2176032,4,-12217
4312,1586912626.966063,4,13033
4313,1586913154.37499,5,-34374
4314,1586913647.4819093,5,12518
4315,1586913729.511207,28,0
4316,1586913749.095035,28,0
4317,1586913799.1573331,28,-2
4318,1586914667.6118362,5,12388
4319,1586915688.129753,5,11870
4320,1586915855.554629,5,-35554
4321,1586916341.527434,5,18472
4322,1586916706.6343522,5,13365
4323,1586917732.2461133,5,7753
4324,1586918746.9731932,5,13026
4325,1586919008.237188,5,-8237
4326,1586919767.5838442,5,12416
4327,1586920631.258294,5,-11258
4328,1586920787.8807192,5,12119
4329,1586921813.0218973,5,6978
4330,1586922370.8033552,5,-10803
4331,1586922826.851952,5,13148
4332,1586923847.114154,5,12885
4333,1586924867.2461963,5,12753
4334,1586925887.39051,5,12609
4335,1586926907.5692973,5,12430
4336,1586927927.6478152,5,12352
4337,1586928947.997376,5,12002
4338,1586929681.077953,5,-1077
4339,1586929968.159542,5,11840
4340,1586930987.0801811,5,12919
4341,1586932007.1229,5,12877
4342,1586933007.8964071,5,-27896
4343,1586933027.5044742,5,12495
4344,1586933532.826816,5,-12826
4345,1586934047.3513882,5,12648
4346,1586935067.4426312,5,12557
4347,1586936087.7742462,5,12225
4348,1586937106.8205223,5,13179
4349,1586937864.3560953,5,-24356
4350,1586938127.1023903,5,12897
4351,1586939147.059132,5,12940
4352,1586940167.2547932,5,12745
4353,1586941187.63276,5,12367
4354,1586942207.833204,5,12166
4355,1586943227.7560391,5,12243
4356,1586944252.931363,5,7068
4357,1586945170.7031403,5,-10703
4358,1586945268.2863803,5,11713
4359,1586945439.4855452,5,20514
4360,1586945973.2957242,5,-33295
4361,1586946288.3954852,5,11604
4362,1586947313.8778481,5,6122
4363,1586947609.810872,4,10189
4364,1586948143.9029322,28,0
4365,1586948149.7692232,28,0
4366,1586948182.016982,28,0
4367,1586948329.0354753,5,10964
4368,1586948510.598885,4,9401
4369,1586949346.846468,4,13153
4370,1586949458.3012342,4,21698
4371,1586949567.06479,4,-27064
4372,1586949694.0242271,4,25975
4373,1586950367.3406742,4,12659
4374,1586951386.982037,4,13017
4375,1586951709.7358632,4,-9735
4376,1586952407.0669122,4,12933
4377,1586952987.5154922,4,-27515
4378,1586953427.047089,4,12952
4379,1586953433.975336,28,-10
4380,1586953438.40449,28,0
4381,1586953717.332326,4,22667
4382,1586953937.10394,4,-17103
4383,1586954108.0861,4,-8086
4384,1586954155.388165,4,4611
4385,1586954447.225212,4,12774
4386,1586954712.887577,5,-12887
4387,1586955044.264688,4,15735
4388,1586955143.0895112,4,-23089
4389,1586955161.7258182,4,18274
4390,1586955600.659028,4,-659
4391,1586955834.795689,4,5204
4392,1586956531.9107633,4,-31910
4393,1586956605.7074451,4,14292
4394,1586956723.264257,4,16735
4395,1586957341.9674852,4,-1967
4396,1586957507.1991782,4,12800
4397,1586957724.942861,4,-24942
4398,1586957751.170661,4,8829
4399,1586958109.2562962,4,10743
4400,1586958190.576419,4,-10576
4401,1586958237.573702,4,2426
4402,1586958485.2316923,4,-5231
4403,1586958527.20268,4,12797
4404,1586958718.667242,4,1332
4405,1586959035.0220122,4,-15022
4406,1586959068.0112681,4,11988
4407,1586959414.252396,4,-34252
4408,1586959435.5899673,4,4410
4409,1586959547.3896441,4,12610
4410,1586960567.1744509,4,12825
4411,1586960869.9729562,4,10027
4412,1586961159.058785,4,20941
4413,1586961230.0402331,4,9959
4414,1586961587.303823,4,12696
4415,1586962402.9499073,28,0
4416,1586962406.688492,28,-2
4417,1586962408.997641,28,-3
4418,1586962563.7899632,4,-3789
4419,1586962648.8442261,4,-28844
4420,1586962730.316056,4,9683
4421,1586962785.987853,4,14012
4422,1586962855.912552,4,4087
4423,1586962973.716773,4,6283
4424,1586963017.1299443,4,22870
4425,1586963627.7314773,4,12268
4426,1586964537.1992621,4,2800
4427,1586964626.697204,4,-26697
4428,1586964704.316019,4,15683
4429,1586964766.6262462,4,13373
4430,1586964884.6515102,4,15348
4431,1586965028.220705,4,-8220
4432,1586965667.3937593,4,12606
4433,1586965739.925981,4,74
4434,1586966077.8075862,4,22192
4435,1586966156.873437,4,3126
4436,1586966226.371663,4,-6371
4437,1586966343.542237,4,-3542
4438,1586966400.9882193,4,-988
4439,1586966637.476593,5,2523
4440,1586966687.2246504,5,12775
4441,1586967397.813049,28,0
4442,1586967420.7531161,28,-2
4443,1586967422.314747,28,-1
4444,1586967707.5746431,5,12425
4445,1586967834.006541,5,5993
4446,1586968724.48705,5,15512
4447,1586969058.644392,5,-18644
4448,1586969687.9295373,5,12070
4449,1586969753.6514812,5,6348
4450,1586970767.332211,5,12667
4451,1586970807.7419744,28,0
4452,1586970854.077516,28,0
4453,1586971793.988678,5,6011
4454,1586972751.8919852,28,0
4455,1586972756.9537582,28,-3
4456,1586972758.1479154,28,0
4457,1586972803.9411364,4,16058
4458,1586973835.7986193,5,4201
4459,1586974848.1384144,5,11861
4460,1586974897.468604,28,0
4461,1586974904.5628672,28,0
4462,1586974922.6591423,28,0
4463,1586974972.646377,28,0
4464,1586974978.0882072,28,0
4465,1586974994.716308,28,0
4466,1586975027.432524,28,-1
4467,1586975039.055388,28,0
4468,1586975867.17301,5,12826
4469,1586976318.9120631,5,-18912
4470,1586976371.312446,5,-11312
4471,1586976893.373518,5,6626
4472,1586977112.221426,5,-32221
4473,1586977157.2872763,5,-17287
4474,1586977912.509512,5,7490
4475,1586978934.0420442,5,5957
4476,1586979489.053332,4,-9053
4477,1586979947.892481,5,12107
4478,1586980973.12607,5,6873
4479,1586981987.5424962,4,12457
4480,1586982368.30269,5,-8302
4481,1586982387.90315,28,0
4482,1586982408.3971112,4,11602
4483,1586983001.0159082,4,18984
4484,1586983968.331957,5,11668
4485,1586983974.5737343,28,0
4486,1586984033.6087012,5,6391
4487,1586984375.1326132,5,24867
4488,1586984412.0025902,4,-12002
4489,1586984480.8254523,4,-20825
4490,1586985048.8245351,5,11175
4491,1586985510.468019,5,-30468
4492,1586985562.3790822,5,-22379
4493,1586985567.5054684,28,0
4494,1586986068.949708,5,11050
4495,1586986511.425767,5,-11425
4496,1586987093.0186272,5,6981
4497,1586988113.4237852,5,6576
4498,1586988484.2884212,5,-4288
4499,1586988536.663665,5,3336
4500,1586988672.178793,28,-1
4501,1586988675.587094,28,-3
4502,1586988848.6349802,28,0
4503,1586988867.539176,28,0
4504,1586988868.909599,28,0
4505,1586988914.767775,4,-14767
4506,1586989099.2703261,4,-19270
4507,1586989129.1149552,4,10885
4508,1586990147.551845,4,12448
4509,1586990535.791125,4,-15791
4510,1586990564.7951522,5,15204
4511,1586991168.905765,5,11094
4512,1586992005.70172,5,14298
4513,1586992188.8639162,5,11136
4514,1586993209.2742453,5,10725
4515,1586994228.091723,5,11908
4516,1586995248.038808,5,11961
4517,1586996268.3797493,5,11620
4518,1586996560.042262,5,19957
4519,1586997200.156037,5,-20156
4520,1586997288.7965121,5,11203
4521,1586998314.0031052,5,5996
4522,1586998552.7280693,28,0
4523,1586998561.408431,32,-1
4524,1586998561.420279,32,-13
4525,1586998570.5869942,5,-10586
4526,1586998939.73344,5,-19733
4527,1586999329.028968,5,10971
4528,1586999655.21525,5,-15215
4529,1587000349.199141,5,10800
4530,1587001368.9357502,5,11064
4531,1587002389.671811,5,10328
4532,1587003409.6907902,5,10309
4533,1587004428.564127,5,11435
4534,1587005448.5422983,5,11457
4535,1587006468.777496,5,11222
4536,1587007489.5461612,5,10453
4537,1587008509.3758981,5,10624
4538,1587009415.1046472,5,4895
4539,1587009528.378137,5,11621
4540,1587009867.2390661,5,-27239
4541,1587010553.529261,5,6470
4542,1587011568.477436,5,11522
4543,1587012588.6180663,5,11381
4544,1587013608.9937801,5,11006
4545,1587014629.262937,5,10737
4546,1587015649.4184792,5,10581
4547,1587016660.47538,5,19524
4548,1587017689.8322573,5,10167
4549,1587018710.0129433,5,9987
4550,1587019728.836039,5,11163
4551,1587020051.2821712,5,-11282
4552,1587020254.721498,5,-34721
4553,1587020749.151867,5,10848
4554,1587021436.177217,5,-16177
4555,1587021768.998315,5,11001
4556,1587022789.157504,5,10842
4557,1587023809.529463,5,10470
4558,1587024532.7609031,5,7239
4559,1587024829.7114372,5,10288
4560,1587025035.609759,5,-15609
4561,1587025849.92452,5,10075
4562,1587026868.9080782,5,11091
4563,1587027889.204128,5,10795
4564,1587028636.4252112,5,-16425
4565,1587028742.571271,5,-2571
4566,1587028909.2540011,5,10745
4567,1587029929.358694,5,10641
4568,1587030949.5666091,5,10433
4569,1587031432.743465,5,7256
4570,1587031534.3352082,5,-34335
4571,1587031897.838678,5,22161
4572,1587031968.5064702,5,11493
4573,1587032084.6902132,5,15309
4574,1587032990.0686302,5,9931
4575,1587034008.4220202,5,11577
4576,1587034047.728507,28,-2
4577,1587034302.142158,28,0
4578,1587035035.1073403,5,4892
4579,1587035128.5008292,5,-28500
4580,1587035200.2414103,5,19758
4581,1587036053.8734622,5,6126
4582,1587037069.070557,5,10929
4583,1587037372.346662,28,0
4584,1587037440.3566623,28,0
4585,1587037451.120531,28,-1
4586,1587037470.119163,28,0
4587,1587037472.1348221,28,-5
4588,1587037571.2611701,4,-11261
4589,1587037599.4277,4,20572
4590,1587037706.707779,4,-26707
4591,1587037826.7249942,4,-26724
4592,1587037928.732111,4,-8732
4593,1587038088.33066,4,11669
4594,1587038164.4936934,4,-4493
4595,1587038323.6630192,4,16336
4596,1587038414.7092872,4,-14709
4597,1587038437.104248,4,22895
4598,1587038525.061934,4,-5061
4599,1587038556.47953,4,23520
4600,1587038643.7089531,4,-3708
4601,1587038917.857367,4,22142
4602,1587039120.950789,5,-950
4603,1587039175.7714891,5,4228
4604,1587039427.367001,5,-7367
4605,1587039533.834135,4,6165
4606,1587040128.406188,5,11593
4607,1587040232.797753,5,-32797
4608,1587041148.546658,5,11453
4609,1587041790.3781722,4,-30378
4610,1587041865.1817951,4,14818
4611,1587042024.8241022,4,-24824
4612,1587042047.0347393,5,12965
4613,1587042100.69213,4,19307
4614,1587042168.2133222,4,11786
4615,1587043188.360311,5,11639
4616,1587043512.9193032,28,0
4617,1587043514.351946,28,-2
4618,1587043530.707684,4,-30707
4619,1587044033.5532093,5,6446
4620,1587044106.0130763,5,-6013
4621,1587044212.474905,5,7525
4622,1587045228.6493762,5,11350
4623,1587045348.372657,5,11627
4624,1587045520.504338,5,19495
4625,1587045528.479952,28,0
4626,1587046249.479425,5,10520
4627,1587047004.4665422,5,-24466
4628,1587047268.1527271,5,11847
4629,1587048022.3792253,5,-22379
4630,1587048292.561613,5,7438
4631,1587049308.47669,5,11523
4632,1587049852.4315472,5,7568
4633,1587050078.4877892,5,21512
4634,1587050328.774266,5,11225
4635,1587050554.0140033,5,-34014
4636,1587050936.0183153,28,0
4637,1587050946.5515423,28,0
4638,1587051125.5044942,28,0
4639,1587051138.1004982,28,0
4640,1587051139.9005842,28,0
4641,1587051141.2519841,28,-14
4642,1587051336.0548532,5,23945
4643,1587051772.465321,5,7534
4644,1587052487.017139,4,12982
4645,1587052508.074512,32,0
4646,1587052609.662243,4,10337
4647,1587053080.1986823,4,19801
4648,1587053388.7221794,4,11277
4649,1587054408.513178,4,11486
4650,1587055428.3150601,4,11684
4651,1587056448.8591232,4,11140
4652,1587057429.6209192,4,-9620
4653,1587057468.3799052,4,11620
