ID,timestamp,EndOffset,Power,RootNodeID,StartOffset
672,1585084516.622203,1972739508,1,5,-1755827
2752,1586460384.672528,592066247,0,57,-63722229984672
3358,1586807253.5405042,100252672,167,6,-615597
3373,1586820819.959651,146328428,6,4,-2031830
3392,1586829391.3149722,42384162,1,8,-1898389
3394,1586829391.3185952,30968365,1025,9,-1898394
3395,1586829391.3228931,30968360,3181,7,-1898398
3396,1586829391.3261552,30968357,3346,54,-1898401
3397,1586832563.9410331,4712895,5643,2,-1803830
3398,1586838867.1924312,-2,10457,2,-1590355
3399,1586840814.0522132,2211788,5829,2,-1946861
3400,1586843603.2517872,-2,9321,2,-577411
3401,1586845017.1210613,15342562,5073,2,-1413871
3402,1586861507.6359742,-6,12004,2,-1147951
3403,1586861507.64966,10267827,5722,9,-1147963
3404,1586861507.689958,1224599,17271,7,-1148005
3405,1586861507.7312782,-102,28000,54,-1148046
3406,1586862732.2971852,810049,18559,2,-1224668
3407,1586862732.3068762,-17,19538,54,-1224677
3408,1586863542.363583,8233113,21170,7,-810075
3409,1586863542.373962,39256712,27654,54,-810085
3410,1586864470.0073662,-14,22788,2,-927659
3411,1586865330.3042412,-7,15090,2,-860311
3412,1586866434.403362,-7,18241,2,-1104106
3413,1586867704.4128501,-44,14353,2,-1270016
3414,1586868241.925086,-4,32069,2,-537557
3415,1586869328.273838,-9,21247,2,-1086352
3416,1586870188.399928,1587077,14775,2,-860135
3417,1586872390.55305,-22,4387,8,-615076
3418,1586872390.5567093,-25,59096,2,-615080
3419,1586872390.5678642,2117543,10266,9,-615091
3420,1586872390.5776172,-46,41650,7,-615100
3421,1586874508.120058,5285591,1265,8,-2117588
3422,1586874508.123714,-12,33495,2,-2117591
3423,1586874508.14007,-29,22994,7,-2117608
3424,1586874897.2827802,1966904,15939,2,-389171
3425,1586874897.362544,4896348,5988,9,-389251
3426,1586874897.370387,4896340,19455,7,-389258
3427,1586878215.9515712,-8,19840,2,-1351763
3428,1586879035.3029823,758408,15356,2,-819359
3429,1586880367.2913313,-5,6007,8,-573579
3430,1586880367.295721,-10,42945,2,-573583
3431,1586880367.3067412,-21,9281,9,-573594
3432,1586880367.321485,-35,27336,7,-573609
3433,1586881166.045144,2458221,0,8,-798759
3434,1586881166.0467002,3584950,13480,2,-798761
3435,1586881166.0531774,23434011,5793,9,-798766
3436,1586881166.0615342,21633025,17897,7,-798776
3437,1586884751.046853,20289913,164,8,-1126779
3438,1586885385.864615,8214610,17114,2,-634866
3439,1586894604.91715,2683025,14051,2,-1004442
3440,1586898353.719329,-16,17069,2,-1065776
3441,1586899336.780656,3462305,14042,2,-983077
3442,1586904600.1362772,-71,25810,2,-1801050
3443,1586904600.1407943,-76,28589,7,-1801055
3444,1586904600.1424062,-77,23982,54,-1801056
3445,1586905040.964214,-3,55546,2,-440899
3446,1586905040.9665601,617320,9613,9,-440901
3447,1586905040.968338,617319,59572,7,-440903
3448,1586905040.969398,8790029,28000,54,-440904
3449,1586905658.461898,616379,4242,8,-617501
3450,1586905658.4756231,-188,49211,2,-617514
3451,1586906274.845005,-3,99737,2,-616557
3452,1586906274.8478482,-6,12678,9,-616560
3453,1586906274.8517492,-10,62968,7,-616564
3454,1586906890.6851902,615528,23,8,-615843
3455,1586906890.6901882,-67,45632,2,-615848
3456,1586906890.6994252,615513,7943,9,-615857
3457,1586906890.7010891,615512,58155,7,-615859
3458,1586907506.216298,-3,24013,2,-615593
3459,1586908351.137124,-120,19176,8,-844924
3460,1586908351.143058,-126,146752,2,-844930
3461,1586908351.146156,618702,6607,6,-844933
3462,1586908351.161878,-145,24088,9,-844948
3463,1586908351.1643672,-147,75107,7,-844951
3464,1586908969.8657112,628620,4902,8,-618848
3465,1586908969.8693361,-20,94371,2,-618852
3466,1586908969.883429,2983924,14055,9,-618866
3467,1586908970.0435221,2983764,65496,7,-619026
3468,1586909598.510057,-24,70915,2,-628661
3469,1586909598.5114932,1658982,0,6,-628662
3470,1586910909.279871,-126,993,8,-1310794
3471,1586910909.2804632,-126,38282,2,-1310794
3472,1586911257.5092483,696298,4956,8,-348355
3473,1586911257.5116773,-17,85999,2,-348357
3474,1586911953.8312593,-23,72536,2,-696337
3475,1586911953.8368363,125502921,2703,6,-696343
3476,1586912568.451417,-21,9140,8,-614643
3477,1586912568.4529462,-23,141957,2,-614645
3478,1586912568.4562192,-26,19259,9,-614648
3479,1586912568.4629612,-33,76035,7,-614655
3480,1586913654.5496702,160904,291,8,-1086118
3481,1586913654.5514903,160902,37780,2,-1086121
3482,1586913654.5581002,160895,8169,9,-1086126
3483,1586913654.5640411,160889,60583,7,-1086133
3484,1586913816.6557713,13455,12023,8,-998
3485,1586913816.656295,13455,1043026,2,-998
3486,1586913816.657648,13453,40919,9,-1000
3487,1586913816.658042,13453,158460,7,-1000
3488,1586913831.0002613,-1,0,8,-719
3489,1586913831.0017502,-2,1106926,2,-721
3490,1586913831.0025392,-3,20050,9,-721
3491,1586913831.0029192,-3,83542,7,-722
3492,1586914184.7836761,52963604,4,8,-353784
3493,1586914184.784244,-2,119534,2,-353785
3494,1586914184.7862592,6376162,3975,9,-353786
3495,1586914184.7872562,-5,14336,7,-353788
3496,1586914184.788032,-6,7606,54,-353789
3497,1586914811.591836,-3,45711,2,-626809
3498,1586914811.5935452,-5,25994,7,-626811
3499,1586914811.5951152,-6,25871,54,-626813
3500,1586916686.292767,-2,15932,2,-1874704
3501,1586916686.2967582,1759731,6480,7,-1874708
3502,1586916686.299902,3874649,6427,54,-1874710
3503,1586918446.03126,-3,44316,2,-1759741
3504,1586920560.950848,-1,437640,2,-2114923
3505,1586920560.952594,-3,20147,7,-2114924
3506,1586921289.186682,1807010,8787,2,-728237
3507,1586921289.1934052,25955247,896,9,-728243
3508,1586921289.248046,25955193,2727,7,-728297
3509,1586921289.251987,17362631,3379,54,-728302
3510,1586925051.112914,-2,12295,2,-1954915
3511,1586927199.027092,7220639,6986,2,-2147916
3512,1586934781.161719,-1,3463,2,-361495
3513,1586935141.2149282,-3,9754,2,-360054
3514,1586935499.3959782,-2,3381,2,-358185
3515,1586935858.413856,372438,7150,2,-359019
3516,1586936700.510652,964716,3645,2,-469657
3517,1586938651.886497,-2,6955,2,-986659
3518,1586939079.5526342,-2,15608,2,-427668
3519,1586939079.55514,1837632,7008,54,-427671
3520,1586940917.1911283,-3,26301,2,-1837640
3521,1586942904.2287161,4340212,7105,2,-1987041
3522,1586942904.3412533,4340099,2588,54,-1987152
3523,1586949059.198517,1556683,15141,2,-1814756
3524,1586949059.2138782,18089173,4395,9,-1814771
3525,1586949059.2230191,-31,14146,7,-1814781
3526,1586949059.2348151,-43,19947,54,-1814792
3527,1586950616.1565552,1678998,19256,7,-1556965
3528,1586950616.172285,38588009,27999,54,-1556980
3529,1586951476.0203943,2089611,11132,2,-860138
3530,1586953565.6459212,-14,15340,7,-1270490
3531,1586954180.2764132,-8,20942,2,-614644
3532,1586954180.285778,1577624,21237,7,-614654
3533,1586955143.8170242,-261,25883,2,-963549
3534,1586955757.9270961,1762127,15249,2,-614371
3535,1586956803.1967402,716857,15559,7,-1045287
3536,1586958277.9364312,-6,21646,2,-757882
3537,1586958277.9684672,-38,20645,7,-757914
3538,1586959240.5181103,532182,16865,2,-962588
3539,1586959240.529776,-18,17262,7,-962600
3540,1586959772.709104,574527,20325,7,-532198
3541,1586960347.2427092,614465,12060,2,-574542
3542,1586960961.71813,-9,15312,7,-614481
3543,1586961576.1335373,-6,16679,2,-614424
3544,1586961576.140048,675950,19138,7,-614431
3545,1586962252.1312742,-41,12211,2,-676003
3546,1586963071.4932852,-5,27503,2,-819403
3547,1586963071.5313802,-44,23061,7,-819441
3548,1586963850.659924,-247,9585,2,-779172
3549,1586963850.6839972,737317,13969,7,-779196
3550,1586964588.2958992,1249022,13624,2,-737882
3551,1586965837.3291812,-10,17034,7,-1249327
3552,1586966534.090858,-17,21874,2,-696772
3553,1586966534.443612,613944,20109,7,-697125
3554,1586967148.3948913,-7,14154,2,-614321
3555,1586967765.2570322,-1,8446,4,-616870
3556,1586967765.262588,-7,19949,8,-616875
3557,1586967765.2673032,-12,227514,2,-616880
3558,1586967765.2723823,-17,26849,9,-616885
3559,1586967765.2751904,-20,72758,7,-616888
3560,1586968827.0240312,88429106,930,4,-1061768
3561,1586968827.251583,68629507,954,8,-1061995
3562,1586968827.2548614,-238,53292,2,-1061998
3563,1586968827.2709184,-254,9349,9,-1062014
3564,1586968827.2771072,-260,37003,7,-1062021
3565,1586969441.3645191,1331424,16284,2,-614348
3566,1586969441.376708,19762804,5915,9,-614360
3567,1586969441.389545,18376062,19286,7,-614373
3568,1586971715.9146671,-3,19864,2,-943125
3569,1586972637.706644,-100,11980,2,-921795
3570,1586974747.9729042,655556,26493,2,-2110366
3571,1586976468.473248,-8,15485,2,-1064943
3572,1586977390.404182,2294404,19365,2,-921939
3573,1586980647.4393063,4363431,14902,2,-962628
3574,1586985871.781395,1044524,18833,2,-860910
3575,1586987817.5280123,-75,14298,2,-901222
3576,1586989204.288567,-106,33495,2,-1386837
3577,1586989204.2915912,-109,23496,7,-1386840
3578,1586989872.3847222,1132668,16884,2,-668202
3579,1586989872.3914213,8446545,1606,9,-668207
3580,1586989872.4008222,524329,6208,7,-668218
3581,1586989872.4074953,524323,5280,54,-668224
3582,1586991005.059245,-5,9812,7,-608328
3583,1586991005.0622401,-8,11463,54,-608331
3584,1586991991.6748052,6327262,8281,2,-986621
3585,1586991991.6809049,6327256,3024,7,-986626
3586,1586991991.684143,6327253,3086,54,-986628
3587,1586998930.52425,-9,63719,2,-611587
3588,1586998930.533574,393309,6232,9,-611596
3589,1586998930.5357661,-20,22491,7,-611599
3590,1586998930.537893,-23,20315,54,-611601
3591,1586999324.009801,-166,44032,2,-393495
3592,1586999324.0193772,-176,12854,7,-393504
3593,1586999324.020403,-177,12654,54,-393505
3594,1587000011.9479482,344575,14315,2,-688105
3595,1587000011.9489923,344574,1454,9,-688105
3596,1587000011.9496813,344574,4178,7,-688106
3597,1587000011.9505882,344573,4921,54,-688108
3598,1587000361.535823,-2,1196982,2,-4805
3599,1587000361.5368242,-3,29482,9,-4806
3600,1587000361.537161,-3,100148,7,-4806
3601,1587000361.5374901,-3,27900,54,-4806
3602,1587001018.0015612,-1,24764,2,-656467
3603,1587001018.005423,35865273,3316,9,-656470
3604,1587001018.0118752,-11,6125,7,-656477
3605,1587001018.0180562,-18,6587,54,-656484
3606,1587001638.0702372,-2,18690,2,-620070
3607,1587001638.07238,-4,9789,7,-620072
3608,1587001638.0739412,-6,15695,54,-620074
3609,1587003453.796218,1759351,10678,2,-1815728
3610,1587003453.931492,1759216,2932,7,-1815863
3611,1587003453.932785,1759215,2966,54,-1815864
3612,1587005984.0586061,-3,1258918,2,-770910
3613,1587005984.0626001,-7,56981,7,-770914
3614,1587005984.0665002,-11,18176,54,-770918
3615,1587006808.1965723,-4,17451,2,-824140
3616,1587006808.2020142,26470644,4528,7,-824146
3617,1587006808.2044842,14602395,4300,54,-824148
3618,1587008954.114388,384201,5828,2,-2145922
3619,1587011186.1772332,-2,16615,2,-1847861
3620,1587013491.228374,6018913,8518,2,-2305052
3621,1587020249.8638442,-1,12553,2,-739721
3622,1587020743.901067,-2,6489,2,-494038
3623,1587021410.601901,-1,9495,2,-666702
3624,1587021975.4353921,-121,13508,2,-564834
3625,1587021975.4381132,-124,7377,54,-564837
3626,1587022739.6949573,-246,8167,2,-764380
3627,1587022739.7086272,10539137,2917,54,-764393
3628,1587023618.771645,-3,12143,2,-879323
3629,1587025598.8551102,-2,23821,2,-1980086
3630,1587027518.758428,-1,5156,2,-1919906
3631,1587029438.812603,-1,9350,2,-1920055
3632,1587031324.1322901,1954713,5700,2,-1885320
3633,1587035080.8618822,1802417,12138,2,-1802014
3634,1587035080.889676,-33,11217,7,-1802042
3635,1587035080.9228902,-66,18097,54,-1802075
3636,1587036883.5704222,573188,17461,7,-1802714
3637,1587036883.580099,20372550,27999,54,-1802723
3638,1587037456.764349,-5,21052,2,-573485
3639,1587037456.7817183,-22,6671,9,-573502
3640,1587038072.277959,-2,17981,8,-615520
3641,1587038072.2800202,-5,212987,2,-615522
3642,1587038072.3823001,-107,8468,6,-615624
3643,1587038072.387159,-112,25501,9,-615629
3644,1587038072.3881972,614863,84025,7,-615630
3645,1587038687.25532,-3,10133,8,-614979
3646,1587038687.256669,-5,191032,2,-614981
3647,1587038687.265264,-13,51036,6,-614989
3648,1587038687.2682981,-16,31303,9,-614992
3649,1587039304.054522,-83,29162,8,-616803
3650,1587039304.056654,-85,669654,2,-616805
3651,1587039304.0584261,-87,44192,6,-616807
3652,1587039304.0748253,-103,52415,9,-616823
3653,1587039304.0759263,-104,107065,7,-616824
3654,1587041414.1549792,-93,17881,8,-2110183
3655,1587041414.1574452,-95,122638,2,-2110186
3656,1587041414.159173,11055650,49,6,-2110187
3657,1587041414.172851,-111,17072,9,-2110201
3658,1587041414.1743722,-112,57879,7,-2110203
3659,1587043216.1961203,-28,1,8,-1802134
3660,1587043216.1969242,-29,76037,2,-1802135
3661,1587043216.2035732,-36,10707,9,-1802141
3662,1587043216.2091503,-42,44992,7,-1802147
3663,1587044117.5253751,1423247,5124,8,-901356
3664,1587044117.5263321,-11,123910,2,-901357
3665,1587044117.551074,1423222,19187,9,-901382
3666,1587044117.5578861,-42,74479,7,-901389
3667,1587045540.778042,-4,147218,2,-1423264
3668,1587045540.788248,-15,88656,7,-1423274
3669,1587046156.4031162,5151218,2,8,-615628
3670,1587046156.4305942,-30,82811,2,-615657
3671,1587046156.4416943,4331235,10974,9,-615667
3672,1587046156.4666872,4331210,46085,7,-615692
3673,1587046772.1299212,-4,65632,2,-615729
3674,1587047388.000112,1232144,69053,2,-615875
3675,1587049235.9401343,-9,63681,2,-615795
3676,1587049851.6864133,-142,69601,2,-615755
3677,1587050487.6943183,-16,64527,2,-636150
3678,1587051307.755816,-133,113720,2,-820078
3679,1587051307.769453,-147,14468,9,-820092
3680,1587051307.7709622,-149,56732,7,-820093
3681,1587051942.754014,508166,14475,8,-635131
3682,1587051942.755363,508164,319614,2,-635133
3683,1587051942.7578692,508162,22907,9,-635136
3684,1587051942.7584262,508161,79349,7,-635136
3685,1587052469.8746352,-65,173,8,-18787
3686,1587052469.8854742,-76,2069955,2,-18798
3687,1587052469.887064,-77,74605,9,-18800
3688,1587052469.887474,-78,106128,7,-18800
3689,1587053081.187935,-8,8372,8,-611379
3690,1587053081.188972,-9,216654,2,-611380
3691,1587053081.1900182,-10,10058,6,-611381
3692,1587053081.1927772,471654,19781,9,-611383
3693,1587053081.193736,-14,72936,7,-611384
3694,1587053552.866455,3703264,377,8,-471687
3695,1587053552.866971,-20,604499,2,-471687
3696,1587053552.8673382,3703263,0,6,-471688
3697,1587053552.8683481,-21,90576,7,-471689
3698,1587054168.006477,-8,478616,2,-615159
3699,1587054168.0083423,-10,16597,9,-615160
3700,1587054168.0109363,-13,93995,7,-615163
3701,1587055142.175056,-2,84050,2,-974177
3702,1587055142.177289,-4,8556,9,-974179
3703,1587055142.1784973,-5,61224,7,-974181
3704,1587057256.134514,-3,305773,2,-2113961
3705,1587057256.136888,-6,12542,9,-2113963
3706,1587057256.1383421,-7,75584,7,-2113965
