ID,FK_ID,ChildNodeID,value
24552,5801,10232,16
24553,5801,10657,6
24554,5801,11276,20
24555,5801,10258,7
24556,5801,10316,16
24557,5801,10007,30
24558,5802,10012,2
24559,5802,10578,2
24560,5802,11276,6
24561,5802,10540,2
24562,5802,10177,78
24563,5802,10316,6
24564,5802,10017,3
24565,5802,10009,1
24566,5803,10017,8
24567,5803,10022,92
24568,5804,10232,100
24569,5805,10012,8
24570,5805,10017,11
24571,5805,10230,1
24572,5805,11276,13
24573,5805,10177,2
24574,5805,10063,65
24575,5807,10316,17
24576,5807,11276,22
24577,5807,10009,15
24578,5807,10232,7
24579,5807,10007,33
24580,5808,10162,1
24581,5808,10012,1
24582,5808,10072,1
24583,5808,10009,1
24584,5808,10241,2
24585,5808,10063,3
24586,5808,11331,3
24587,5808,11432,1
24588,5808,10191,1
24589,5808,11276,3
24590,5808,10177,55
24591,5808,10595,10
24592,5808,10215,5
24593,5808,10081,2
24594,5808,10316,4
24595,5808,10357,2
24596,5808,10223,3
24597,5808,10190,1
24598,5808,10015,1
24599,5809,10017,32
24600,5809,10022,68
24601,5810,10316,23
24602,5810,10258,7
24603,5810,11276,22
24604,5810,10232,13
24605,5810,10007,34
24606,5811,10017,3
24607,5811,10177,83
24608,5811,10012,1
24609,5811,10031,3
24610,5811,10316,4
24611,5811,10540,2
24612,5811,11276,5
24613,5812,10017,100
24614,5813,10022,14
24615,5813,10009,57
24616,5813,10232,29
24617,5814,10012,18
24618,5814,10081,82
24619,5815,10022,100
24620,5816,10232,11
24621,5816,10007,29
24622,5816,10258,8
24623,5816,11276,18
24624,5816,10316,20
24625,5816,10567,10
24626,5817,10012,1
24627,5817,10122,7
24628,5817,10177,60
24629,5817,10014,1
24630,5817,10357,7
24631,5817,10017,1
24632,5817,10567,9
24633,5817,10316,5
24634,5817,11276,4
24635,5817,10009,2
24636,5817,10099,4
24637,5818,10022,6
24638,5818,10017,94
24639,5819,10007,34
24640,5819,11276,29
24641,5819,10232,12
24642,5819,10316,21
24643,5820,10316,5
24644,5820,11276,6
24645,5820,10012,2
24646,5820,10177,87
24647,5821,10017,100
24648,5822,10316,16
24649,5822,11276,31
24650,5822,10019,11
24651,5822,10232,6
24652,5822,10007,26
24653,5823,10177,86
24654,5823,11276,8
24655,5823,10540,2
24656,5823,10012,1
24657,5823,10316,3
24658,5824,10017,30
24659,5824,10022,70
24660,5825,10316,29
24661,5825,10258,7
24662,5825,11276,18
24663,5825,10232,9
24664,5825,10007,36
24665,5826,10177,87
24666,5826,11276,3
24667,5826,10012,2
24668,5826,11121,1
24669,5826,10316,8
24670,5827,10017,100
24671,5828,10007,25
24672,5828,11276,50
24673,5828,10009,6
24674,5828,10232,17
24675,5829,11276,10
24676,5829,10012,1
24677,5829,10177,89
24678,5830,10017,42
24679,5830,10022,58
24680,5831,10316,22
24681,5831,10258,6
24682,5831,11276,23
24683,5831,10232,8
24684,5831,10007,37
24685,5832,10072,1
24686,5832,10019,8
24687,5832,11276,5
24688,5832,10063,1
24689,5832,10540,1
24690,5832,10012,1
24691,5832,10177,66
24692,5832,10316,4
24693,5832,10009,1
24694,5832,10248,11
24695,5833,10017,100
24696,5834,10232,11
24697,5834,11276,20
24698,5834,11990,6
24699,5834,10316,26
24700,5834,10007,32
24701,5835,10177,85
24702,5835,11276,4
24703,5835,10019,1
24704,5835,10012,1
24705,5835,10316,7
24706,5835,10009,1
24707,5836,10017,54
24708,5836,10022,46
24709,5837,10316,18
24710,5837,10258,7
24711,5837,11276,30
24712,5837,10232,9
24713,5837,10007,32
24714,5838,10214,5
24715,5838,11276,11
24716,5838,10019,3
24717,5838,10540,3
24718,5838,10012,2
24719,5838,10177,68
24720,5838,10316,8
24721,5839,10017,46
24722,5839,10022,54
24723,5840,10007,39
24724,5840,10258,8
24725,5840,10232,22
24726,5840,10316,31
24727,5841,10316,4
24728,5841,11276,2
24729,5841,10012,1
24730,5841,10177,94
24732,5842,10017,100
24733,5843,10007,31
24734,5843,11276,41
24735,5843,10232,7
24736,5843,10316,14
24737,5844,10316,7
24738,5844,11276,11
24739,5844,10012,2
24740,5844,10177,79
24741,5844,10394,1
24742,5845,10316,19
24743,5845,11276,31
24744,5845,10009,5
24745,5845,10232,9
24746,5845,10007,34
24747,5846,10012,1
24748,5846,10162,1
24749,5846,11276,3
24750,5846,10540,2
24751,5846,10177,91
24752,5846,10316,3
24753,5847,10017,31
24754,5847,10022,69
24755,5848,10007,37
24756,5848,10258,12
24757,5848,10009,5
24758,5848,10316,42
24759,5849,10014,18
24760,5849,10009,25
24761,5849,10012,7
24762,5849,10316,50
24763,5851,10007,34
24764,5851,11276,33
24765,5851,10232,11
24766,5851,10316,19
24767,5852,10316,5
24768,5852,11276,7
24769,5852,10012,1
24770,5852,10177,86
24771,5852,10019,1
24772,5853,10017,100
24773,5854,10232,14
24774,5854,10258,5
24775,5854,11276,41
24776,5854,10009,7
24777,5854,10316,13
24778,5854,10007,20
24779,5855,10177,86
24780,5855,11276,5
24781,5855,10540,4
24782,5855,10012,1
24783,5855,10316,5
24784,5856,10017,29
24785,5856,10022,71
24786,5857,10232,8
24787,5857,10258,9
24788,5857,11276,14
24789,5857,10019,6
24790,5857,10316,15
24791,5857,10007,44
24792,5858,10012,1
24793,5858,10162,1
24794,5858,11276,5
24795,5858,10019,1
24796,5858,10177,72
24797,5858,10082,1
24798,5858,10316,5
24799,5858,10122,5
24800,5858,10031,9
24801,5859,10017,100
24802,5860,10007,16
24803,5860,10258,6
24804,5860,11276,73
24805,5861,10215,5
24806,5861,10189,3
24807,5861,10177,74
24808,5861,10357,5
24809,5861,10017,4
24810,5861,10316,1
24811,5861,11276,3
24812,5861,10214,3
24813,5862,10215,2
24814,5862,10189,2
24815,5862,10022,62
24816,5862,10012,3
24817,5862,10230,2
24818,5862,10113,2
24819,5862,10017,15
24820,5862,11276,10
24821,5863,10007,26
24822,5863,11276,60
24823,5864,10012,1
24824,5864,11276,14
24825,5864,10122,2
24826,5864,10177,72
24827,5864,10031,4
24828,5864,10019,2
24829,5864,10316,2
24830,5864,10540,2
24831,5864,10009,1
24832,5865,10017,100
24833,5866,10007,17
24834,5866,11276,74
24835,5867,11334,2
24836,5867,11276,14
24837,5867,10583,4
24838,5867,10012,1
24839,5867,10177,76
24840,5867,10316,2
24841,5868,10022,58
24842,5868,10017,42
24843,5869,10007,23
24844,5869,11276,71
24845,5870,10583,2
24846,5870,10316,1
24847,5870,10357,26
24848,5870,11276,8
24849,5870,10012,3
24850,5870,10177,42
24851,5870,10017,1
24852,5870,10099,11
24853,5870,10122,4
24854,5870,10082,1
24855,5871,10017,100
24856,5872,10007,19
24857,5872,11276,76
24858,5873,10316,4
24859,5873,11276,27
24860,5873,10012,2
24861,5873,10177,68
24862,5874,10017,100
24863,5875,10007,12
24864,5875,11276,77
24865,5876,10215,4
24866,5876,10463,1
24867,5876,10177,83
24868,5876,10012,1
24869,5876,10017,3
24870,5876,10316,1
24871,5876,10540,2
24872,5876,10009,1
24873,5876,11276,2
24874,5877,10230,1
24875,5877,10022,25
24876,5877,10012,1
24877,5877,10215,48
24878,5877,10017,22
24879,5877,11276,2
24880,5878,10007,6
24881,5878,11276,92
24882,5879,11276,1
24883,5879,10177,97
24884,5879,10316,1
24885,5880,10017,100
24886,5881,10007,17
24887,5881,11276,66
24888,5882,10177,10
24889,5882,10063,1
24890,5882,10185,1
24891,5882,10122,2
24892,5882,10228,1
24893,5882,10015,1
24894,5882,10569,83
24895,5883,10230,3
24896,5883,11276,7
24897,5883,10012,3
24898,5883,10022,14
24899,5883,10017,72
24900,5883,10569,1
24901,5884,10007,17
24902,5884,10258,14
24903,5884,11276,57
24904,5884,10232,5
24905,5885,10214,9
24906,5885,10463,1
24907,5885,10031,11
24908,5885,10009,2
24909,5885,10017,10
24910,5885,10099,11
24911,5885,10014,2
24912,5885,10191,1
24913,5885,10177,47
24914,5885,10122,2
24915,5885,10316,1
24916,5885,10540,3
24917,5886,10017,85
24918,5886,10022,14
24919,5886,10191,1
24920,5887,10007,14
24921,5887,11276,79
24922,5888,10316,3
24923,5888,10019,3
24924,5888,10177,92
24925,5888,10017,2
24926,5889,10017,38
24927,5889,10022,62
24928,5890,10007,28
24929,5890,11276,68
24930,5891,10316,5
24931,5891,10162,1
24932,5891,11246,2
24933,5891,10177,79
24934,5891,10009,4
24935,5891,10122,5
24936,5891,10014,3
24938,5892,10017,100
24939,5893,10007,29
24940,5893,11276,63
24941,5894,11246,3
24942,5894,10177,75
24943,5894,10012,1
24944,5894,10031,7
24945,5894,10019,2
24946,5894,10017,5
24947,5894,10082,2
24948,5894,10316,3
24949,5894,11276,4
24950,5895,10007,7
24951,5895,11276,52
24952,5895,10008,24
24953,5895,10232,7
24954,5896,10122,6
24955,5896,10316,1
24956,5896,11245,13
24957,5896,10162,5
24958,5896,10248,70
24959,5896,10017,2
24960,5896,10082,1
24961,5896,10063,1
24962,5896,10009,1
24963,5897,10022,33
24964,5897,10017,67
24965,5898,10008,17
24966,5898,10007,15
24967,5898,11276,48
24968,5899,10464,3
24969,5899,10248,96
24970,5899,10177,1
24971,5900,10017,99
24972,5900,10191,1
24973,5901,10007,10
24974,5901,11276,84
24975,5902,10449,5
24976,5902,10162,1
24977,5902,10177,79
24978,5902,10012,1
24979,5902,11334,1
24980,5902,10017,2
24981,5902,10197,1
24982,5902,10316,3
24983,5902,11276,5
24984,5902,10214,4
24985,5903,10017,100
24986,5904,11276,97
24987,5905,10017,2
24988,5905,10177,90
24989,5905,11276,7
24990,5906,10017,100
24991,5907,10007,10
24992,5907,11276,81
24993,5908,10122,4
24994,5908,10316,1
24995,5908,10394,1
24996,5908,10162,3
24997,5908,10177,62
24998,5908,10019,18
24999,5908,10063,1
25000,5908,10082,1
25001,5908,10009,1
25002,5908,10099,7
25003,5909,10022,69
25004,5909,10017,31
25005,5910,11276,91
25006,5911,10014,2
25007,5911,10540,4
25008,5911,10177,91
25009,5911,10316,3
25010,5913,10007,6
25011,5913,11276,78
25012,5914,10316,2
25013,5914,10015,1
25014,5914,11276,4
25015,5914,10177,88
25016,5914,10017,2
25017,5914,10122,1
25018,5915,10022,15
25019,5915,10017,85
25020,5916,11276,91
25021,5917,10316,2
25022,5917,10009,3
25023,5917,10082,2
25024,5917,10177,92
25025,5918,10022,69
25026,5918,10017,31
25027,5919,11276,93
25028,5920,10316,3
25029,5920,10540,2
25030,5920,11334,2
25031,5920,10177,93
25032,5921,10017,28
25033,5921,10022,72
25034,5922,10007,6
25035,5922,11276,61
25036,5922,10008,8
25037,5922,10232,8
25038,5923,10177,64
25039,5923,11276,2
25040,5923,10316,2
25041,5923,10015,7
25042,5923,10221,7
25043,5923,10228,3
25044,5923,10017,5
25045,5923,10063,3
25046,5923,10082,2
25047,5923,10540,2
25048,5923,10080,2
25049,5923,10191,2
25050,5924,10022,22
25051,5924,10017,78
25052,5924,10191,1
25053,5925,10007,5
25054,5925,11276,88
25055,5926,10177,92
25056,5926,10316,3
25057,5926,10081,5
25058,5927,10017,100
25059,5928,11276,94
25060,5929,10316,3
25061,5929,10162,2
25062,5929,11276,1
25063,5929,10177,93
25064,5929,10009,2
25065,5930,10022,100
25066,5931,11276,89
25067,5932,10177,71
25068,5932,10009,4
25069,5932,11276,5
25070,5932,10540,5
25071,5932,10082,2
25072,5932,10316,6
25073,5932,10017,7
25074,5933,10017,100
25075,5934,11276,87
25076,5935,10493,11
25077,5935,10569,20
25078,5935,11246,1
25079,5935,10177,59
25080,5935,10316,1
25081,5935,10122,6
25082,5935,10017,1
25083,5936,10569,2
25084,5936,10022,98
25085,5937,10007,10
25086,5937,10258,20
25087,5937,11276,66
25088,5938,10177,68
25089,5938,10031,17
25090,5938,10214,7
25091,5938,10081,2
25092,5938,10017,3
25093,5938,10122,2
25094,5939,10017,100
25095,5940,11276,94
25096,5941,10316,2
25097,5941,11276,1
25098,5941,10177,94
25099,5941,10017,1
25100,5941,10009,2
25101,5942,10017,100
25102,5943,10007,6
25103,5943,11276,83
25104,5944,10215,4
25105,5944,10162,14
25106,5944,10177,68
25107,5944,10449,4
25108,5944,10082,2
25109,5944,10540,3
25110,5944,10316,5
25111,5945,10022,2
25112,5945,10017,98
25113,5946,11276,94
25114,5947,11486,2
25115,5947,10569,1
25116,5947,10583,3
25117,5947,10177,53
25118,5947,10316,2
25119,5947,10012,40
25120,5948,10022,71
25121,5948,10017,29
25122,5949,11276,91
25123,5950,10316,3
25124,5950,11276,9
25125,5950,10177,84
25126,5950,11486,2
25127,5950,10009,3
25128,5952,11276,89
25129,5953,10569,1
25130,5953,10177,86
25131,5953,11486,1
25132,5953,10012,5
25133,5953,10082,2
25134,5953,10316,3
25135,5954,10230,1
25136,5954,10012,2
25137,5954,10215,70
25138,5954,11334,1
25139,5954,10017,5
25140,5954,10316,19
25141,5954,11276,2
25142,5955,10007,5
25143,5955,11276,87
25144,5956,10540,2
25145,5956,10177,88
25146,5956,10012,2
25147,5956,10569,1
25148,5956,10316,3
25149,5956,11276,2
25150,5957,10022,76
25151,5957,10017,24
25152,5958,10007,10
25153,5958,10258,14
25154,5958,11276,72
25155,5959,10012,1
25156,5959,10214,13
25157,5959,10191,2
25158,5959,10031,46
25159,5959,10177,2
25160,5959,10017,5
25161,5959,10122,22
25162,5959,10014,9
25163,5960,10191,1
25164,5960,10017,99
25165,5961,10007,7
25166,5961,10258,12
25167,5961,11276,70
25168,5962,10583,1
25169,5962,10228,1
25170,5962,10009,2
25171,5962,10449,1
25172,5962,10017,2
25173,5962,10214,1
25174,5962,10569,4
25175,5962,10451,21
25176,5962,10224,2
25177,5962,10019,22
25178,5962,10063,1
25179,5962,11246,2
25180,5962,10177,31
25181,5962,10043,3
25182,5962,10215,1
25183,5962,10316,2
25184,5962,10015,1
25185,5963,10017,100
25186,5964,11276,90
25187,5965,10748,2
25188,5965,10122,2
25189,5965,10043,3
25190,5965,10177,61
25191,5965,10081,1
25192,5965,10583,4
25193,5965,10019,2
25194,5965,10017,2
25195,5965,10316,2
25196,5965,10082,2
25197,5965,11276,5
25198,5965,10099,16
25199,5966,10022,28
25200,5966,10017,72
25201,5967,11276,86
25202,5968,10540,2
25203,5968,10316,3
25204,5968,10177,89
25205,5968,10748,2
25206,5968,10078,4
25207,5969,10017,100
25208,5970,11276,90
25209,5971,10316,3
25210,5971,10228,2
25211,5971,10177,88
25212,5971,10043,5
25213,5971,10009,3
25214,5972,10017,100
25215,5973,10007,6
25216,5973,10316,5
25217,5973,11276,86
25218,5974,10197,2
25219,5974,10162,1
25220,5974,11276,5
25221,5974,11246,3
25222,5974,10177,79
25223,5974,10316,2
25224,5974,10031,8
25225,5975,10022,100
25226,5976,11276,90
25227,5977,10177,93
25228,5977,10569,1
25229,5977,11246,1
25230,5977,10012,1
25231,5977,10082,1
25232,5977,10316,1
25233,5977,10017,1
25234,5978,10017,100
25235,5979,10007,13
25236,5979,10258,8
25237,5979,11276,69
25238,5979,10316,5
25239,5980,10122,4
25240,5980,10189,3
25241,5980,10394,1
25242,5980,10214,3
25243,5980,10015,2
25244,5980,10177,66
25245,5980,10081,1
25246,5980,10215,4
25247,5980,10031,8
25248,5980,10017,1
25249,5980,10540,2
25250,5980,10316,6
25251,5981,10022,12
25252,5981,10017,88
25253,5982,10007,6
25254,5982,11276,90
25255,5983,10081,2
25256,5983,10009,7
25257,5983,10162,2
25258,5983,10583,4
25259,5983,10177,79
25260,5983,10316,4
25261,5983,10014,3
25262,5984,10022,100
25263,5985,11276,93
25264,5986,11276,4
25265,5986,10177,95
25266,5987,10017,100
25267,5988,10007,9
25268,5988,11276,84
25269,5989,10099,19
25270,5989,10122,1
25271,5989,10177,78
25272,5989,10316,2
25273,5990,11276,92
25274,5991,10113,8
25275,5991,10162,92
25276,5993,10007,9
25277,5993,11276,85
25278,5994,10177,95
25279,5994,10082,3
25280,5994,10316,3
25281,5995,11276,84
25282,5995,10232,5
25283,5996,10122,40
25284,5996,11276,6
25285,5996,10540,9
25286,5996,10177,2
25287,5996,10560,43
25288,5997,10017,59
25289,5997,10022,41
25290,5998,10007,5
25291,5998,11276,91
25292,5999,10177,94
25293,5999,10316,3
25294,5999,10009,3
25295,6000,10017,31
25296,6000,10022,69
25297,6001,10232,8
25298,6001,10258,12
25299,6001,11276,40
25300,6001,10008,22
25301,6001,10007,13
25302,6002,10162,1
25303,6002,10012,3
25304,6002,10031,8
25305,6002,10214,4
25306,6002,10017,11
25307,6002,10569,2
25308,6002,10599,10
25309,6002,10063,3
25310,6002,10082,2
25311,6002,10019,1
25312,6002,10336,1
25313,6002,10560,2
25314,6002,11276,6
25315,6002,10177,36
25316,6002,10043,2
25317,6002,10215,4
25318,6002,10316,2
25319,6002,10122,1
25320,6003,11276,17
25321,6003,10012,2
25322,6003,10017,33
25323,6003,10230,1
25324,6003,10043,46
25325,6004,10008,74
25326,6004,10007,9
25327,6004,11276,7
25328,6005,10014,3
25329,6005,10235,2
25330,6005,10162,12
25331,6005,10177,51
25332,6005,10336,6
25333,6005,11754,1
25334,6005,10535,3
25335,6005,10316,1
25336,6005,10082,3
25337,6005,11276,11
25338,6005,10009,8
25339,6007,10008,82
25340,6007,10007,7
25341,6008,10535,1
25342,6008,10235,1
25343,6008,10569,2
25344,6008,10162,6
25345,6008,11754,1
25346,6008,10012,67
25347,6008,10082,1
25348,6008,10316,11
25349,6008,10014,11
25350,6009,10022,100
25351,6010,10008,83
25352,6010,10007,8
25353,6011,10009,5
25354,6011,10017,1
25355,6011,10012,87
25356,6011,10316,4
25357,6011,10081,3
25358,6013,10008,79
25359,6013,10007,7
25360,6013,11276,6
25361,6014,10162,1
25362,6014,10012,13
25363,6014,10072,1
25364,6014,10080,1
25365,6014,10014,4
25366,6014,10085,4
25367,6014,10197,1
25368,6014,11121,2
25369,6014,10260,2
25370,6014,12039,2
25371,6014,10336,1
25372,6014,10191,4
25373,6014,10221,1
25374,6014,11276,4
25375,6014,10177,50
25376,6014,10081,1
25377,6014,10316,2
25378,6014,10231,4
25379,6014,10190,2
25380,6015,10316,100
25381,6016,10008,73
25382,6016,10007,8
25383,6016,10232,8
25384,6017,10221,1
25385,6017,10260,1
25386,6017,10014,2
25387,6017,10081,87
25388,6017,10085,1
25389,6017,10481,1
25390,6017,10228,1
25391,6017,10017,1
25392,6017,10316,1
25393,6017,12129,4
25394,6017,10191,1
25395,6018,10017,100
25396,6019,10008,72
25397,6019,10316,5
25398,6019,10007,11
25399,6020,11743,3
25400,6020,10224,2
25401,6020,11038,8
25402,6020,10162,5
25403,6020,10014,4
25404,6020,10081,2
25405,6020,10336,4
25406,6020,10012,1
25407,6020,10395,3
25408,6020,10230,3
25409,6020,10569,1
25410,6020,10017,3
25411,6020,10316,2
25412,6020,10540,4
25413,6020,10078,4
25414,6020,10191,50
25415,6021,10017,29
25416,6021,10191,71
25417,6022,10008,86
25418,6022,10007,6
25419,6022,11276,6
25420,6023,10177,67
25421,6023,11276,5
25422,6023,10535,1
25423,6023,10336,1
25424,6023,10099,17
25425,6023,10122,9
25426,6025,10008,52
25427,6025,10258,22
25428,6025,10007,24
25429,6026,10493,99
25430,6026,10017,1
25431,6028,10007,36
25432,6028,10258,14
25433,6028,10008,36
25434,6028,10316,13
25435,6029,10162,7
25436,6029,10017,12
25437,6029,10569,1
25438,6029,10012,2
25439,6029,10316,78
25440,6031,10582,17
25441,6031,10007,24
25442,6031,10258,11
25443,6031,11101,8
25444,6031,10008,30
25445,6031,10316,6
25446,6032,10122,2
25447,6032,11086,3
25448,6032,10191,4
25449,6032,10231,3
25450,6032,11101,24
25451,6032,10177,46
25452,6032,10221,1
25453,6032,10085,2
25454,6032,11334,3
25455,6032,10316,5
25456,6032,11276,5
25457,6032,10582,2
25458,6033,10191,100
25459,6034,10007,15
25460,6034,11276,31
25461,6034,11101,15
25462,6034,10008,33
25463,6035,10215,2
25464,6035,11101,59
25465,6035,10177,23
25466,6035,10012,8
25467,6035,10017,2
25468,6035,10569,1
25469,6035,10082,1
25470,6035,11276,2
25471,6035,10122,1
25472,6036,10228,58
25473,6036,11101,3
25474,6036,10022,29
25475,6036,10012,3
25476,6036,10230,2
25477,6036,11276,4
25478,6037,10008,47
25479,6037,10007,14
25480,6037,11276,28
25481,6038,10535,3
25482,6038,10569,4
25483,6038,10162,6
25484,6038,11276,33
25485,6038,10336,10
25486,6038,10012,36
25487,6038,10316,7
25488,6038,10017,1
25489,6038,10113,1
25490,6039,10017,100
25491,6040,10007,17
25492,6040,10006,14
25493,6040,10316,8
25494,6040,10008,54
25495,6041,12185,17
25496,6041,10198,11
25497,6041,10012,7
25498,6041,10217,1
25499,6041,10225,2
25500,6041,10009,1
25501,6041,10069,1
25502,6041,10230,1
25503,6041,10014,8
25504,6041,10085,5
25505,6041,10224,2
25506,6041,10019,1
25507,6041,10191,1
25508,6041,10221,5
25509,6041,10177,31
25510,6041,10122,1
25511,6041,10316,3
25512,6042,10022,30
25513,6042,10191,27
25514,6042,10316,43
25515,6043,10008,52
25516,6043,10006,30
25517,6043,10122,8
25518,6044,10012,8
25519,6044,12185,70
25520,6044,10569,1
25521,6044,10063,6
25522,6044,10082,3
25523,6044,10017,8
25524,6044,10122,5
25525,6044,10014,1
25526,6045,10017,100
25527,6046,10008,56
25528,6046,10258,7
25529,6046,11276,6
25530,6046,10232,12
25531,6046,10007,13
25532,6047,12185,20
25533,6047,10394,31
25534,6047,10177,37
25535,6047,10012,1
25536,6047,10017,3
25537,6047,10569,1
25538,6047,10316,1
25539,6047,11276,3
25540,6047,10214,3
25541,6048,10017,100
25542,6049,10008,32
25543,6049,10006,31
25544,6049,11276,32
25545,6050,10177,47
25546,6050,11276,1
25547,6050,10316,1
25548,6050,10122,4
25549,6050,11486,3
25550,6050,10012,4
25551,6050,12185,12
25552,6050,10017,4
25553,6050,10569,1
25554,6050,10019,5
25555,6050,10475,17
25556,6051,10017,100
25557,6052,10008,44
25558,6052,11276,44
25559,6053,10063,2
25560,6053,10012,1
25561,6053,10583,3
25562,6053,10017,2
25563,6053,10071,3
25564,6053,10224,1
25565,6053,10475,10
25566,6053,12186,2
25567,6053,10368,52
25568,6053,10316,2
25569,6053,10122,4
25570,6053,11245,18
25571,6054,10022,100
25572,6055,10008,44
25573,6055,11276,44
25574,6056,12187,51
25575,6056,10122,2
25576,6056,10177,34
25577,6056,10012,1
25578,6056,10017,1
25579,6056,10569,1
25580,6056,10475,2
25581,6056,10099,8
25582,6058,10007,5
25583,6058,11276,42
25584,6058,10232,5
25585,6058,10008,42
25586,6059,10215,25
25587,6059,10252,1
25588,6059,11486,4
25589,6059,10012,5
25590,6059,10583,12
25591,6059,10230,1
25592,6059,10113,1
25593,6059,10019,12
25594,6059,10017,18
25595,6059,10569,4
25596,6059,10082,6
25597,6059,10540,10
25598,6060,10017,100
25599,6061,10008,32
25600,6061,10006,22
25601,6061,11276,32
25602,6062,11334,1
25603,6062,12186,76
25604,6062,10177,17
25605,6062,12187,1
25606,6062,10017,2
25607,6062,10316,1
25608,6062,10009,1
25609,6062,10122,1
25610,6063,10017,100
25611,6064,10008,30
25612,6064,10006,30
25613,6064,11276,30
25614,6065,10122,2
25615,6065,12186,80
25616,6065,10248,10
25617,6065,12185,7
25618,6066,10017,100
25619,6067,10008,29
25620,6067,10006,29
25621,6067,11276,33
25622,6068,10583,2
25623,6068,10012,3
25624,6068,12185,10
25625,6068,10009,2
25626,6068,10017,6
25627,6068,10252,1
25628,6068,10569,3
25629,6068,10014,1
25630,6068,11334,1
25631,6068,10082,1
25632,6068,10019,19
25633,6068,10177,40
25634,6068,10215,3
25635,6068,10122,1
25636,6068,10316,3
25637,6068,10078,3
25638,6069,10017,100
25639,6075,10316,43
25640,6075,10258,8
25641,6075,10007,45
25642,6076,10357,6
25643,6076,10031,91
25644,6076,10177,1
25645,6076,10316,1
25646,6077,10022,11
25647,6077,10316,89
25648,6078,10316,38
25649,6078,10582,14
25650,6078,10007,38
25651,6079,10177,1
25652,6079,10031,99
25653,6080,10017,100
25654,6081,10316,24
25655,6081,10582,26
25656,6081,10007,28
25657,6082,10567,1
25658,6082,10031,93
25659,6082,10177,4
25660,6083,10017,100
25661,6084,10316,15
25662,6084,10258,7
25663,6084,11276,14
25664,6084,10019,24
25665,6084,10007,33
25666,6085,10214,3
25667,6085,12196,2
25668,6085,10012,2
25669,6085,10072,1
25670,6085,10162,1
25671,6085,10569,1
25672,6085,10014,2
25673,6085,10085,1
25674,6085,12203,1
25675,6085,10336,8
25676,6085,10191,1
25677,6085,11276,5
25678,6085,10177,59
25679,6085,10215,1
25680,6085,10081,2
25681,6085,10316,7
25682,6085,10231,2
25683,6085,10395,1
25684,6086,10017,46
25685,6086,10022,54
25686,6087,10007,14
25687,6087,10258,6
25688,6087,10019,63
25689,6087,10316,11
25690,6088,10081,3
25691,6088,10162,24
25692,6088,11276,12
25693,6088,10215,10
25694,6088,10316,10
25695,6088,10009,22
25696,6088,10113,1
25697,6088,10122,19
25698,6089,10017,100
25699,6090,10232,5
25700,6090,10007,20
25701,6090,11276,10
25702,6090,10019,25
25703,6090,10316,9
25704,6090,10161,14
25705,6091,10082,1
25706,6091,10012,1
25707,6091,10162,1
25708,6091,10569,1
25709,6091,10019,17
25710,6091,10336,1
25711,6091,10724,1
25712,6091,11276,15
25713,6091,10177,54
25714,6091,10535,1
25715,6091,10122,1
25716,6091,10316,2
25717,6091,10081,1
25718,6091,10540,1
25719,6091,10078,2
25720,6092,10017,32
25721,6092,10569,1
25722,6092,10022,67
25723,6093,10232,16
25724,6093,10258,7
25725,6093,11276,9
25726,6093,10019,22
25727,6093,10316,21
25728,6093,10007,21
25729,6094,12196,7
25730,6094,11276,20
25731,6094,10535,7
25732,6094,10336,9
25733,6094,10012,9
25734,6094,10316,35
25735,6094,10395,13
25736,6095,10017,100
25737,6096,10316,17
25738,6096,10258,6
25739,6096,11276,18
25740,6096,10232,6
25741,6096,10007,42
25742,6097,10336,7
25743,6097,10578,21
25744,6097,10231,5
25745,6097,10223,4
25746,6097,10012,4
25747,6097,10221,2
25748,6097,10215,13
25749,6097,10535,2
25750,6097,10085,4
25751,6097,10063,3
25752,6097,10316,13
25753,6097,11276,13
25754,6097,10191,9
25755,6098,10022,45
25756,6098,10017,54
25757,6098,10316,1
25758,6099,10007,28
25759,6099,10019,7
25760,6099,11276,18
25761,6099,10258,5
25762,6099,10232,6
25763,6099,10657,6
25764,6099,10316,18
25765,6099,10009,12
25766,6100,10162,1
25767,6100,10012,3
25768,6100,10072,1
25769,6100,10009,2
25770,6100,10241,4
25771,6100,10014,2
25772,6100,10063,3
25773,6100,11331,7
25774,6100,10019,1
25775,6100,11432,1
25776,6100,10191,5
25777,6100,10336,11
25778,6100,11276,8
25779,6100,10535,1
25780,6100,10595,17
25781,6100,10215,8
25782,6100,10081,4
25783,6100,10316,7
25784,6100,10223,5
25785,6100,10540,2
25786,6100,10122,6
25787,6100,10190,1
25788,6100,10015,1
25789,6101,10017,99
25790,6101,10191,1
25791,6102,10232,6
25792,6102,10019,7
25793,6102,11276,22
25794,6102,10258,7
25795,6102,10007,28
25796,6102,10316,22
25797,6102,10009,6
25798,6103,10336,30
25799,6103,10162,3
25800,6103,10231,7
25801,6103,10085,5
25802,6103,10012,6
25803,6103,10081,2
25804,6103,10221,2
25805,6103,10535,2
25806,6103,10019,1
25807,6103,11121,3
25808,6103,10316,17
25809,6103,10540,4
25810,6103,11276,14
25811,6103,10191,2
25812,6104,10022,54
25813,6104,10017,45
25814,6104,10316,1
25815,6105,10007,31
25816,6105,11276,31
25817,6105,10232,5
25818,6105,10316,17
25819,6106,10012,9
25820,6106,10072,3
25821,6106,12203,5
25822,6106,10014,8
25823,6106,10336,7
25824,6106,10081,1
25825,6106,10535,2
25826,6106,10395,5
25827,6106,10197,3
25828,6106,10316,21
25829,6106,10009,6
25830,6106,11276,30
25831,6107,10022,53
25832,6107,10017,47
25833,6108,10007,41
25834,6108,11276,13
25835,6108,10232,6
25836,6108,10316,17
25837,6109,10336,14
25838,6109,10394,5
25839,6109,10231,4
25840,6109,10085,4
25841,6109,10012,5
25842,6109,10081,1
25843,6109,10221,2
25844,6109,10535,1
25845,6109,10567,22
25846,6109,10866,19
25847,6109,10316,6
25848,6109,11276,11
25849,6109,10191,4
25850,6110,10017,66
25851,6110,10316,1
25852,6110,10191,33
25853,6111,10232,12
25854,6111,10007,29
25855,6111,11276,25
25856,6111,10019,9
25857,6111,12199,8
25858,6111,10316,16
25859,6112,10012,15
25860,6112,10019,5
25861,6112,11276,41
25862,6112,10535,7
25863,6112,10866,13
25864,6112,10316,18
25865,6112,10113,1
25866,6113,10017,50
25867,6113,10022,50
25868,6114,10316,29
25869,6114,10258,6
25870,6114,10019,16
25871,6114,10232,23
25872,6114,10007,26
25873,6115,10012,14
25874,6115,10316,18
25875,6115,10866,68
25876,6116,10017,100
25877,6117,10007,37
25878,6117,11276,35
25879,6117,10009,6
25880,6117,10316,17
25881,6118,10866,39
25882,6118,11276,39
25883,6118,10012,12
25884,6118,10316,11
25885,6119,10017,100
25886,6120,10019,67
25887,6120,10232,33
25888,6121,10012,76
25889,6121,10866,24
25890,6122,10017,100
25891,6123,10022,5
25892,6123,10316,53
25893,6123,10007,42
25894,6124,10866,91
25895,6124,10012,9
25896,6125,10022,100
25897,6126,10007,37
25898,6126,11276,31
25899,6126,10232,9
25900,6126,10316,21
25901,6127,10081,4
25902,6127,10019,48
25903,6127,11276,14
25904,6127,10072,5
25905,6127,10012,4
25906,6127,10866,9
25907,6127,10316,6
25908,6127,10009,10
25909,6128,10017,99
25910,6128,10022,1
25911,6130,10012,13
25912,6130,10316,87
25913,6132,10007,42
25914,6132,10316,21
25915,6132,11276,37
25916,6133,10316,28
25917,6133,11276,62
25918,6133,10072,1
25919,6133,10012,9
25920,6135,10232,11
25921,6135,10258,10
25922,6135,11276,13
25923,6135,12217,21
25924,6135,10316,17
25925,6135,10007,22
25926,6136,10866,16
25927,6136,10215,41
25928,6136,10189,11
25929,6136,10012,6
25930,6136,10316,15
25931,6136,10009,12
25932,6137,10017,100
25933,6138,12199,82
25934,6138,10007,18
25935,6139,10866,34
25936,6139,10012,17
25937,6139,10019,29
25938,6139,10316,20
25939,6141,10232,18
25940,6141,10657,10
25941,6141,11276,18
25942,6141,10019,13
25943,6141,10316,13
25944,6141,10007,24
25945,6142,10316,9
25946,6142,11276,38
25947,6142,10012,13
25948,6142,10019,4
25949,6142,10866,36
25950,6143,10017,100
25951,6144,10316,16
25952,6144,10258,9
25953,6144,11276,24
25954,6144,10232,16
25955,6144,10007,32
25956,6145,10866,11
25957,6145,10578,58
25958,6145,11276,17
25959,6145,10012,7
25960,6145,10316,6
25961,6146,10017,44
25962,6146,10022,56
25963,6147,10316,24
25964,6147,10009,13
25965,6147,10007,61
25966,6148,11121,9
25967,6148,11276,28
25968,6148,10063,5
25969,6148,10189,8
25970,6148,10015,10
25971,6148,10866,14
25972,6148,10535,5
25973,6148,12196,5
25974,6148,10230,9
25975,6148,10336,3
25976,6148,10012,5
25977,6150,10009,5
25978,6150,10258,9
25979,6150,11276,18
25980,6150,10019,5
25981,6150,10316,18
25982,6150,10007,30
25983,6151,10017,1
25984,6151,12196,3
25985,6151,10012,2
25986,6151,10162,1
25987,6151,10085,2
25988,6151,10063,1
25989,6151,10481,1
25990,6151,10019,1
25991,6151,10336,5
25992,6151,10191,27
25993,6151,10221,1
25994,6151,10866,4
25995,6151,11276,24
25996,6151,10535,1
25997,6151,11743,1
25998,6151,12224,6
25999,6151,10215,3
26000,6151,10316,4
26001,6151,10081,2
26002,6151,10122,6
26003,6151,10231,2
26004,6151,10395,1
26005,6152,10017,23
26006,6152,10022,27
26007,6152,10191,49
26008,6153,10007,35
26009,6153,11276,26
26010,6153,10232,8
26011,6153,10316,23
26012,6154,10014,6
26013,6154,10162,2
26014,6154,10231,5
26015,6154,10085,4
26016,6154,10012,16
26017,6154,10336,22
26018,6154,10221,2
26019,6154,10535,1
26020,6154,10866,15
26021,6154,10316,7
26022,6154,11276,12
26023,6154,10009,5
26024,6154,10191,2
26025,6155,10017,99
26026,6155,10191,1
26027,6156,10232,7
26028,6156,10019,7
26029,6156,11276,20
26030,6156,10258,6
26031,6156,12199,6
26032,6156,10007,28
26033,6156,10316,19
26034,6157,10081,96
26035,6157,11276,1
26036,6158,10022,50
26037,6158,10017,49
26038,6158,10316,1
26039,6159,12199,6
26040,6159,10007,38
26041,6159,11276,11
26042,6159,10232,9
26043,6159,10316,22
26044,6160,10336,10
26045,6160,10122,7
26046,6160,10162,3
26047,6160,10248,19
26048,6160,10357,14
26049,6160,10012,4
26050,6160,10031,13
26051,6160,10535,1
26052,6160,10019,1
26053,6160,10866,9
26054,6160,10082,1
26055,6160,10316,8
26056,6160,10009,2
26057,6160,11276,8
26058,6161,10022,41
26059,6161,10017,58
26060,6161,10316,1
26061,6162,10022,5
26062,6162,10258,17
26063,6162,11276,52
26064,6162,10232,7
26065,6162,10007,12
26066,6163,10085,3
26067,6163,10316,22
26068,6163,10214,10
26069,6163,10231,3
26070,6163,10014,3
26071,6163,10012,3
26072,6163,10221,1
26073,6163,10535,1
26074,6163,10228,27
26075,6163,11121,2
26076,6163,10017,12
26077,6163,10866,3
26078,6163,11276,6
26079,6163,10009,3
26080,6163,10191,1
26081,6164,10022,67
26082,6164,10017,32
26083,6165,10022,15
26084,6165,11276,72
26085,6166,10099,9
26086,6166,10228,12
26087,6166,10583,3
26088,6166,10017,4
26089,6166,10189,1
26090,6166,10454,1
26091,6166,10224,1
26092,6166,10459,5
26093,6166,10019,1
26094,6166,11276,2
26095,6166,10177,34
26096,6166,10215,4
26097,6166,10122,2
26098,6166,10316,9
26099,6166,10357,13
26100,6166,10015,1
26101,6167,10252,1
26102,6167,10022,99
26103,6168,10022,5
26104,6168,11276,83
26105,6169,10215,1
26106,6169,10189,16
26107,6169,10177,8
26108,6169,10012,1
26109,6169,10253,1
26110,6169,10017,6
26111,6169,10316,17
26112,6169,10082,16
26113,6169,11276,15
26114,6169,10009,19
26115,6170,10252,1
26116,6170,10022,99
26117,6171,10022,6
26118,6171,11276,88
26119,6172,10316,1
26120,6172,10019,2
26121,6172,10866,2
26122,6172,10177,94
26123,6173,10022,100
26124,6174,11276,77
26125,6174,10007,10
26126,6175,10012,14
26127,6175,10017,5
26128,6175,11276,3
26129,6175,10009,4
26130,6175,10177,66
26131,6175,10394,1
26132,6175,10316,6
26133,6175,10252,1
26134,6176,10252,2
26135,6176,11276,53
26136,6176,10012,25
26137,6176,10177,3
26138,6176,10230,16
26139,6177,10022,13
26140,6177,10007,10
26141,6177,11276,53
26142,6177,10232,14
26143,6177,10316,7
26144,6178,10012,1
26145,6178,10009,1
26146,6178,11276,1
26147,6178,10228,32
26148,6178,10177,33
26149,6178,10316,25
26150,6178,10017,6
26151,6179,10022,97
26152,6179,10017,2
26153,6179,10252,1
26154,6180,10232,15
26155,6180,10007,15
26156,6180,10258,5
26157,6180,11276,49
26158,6180,10022,7
26159,6180,10316,7
26160,6181,10017,6
26161,6181,10228,17
26162,6181,10012,2
26163,6181,10162,1
26164,6181,10569,36
26165,6181,10063,1
26166,6181,10019,1
26167,6181,10177,18
26168,6181,10185,2
26169,6181,10215,2
26170,6181,10316,11
26171,6181,10122,3
26172,6182,10230,1
26173,6182,10228,27
26174,6182,10012,1
26175,6182,10017,19
26176,6182,10022,22
26177,6182,11276,1
26178,6182,10316,29
26179,6183,11276,56
26180,6183,10232,30
26181,6183,10007,7
26182,6184,10017,12
26183,6184,10463,2
26184,6184,10012,25
26185,6184,10228,25
26186,6184,10866,6
26187,6184,10569,2
26188,6184,10316,12
26189,6184,10009,13
26190,6186,10007,12
26191,6186,11276,72
26192,6186,10232,7
26193,6186,10316,6
26194,6187,10177,68
26195,6187,10569,1
26196,6187,10228,12
26197,6187,10012,2
26198,6187,10017,5
26199,6187,10316,10
26200,6189,11276,63
26201,6189,10232,17
26202,6189,10007,12
26203,6190,10012,27
26204,6190,10569,3
26205,6190,11276,20
26206,6190,10228,12
26207,6190,10177,2
26208,6190,10017,21
26209,6190,10316,13
26210,6190,10113,1
26211,6190,10252,1
26212,6192,11276,66
26213,6192,10232,14
26214,6192,10007,11
26215,6193,10569,2
26216,6193,10177,37
26217,6193,10012,15
26218,6193,10017,10
26219,6193,10228,18
26220,6193,10316,14
26221,6193,10214,4
26222,6194,10252,100
26223,6195,10007,8
26224,6195,11276,74
26225,6195,10232,7
26226,6195,10316,5
26227,6196,10177,35
26228,6196,10316,15
26229,6196,10463,1
26230,6196,10122,2
26231,6196,10012,4
26232,6196,10081,2
26233,6196,11246,9
26234,6196,10228,15
26235,6196,10017,3
26236,6196,10063,2
26237,6196,10009,1
26238,6196,10099,9
26239,6197,10252,100
26240,6198,10022,8
26241,6198,10007,11
26242,6198,11276,44
26243,6198,10232,16
26244,6198,10316,17
26245,6199,10017,3
26246,6199,10177,45
26247,6199,10012,1
26248,6199,10228,26
26249,6199,10569,1
26250,6199,10082,1
26251,6199,10316,21
26252,6199,10009,1
26253,6199,11276,1
26254,6200,10252,1
26255,6200,10022,52
26256,6200,10017,47
26257,6201,10007,10
26258,6201,11276,62
26259,6201,10232,16
26260,6201,10316,6
26261,6202,10228,23
26262,6202,10162,21
26263,6202,10012,2
26264,6202,10215,11
26265,6202,10017,10
26266,6202,10569,1
26267,6202,10019,2
26268,6202,10316,17
26269,6202,10122,12
26270,6203,10252,1
26271,6203,10022,90
26272,6203,10017,9
26273,6204,10007,12
26274,6204,11276,61
26275,6204,10232,12
26276,6204,10316,7
26277,6205,10228,25
26278,6205,10177,39
26279,6205,10012,1
26280,6205,10449,4
26281,6205,10017,6
26282,6205,10866,2
26283,6205,10569,1
26284,6205,10316,20
26285,6205,10009,1
26286,6206,10252,100
26287,6207,10022,7
26288,6207,10007,8
26289,6207,11276,72
26290,6207,10232,5
26291,6207,10316,7
26292,6208,10017,5
26293,6208,10569,1
26294,6208,10228,53
26295,6208,10012,3
26296,6208,10316,38
26297,6209,10022,99
26298,6209,10252,1
26299,6210,10022,11
26300,6210,11276,83
26301,6211,11334,2
26302,6211,10177,94
26303,6211,10316,4
26304,6212,10022,99
26305,6213,11276,77
26306,6213,10316,5
26307,6213,10007,7
26308,6214,10012,10
26309,6214,10316,11
26310,6214,10122,1
26311,6214,10177,46
26312,6214,10228,11
26313,6214,10017,3
26314,6214,10063,2
26315,6214,10009,2
26316,6214,10099,12
26317,6216,10022,12
26318,6216,10007,12
26319,6216,11276,56
26320,6216,10232,7
26321,6216,10316,9
26322,6217,10012,1
26323,6217,10162,1
26324,6217,10177,39
26325,6217,10014,1
26326,6217,11334,1
26327,6217,10228,27
26328,6217,10017,3
26329,6217,10569,1
26330,6217,10316,23
26331,6217,10009,2
26332,6217,11276,1
26333,6218,10252,1
26334,6218,10022,63
26335,6218,10017,36
26336,6219,11276,90
26337,6220,10082,2
26338,6220,10228,1
26339,6220,10012,39
26340,6220,10177,55
26341,6220,10017,2
26342,6221,10022,100
26343,6222,10022,14
26344,6222,10007,18
26345,6222,11276,42
26346,6222,10232,11
26347,6222,10316,10
26348,6223,10228,28
26349,6223,10162,1
26350,6223,10177,31
26351,6223,10012,1
26352,6223,10017,4
26353,6223,10866,1
26354,6223,10569,1
26355,6223,10019,10
26356,6223,10316,20
26357,6223,11276,2
26358,6224,10252,2
26359,6224,10022,98
26360,6225,10232,12
26361,6225,11276,83
26362,6226,10230,1
26363,6226,10569,5
26364,6226,10012,9
26365,6226,10017,51
26366,6226,10252,1
26367,6226,10009,33
26368,6228,11276,76
26369,6228,10232,13
26370,6228,10007,9
26371,6229,10017,7
26372,6229,10569,1
26373,6229,10454,1
26374,6229,10177,90
26375,6229,10012,1
26376,6230,10017,100
26377,6231,10022,12
26378,6231,11276,70
26379,6231,10007,8
26380,6232,10012,3
26381,6232,10122,7
26382,6232,10015,5
26383,6232,10177,46
26384,6232,10081,1
26385,6232,10228,11
26386,6232,10017,1
26387,6232,10316,11
26388,6232,10009,2
26389,6232,10099,13
26390,6233,10252,2
26391,6233,10022,98
26392,6234,10316,14
26393,6234,10258,6
26394,6234,11276,53
26395,6234,10232,10
26396,6234,10007,17
26397,6235,10012,7
26398,6235,10214,3
26399,6235,11276,1
26400,6235,10228,31
26401,6235,10177,32
26402,6235,10017,2
26403,6235,10316,23
26404,6236,10252,100
26405,6237,11276,76
26406,6237,10316,6
26407,6237,10007,8
26408,6238,10082,1
26409,6238,10177,67
26410,6238,10012,1
26411,6238,10017,1
26412,6238,10228,16
26413,6238,10316,14
26414,6239,10252,100
26415,6240,10316,10
26416,6240,10258,5
26417,6240,11276,50
26418,6240,10232,15
26419,6240,10007,19
26420,6241,10493,29
26421,6241,10316,15
26422,6241,10177,18
26423,6241,10012,5
26424,6241,10215,2
26425,6241,10228,18
26426,6241,10017,5
26427,6241,10866,1
26428,6241,10569,1
26429,6241,10063,1
26430,6241,10009,1
26431,6241,11276,2
26432,6242,10252,24
26433,6242,10017,76
26434,6243,10007,15
26435,6243,11276,59
26436,6243,10232,14
26437,6243,10316,7
26438,6244,10316,100
26439,6245,10012,1
26440,6245,10019,3
26441,6245,11276,1
26442,6245,10228,44
26443,6245,10017,17
26444,6245,10316,31
26445,6245,10022,4
26446,6246,11276,77
26447,6246,10316,6
26448,6246,10007,13
26449,6248,10162,3
26450,6248,10316,3
26451,6248,10177,87
26452,6248,10019,5
26453,6248,10197,2
26454,6249,10008,8
26455,6249,10384,6
26456,6249,11276,52
26457,6249,10006,8
26458,6249,10007,9
26459,6250,10569,100
26460,6251,10749,81
26461,6251,10031,2
26462,6251,10162,1
26463,6251,10197,5
26464,6251,10191,1
26465,6251,10215,5
26466,6251,10223,2
26467,6251,10078,1
26468,6252,10384,14
26469,6252,10019,14
26470,6252,11276,14
26471,6252,10006,14
26472,6252,10007,8
26473,6252,10749,9
26474,6252,10008,14
26475,6254,10014,1
26476,6254,10749,3
26477,6254,10316,27
26478,6254,10162,3
26479,6254,10215,2
26480,6254,11560,6
26481,6254,10017,2
26482,6254,10019,4
26483,6254,10197,9
26484,6254,10724,1
26485,6254,10009,1
26486,6254,10191,40
26487,6255,10316,5
26488,6255,10174,5
26489,6255,11276,24
26490,6255,10006,7
26491,6255,10008,24
26492,6255,10007,11
26493,6256,10223,87
26494,6256,10019,12
26495,6257,10197,3
26496,6257,10162,5
26497,6257,10215,5
26498,6257,10017,6
26499,6257,10191,80
26500,6258,10007,11
26501,6258,10258,10
26502,6258,11276,66
26503,6258,10232,5
26504,6259,10215,1
26505,6259,10162,1
26506,6259,10177,22
26507,6259,10014,1
26508,6259,10464,67
26509,6259,10017,1
26510,6259,10749,4
26511,6259,10538,1
26512,6260,10017,100
26513,6261,11276,91
26514,6262,10177,2
26515,6262,10012,76
26516,6262,10574,22
26517,6263,10017,100
26518,6264,11276,92
26519,6265,10012,3
26520,6265,10082,97
26521,6267,11276,88
26522,6268,10866,5
26523,6268,10316,2
26524,6268,10017,2
26525,6268,10063,3
26526,6268,10099,18
26527,6268,10122,9
26528,6268,10177,61
26529,6269,10017,55
26530,6269,10022,45
26531,6270,11276,88
26532,6271,10081,1
26533,6271,10569,11
26534,6271,11276,7
26535,6271,10015,3
26536,6271,10177,66
26537,6271,10316,2
26538,6271,10012,9
26539,6272,10017,100
26540,6273,11276,85
26541,6274,10569,1
26542,6274,10177,83
26543,6274,10014,2
26544,6274,10012,7
26545,6274,10316,2
26546,6274,10009,5
26547,6275,10022,89
26548,6275,10017,11
26549,6276,11276,92
26550,6277,10449,5
26551,6277,10569,1
26552,6277,10012,2
26553,6277,11276,3
26554,6277,10177,89
26555,6277,10316,1
26556,6278,10017,34
26557,6278,10022,66
26558,6279,10007,18
26559,6279,10006,9
26560,6279,11276,52
26561,6279,10008,9
26562,6280,10225,3
26563,6280,10198,23
26564,6280,10012,1
26565,6280,10217,2
26566,6280,10017,4
26567,6280,10014,10
26568,6280,10085,10
26569,6280,10082,2
26570,6280,10191,7
26571,6280,10221,9
26572,6280,11276,2
26573,6280,10215,10
26574,6280,10122,1
26575,6280,10316,3
26576,6280,10223,10
26577,6280,10190,2
26578,6281,10012,2
26579,6281,10316,98
26580,6282,11276,91
26581,6283,10122,3
26582,6283,10099,5
26583,6283,10162,1
26584,6283,10316,2
26585,6283,10177,72
26586,6283,11486,1
26587,6283,10012,10
26588,6283,10583,3
26589,6283,10454,1
26590,6283,10866,1
26591,6283,10082,1
26592,6283,10009,1
26593,6284,10017,100
26594,6285,11276,84
26595,6286,10012,1
26596,6286,10227,1
26597,6286,10177,85
26598,6286,11486,6
26599,6286,10583,4
26600,6286,10190,1
26601,6286,10569,1
26602,6286,10316,1
26603,6287,10017,100
26604,6288,11276,90
26605,6289,10012,8
26606,6289,10122,2
26607,6289,10645,11
26608,6289,10177,71
26609,6289,11334,1
26610,6289,10017,2
26611,6289,10316,2
26612,6289,10078,2
26613,6289,11276,1
26614,6290,10022,61
26615,6290,10017,39
26616,6291,11276,87
26617,6292,11331,2
26618,6292,10316,1
26619,6292,10122,2
26620,6292,10645,21
26621,6292,10177,59
26622,6292,10012,7
26623,6292,10866,2
26624,6292,10082,1
26625,6292,10063,2
26626,6292,11276,2
26627,6293,10022,49
26628,6293,10017,51
26629,6294,10007,8
26630,6294,10258,17
26631,6294,11276,66
26632,6295,10012,1
26633,6295,10122,1
26634,6295,10177,62
26635,6295,10014,2
26636,6295,10449,5
26637,6295,10031,15
26638,6295,11334,1
26639,6295,10454,2
26640,6295,10017,4
26641,6295,10749,5
26642,6295,10009,2
26643,6295,10191,1
26644,6296,10017,99
26645,6296,10191,1
26646,6297,10258,12
26647,6297,11276,81
26648,6298,10449,1
26649,6298,10122,3
26650,6298,10022,1
26651,6298,10177,34
26652,6298,10215,3
26653,6298,10583,3
26654,6298,10019,39
26655,6298,10017,1
26656,6298,10569,10
26657,6298,10099,6
26658,6299,10022,87
26659,6299,10017,11
26660,6299,10569,2
26661,6300,10007,16
26662,6300,10258,26
26663,6300,11276,49
26664,6300,10232,5
26665,6301,10748,2
26666,6301,10043,2
26667,6301,10177,69
26668,6301,10012,1
26669,6301,10081,1
26670,6301,10583,4
26671,6301,10228,2
26672,6301,10017,12
26673,6301,10316,1
26674,6301,11276,4
26675,6301,10191,1
26676,6302,10017,100
26677,6303,10007,13
26678,6303,10258,10
26679,6303,11276,69
26680,6304,10082,2
26681,6304,10019,2
26682,6304,10866,5
26683,6304,10177,84
26684,6304,10316,2
26685,6304,10017,5
26686,6305,10017,100
26687,6306,10007,9
26688,6306,10258,9
26689,6306,11276,81
26690,6307,10177,96
26691,6307,10017,3
26692,6307,10009,1
26693,6308,10017,28
26694,6308,10022,72
26695,6309,10007,15
26696,6309,11276,75
26697,6310,10017,7
26698,6310,10063,2
26699,6310,10493,28
26700,6310,10177,60
26701,6310,10043,2
26702,6311,10017,62
26703,6311,10043,38
26704,6312,10007,6
26705,6312,10258,14
26706,6312,11276,69
26707,6313,10043,1
26708,6313,10017,4
26709,6313,11276,2
26710,6313,10177,92
26711,6314,10017,11
26712,6314,10043,89
26713,6315,11276,93
26714,6316,10009,1
26715,6316,10578,6
26716,6316,10866,2
26717,6316,10177,91
26718,6317,10017,67
26719,6317,10022,33
26720,6318,11276,73
26721,6318,10007,15
26722,6318,10232,11
26723,6319,10748,1
26724,6319,10162,1
26725,6319,10583,3
26726,6319,10228,2
26727,6319,10177,86
26728,6319,10017,5
26729,6319,10043,3
26730,6320,10017,6
26731,6320,10043,84
26732,6320,10022,10
26733,6321,10007,7
26734,6321,10258,24
26735,6321,11276,62
26736,6322,10177,61
26737,6322,10122,7
26738,6322,10015,3
26739,6322,10645,14
26740,6322,10014,3
26741,6322,10583,3
26742,6322,10017,3
26743,6322,10063,2
26744,6322,10009,2
26745,6322,10191,1
26746,6323,10043,64
26747,6323,10017,36
26748,6324,10007,18
26749,6324,10258,17
26750,6324,11276,61
26751,6325,10031,8
26752,6325,10162,1
26753,6325,10177,74
26754,6325,10012,8
26755,6325,10017,4
26756,6325,10316,1
26757,6325,11276,2
26758,6326,10017,99
26759,6326,10191,1
26760,6327,10007,5
26761,6327,11276,88
26762,6328,10082,2
26763,6328,10009,2
26764,6328,10215,10
26765,6328,10866,3
26766,6328,10177,80
26767,6328,10316,2
26768,6329,10022,77
26769,6329,10017,23
26770,6330,11276,68
26771,6330,10007,8
26772,6330,10232,7
26773,6331,10177,30
26774,6331,10080,1
26775,6331,11276,8
26776,6331,10316,6
26777,6331,10014,1
26778,6331,10012,17
26779,6331,10336,6
26780,6331,10221,4
26781,6331,10085,3
26782,6331,10228,11
26783,6331,10017,5
26784,6331,10197,4
26785,6331,10569,1
26786,6331,10009,2
26787,6331,10082,1
26788,6332,10252,1
26789,6332,10022,41
26790,6332,10017,58
26791,6333,10007,42
26792,6333,10258,18
26793,6333,10009,5
26794,6333,10316,28
26795,6334,10012,8
26796,6334,10569,2
26797,6334,10019,2
26798,6334,10162,2
26799,6334,10177,81
26800,6334,10316,2
26801,6334,10009,2
26802,6336,10232,6
26803,6336,12250,6
26804,6336,12249,6
26805,6336,10019,31
26806,6336,12199,29
26807,6336,10028,20
26808,6337,10177,92
26809,6337,10569,1
26810,6337,10012,1
26811,6337,10078,6
26812,6339,10232,11
26813,6339,10007,33
26814,6339,10258,8
26815,6339,11276,19
26816,6339,10316,11
26817,6339,10560,15
26818,6340,10063,4
26819,6340,10569,1
26820,6340,10162,1
26821,6340,11276,3
26822,6340,10224,1
26823,6340,10012,2
26824,6340,10177,58
26825,6340,10017,1
26826,6340,10316,1
26827,6340,10122,8
26828,6340,10560,20
26829,6342,10007,31
26830,6342,10258,50
26831,6342,10232,14
26832,6343,10177,72
26833,6343,10569,1
26834,6343,10162,1
26835,6343,10012,2
26836,6343,10017,9
26837,6343,10316,1
26838,6343,10122,1
26839,6343,10031,13
26840,6344,10017,100
26841,6345,10316,22
26842,6345,10258,6
26843,6345,11276,20
26844,6345,10232,7
26845,6345,10007,39
26846,6346,10866,4
26847,6346,10569,2
26848,6346,11276,6
26849,6346,10012,2
26850,6346,10177,82
26851,6346,10316,3
26852,6346,10082,2
26853,6347,10017,100
26854,6348,10316,11
26855,6348,10258,13
26856,6348,11276,20
26857,6348,10232,24
26858,6348,10007,29
26859,6349,10012,1
26860,6349,10569,1
26861,6349,10019,1
26862,6349,11276,3
26863,6349,10177,82
26864,6349,10099,9
26865,6349,10316,1
26866,6349,10122,1
26867,6349,10174,1
26868,6350,10017,71
26869,6350,10022,29
26870,6351,10007,36
26871,6351,11276,34
26872,6351,10232,10
26873,6351,10316,16
26874,6352,10012,1
26875,6352,10569,1
26876,6352,11276,5
26877,6352,10224,5
26878,6352,11334,1
26879,6352,10177,86
26880,6352,10316,2
26881,6353,10017,100
26882,6354,10232,12
26883,6354,10007,31
26884,6354,10258,6
26885,6354,11276,23
26886,6354,10008,9
26887,6354,10316,14
26888,6355,10866,3
26889,6355,10569,2
26890,6355,11276,6
26891,6355,10012,4
26892,6355,10177,80
26893,6355,10082,2
26894,6355,10316,2
26895,6356,10017,54
26896,6356,10022,46
26897,6357,10007,37
26898,6357,11276,42
26899,6357,10232,5
26900,6357,10316,14
26901,6358,11334,1
26902,6358,10569,1
26903,6358,11276,6
26904,6358,10012,1
26905,6358,10177,89
26906,6358,10316,2
26907,6359,10017,100
26908,6360,10316,15
26909,6360,10258,9
26910,6360,11276,22
26911,6360,10232,14
26912,6360,10007,36
26913,6361,10177,62
26914,6361,10569,1
26915,6361,11276,3
26916,6361,10493,24
26917,6361,11486,3
26918,6361,10316,2
26919,6361,10174,2
26920,6361,10012,2
26921,6362,10017,100
26922,6363,10583,7
26923,6363,11276,15
26924,6363,10258,10
26925,6363,10232,17
26926,6363,10475,11
26927,6363,10007,28
26928,6363,10316,8
26929,6364,10012,1
26930,6364,10394,33
26931,6364,10177,39
26932,6364,11486,1
26933,6364,10583,6
26934,6364,10569,1
26935,6364,10475,11
26936,6364,11276,2
26937,6364,10316,1
26938,6364,10122,5
26939,6365,10022,43
26940,6365,10017,57
26941,6366,10008,6
26942,6366,10258,11
26943,6366,10006,6
26944,6366,10316,32
26945,6366,10007,35
26946,6367,10357,7
26947,6367,10031,78
26948,6367,10009,1
26949,6367,10316,2
26950,6367,10081,10
26951,6368,10012,3
26952,6368,10017,92
26953,6368,10316,5
26954,6369,10316,45
26955,6369,10007,45
26956,6370,10031,96
26957,6370,10177,1
26958,6370,10357,2
26959,6372,10316,41
26960,6372,10258,7
26961,6372,10007,41
26962,6373,10031,98
26963,6373,10162,1
26964,6374,10017,98
26965,6374,10316,2
26966,6375,10232,13
26967,6375,10258,13
26968,6375,10583,9
26969,6375,10569,5
26970,6375,10316,25
26971,6375,10007,33
26972,6376,10012,3
26973,6376,10569,62
26974,6376,10583,15
26975,6376,10336,11
26976,6376,11486,3
26977,6376,10316,5
26978,6377,10017,100
26979,6378,10232,7
26980,6378,10258,16
26981,6378,11276,25
26982,6378,10583,5
26983,6378,10316,9
26984,6378,10007,35
26985,6379,10583,5
26986,6379,10569,9
26987,6379,10019,2
26988,6379,11276,4
26989,6379,10012,1
26990,6379,10866,3
26991,6379,11486,1
26992,6379,10177,74
26993,6380,10017,100
26994,6381,10007,34
26995,6381,10258,9
26996,6381,10232,15
26997,6381,10316,36
26998,6382,10012,1
26999,6382,10357,2
27000,6382,10215,4
27001,6382,10081,7
27002,6382,10078,8
27003,6382,10316,3
27004,6382,10014,74
27005,6383,10017,100
27006,6384,10007,55
27007,6384,11276,6
27008,6384,10232,6
27009,6384,10316,20
27010,6385,10012,1
27011,6385,10231,2
27012,6385,10162,1
27013,6385,10221,1
27014,6385,10357,81
27015,6385,10085,2
27016,6385,10395,2
27017,6385,10017,1
27018,6385,10866,3
27019,6385,12271,2
27020,6385,10316,3
27021,6385,10191,1
27022,6386,10017,100
27023,6387,10007,11
27024,6387,10258,5
27025,6387,10316,11
27026,6387,12272,71
27027,6388,10316,1
27028,6388,10336,13
27029,6388,10012,1
27030,6388,10582,3
27031,6388,10177,82
27032,6390,10582,64
27033,6390,12274,9
27034,6390,10007,12
27035,6391,10583,25
27036,6391,10569,1
27037,6391,10582,5
27038,6391,11276,18
27039,6391,10584,27
27040,6391,10866,22
27041,6391,10012,2
27042,6392,10017,100
27043,6393,10316,16
27044,6393,10258,17
27045,6393,11276,13
27046,6393,10232,8
27047,6393,10007,33
27048,6394,10177,75
27049,6394,10316,2
27050,6394,10463,1
27051,6394,10231,2
27052,6394,10336,2
27053,6394,10012,2
27054,6394,10449,3
27055,6394,10221,1
27056,6394,10535,1
27057,6394,10395,1
27058,6394,10085,2
27059,6394,10019,1
27060,6394,10569,1
27061,6394,10866,3
27062,6394,11276,2
27063,6394,10239,1
27064,6394,10191,1
27065,6395,10017,99
27066,6395,10191,1
27067,6396,10316,22
27068,6396,10258,10
27069,6396,11276,19
27070,6396,10019,7
27071,6396,10007,36
27072,6397,10012,2
27073,6397,10316,2
27074,6397,10177,69
27075,6397,10336,6
27076,6397,10215,6
27077,6397,10535,1
27078,6397,10866,4
27079,6397,10569,1
27080,6397,10063,1
27081,6397,10009,4
27082,6397,11276,5
27083,6398,10022,64
27084,6398,10017,36
27085,6399,10019,81
27086,6399,11276,6
27087,6400,11121,26
27088,6400,10569,2
27089,6400,11276,59
27090,6400,10215,6
27091,6400,10012,6
27092,6400,10316,1
27093,6401,10017,100
27094,6402,10019,97
27095,6403,10535,2
27096,6403,10177,96
27097,6403,10019,1
27098,6405,10007,22
27099,6405,11276,15
27100,6405,10258,5
27101,6405,10232,6
27102,6405,10316,16
27103,6405,10013,6
27104,6405,10161,19
27105,6406,10336,4
27106,6406,10162,2
27107,6406,10231,5
27108,6406,10085,5
27109,6406,10012,3
27110,6406,10221,2
27111,6406,10395,4
27112,6406,10019,53
27113,6406,10866,8
27114,6406,10569,1
27115,6406,11276,7
27116,6406,10316,2
27117,6406,10191,2
27118,6407,10022,64
27119,6407,10017,35
27120,6407,10191,1
27121,6408,10232,10
27122,6408,10258,6
27123,6408,11276,22
27124,6408,10019,8
27125,6408,10316,19
27126,6408,10007,35
27127,6409,10336,34
27128,6409,10569,3
27129,6409,11276,19
27130,6409,10535,3
27131,6409,10012,11
27132,6409,10866,20
27133,6409,10316,9
27134,6410,10017,100
27135,6411,10007,27
27136,6411,10657,29
27137,6411,11276,27
27138,6411,10316,12
27139,6412,10316,1
27140,6412,10336,6
27141,6412,11276,62
27142,6412,10012,23
27143,6412,10569,7
27144,6413,10022,100
27145,6414,10232,9
27146,6414,10007,41
27147,6414,11276,9
27148,6414,10009,6
27149,6414,10316,16
27150,6414,10567,7
27151,6415,10012,2
27152,6415,12283,1
27153,6415,11331,3
27154,6415,11432,1
27155,6415,10231,2
27156,6415,10190,2
27157,6415,10072,1
27158,6415,10569,1
27159,6415,10019,1
27160,6415,10031,7
27161,6415,10599,9
27162,6415,10191,6
27163,6415,10215,8
27164,6415,10221,1
27165,6415,10866,4
27166,6415,10162,1
27167,6415,10014,2
27168,6415,10316,2
27169,6415,10535,1
27170,6415,10085,2
27171,6415,10009,1
27172,6415,10015,1
27173,6415,10595,12
27174,6415,10122,4
27175,6415,10063,3
27176,6415,11276,2
27177,6415,10081,3
27178,6415,10223,4
27179,6415,10241,3
27180,6415,10336,1
27181,6415,10567,11
27182,6416,10017,100
27183,6417,10232,10
27184,6417,10657,5
27185,6417,11276,27
27186,6417,10019,6
27187,6417,10316,16
27188,6417,10007,29
27189,6418,10535,3
27190,6418,10569,4
27191,6418,10019,6
27192,6418,11276,28
27193,6418,10336,7
27194,6418,10162,5
27195,6418,10012,14
27196,6418,10866,20
27197,6418,10316,12
27198,6419,10017,59
27199,6419,10022,41
27200,6420,12199,6
27201,6420,10007,41
27202,6420,11276,14
27203,6420,10232,6
27204,6420,10316,18
27205,6421,10014,3
27206,6421,10012,6
27207,6421,10009,5
27208,6421,10569,2
27209,6421,10085,4
27210,6421,10019,2
27211,6421,10336,19
27212,6421,10191,5
27213,6421,10221,2
27214,6421,10866,12
27215,6421,11276,14
27216,6421,10535,1
27217,6421,10215,5
27218,6421,10081,1
27219,6421,10316,5
27220,6421,10223,5
27221,6421,10231,6
27222,6421,10395,3
27223,6422,10017,49
27224,6422,10022,51
27225,6423,10232,14
27226,6423,10258,5
27227,6423,11276,20
27228,6423,10657,6
27229,6423,10316,21
27230,6423,10007,29
27231,6424,10081,3
27232,6424,10235,5
27233,6424,10316,13
27234,6424,10336,8
27235,6424,10012,12
27236,6424,10535,3
27237,6424,11121,4
27238,6424,10569,4
27239,6424,10866,23
27240,6424,10063,6
27241,6424,11276,19
27242,6425,10017,100
27243,6426,10007,22
27244,6426,10258,17
27245,6426,10019,42
27246,6426,10316,19
27247,6427,10569,10
27248,6427,10012,33
27249,6427,10316,56
27250,6428,10017,100
27251,6429,10007,26
27252,6429,11276,45
27253,6429,10232,10
27254,6429,10316,13
27255,6430,10866,28
27256,6430,10569,4
27257,6430,11276,36
27258,6430,10012,12
27259,6430,10252,1
27260,6430,10009,19
27261,6431,10017,11
27262,6431,10022,89
27263,6432,10019,9
27264,6432,10316,55
27265,6432,10007,36
27266,6433,10316,46
27267,6433,11276,40
27268,6433,10012,11
27269,6433,10569,3
27270,6435,10007,35
27271,6435,10316,41
27272,6435,10232,19
27273,6436,10316,1
27274,6436,10569,7
27275,6436,10866,59
27276,6436,10012,21
27277,6436,10019,13
27278,6437,10017,100
27279,6438,10007,23
27280,6438,11276,75
27281,6439,10019,2
27282,6439,10122,23
27283,6439,11276,73
27284,6439,10012,2
27285,6441,10007,21
27286,6441,10258,9
27287,6441,10657,41
27288,6441,10232,26
27289,6442,10569,4
27290,6442,10122,26
27291,6442,11276,55
27292,6442,10012,13
27293,6442,10019,1
27294,6443,10017,100
27295,6444,10007,54
27296,6444,10258,8
27297,6444,10232,10
27298,6444,10316,28
27299,6445,10866,7
27300,6445,10569,1
27301,6445,11276,72
27302,6445,10012,3
27303,6445,10316,10
27304,6445,10014,6
27305,6446,10017,100
27306,6447,10232,17
27307,6447,10007,38
27308,6447,10009,8
27309,6447,10316,31
27310,6447,10099,6
27311,6448,10099,59
27312,6448,10569,1
27313,6448,10012,4
27314,6448,10866,24
27315,6448,10316,7
27316,6448,10122,6
27317,6449,10017,100
27318,6450,10007,48
27319,6450,10019,28
27320,6450,10232,13
27321,6450,10022,6
27322,6451,10012,4
27323,6451,10569,1
27324,6451,10019,7
27325,6451,11276,82
27326,6451,10316,2
27327,6451,10122,5
27328,6452,10017,11
27329,6452,10022,89
27330,6453,12286,31
27331,6453,10007,34
27332,6453,10316,26
27333,6453,10232,7
27334,6454,10072,2
27335,6454,10569,1
27336,6454,10019,14
27337,6454,11276,39
27338,6454,10012,2
27339,6454,10866,4
27340,6454,10316,26
27341,6454,10009,10
27342,6454,10122,3
27343,6455,10017,100
27344,6456,10007,37
27345,6456,12288,24
27346,6456,12287,17
27347,6456,10316,12
27348,6457,10866,6
27349,6457,10569,1
27350,6457,11276,63
27351,6457,10012,4
27352,6457,10009,4
27353,6457,10122,21
27354,6458,10017,100
27355,6459,10316,31
27356,6459,10258,6
27357,6459,10013,8
27358,6459,10232,8
27359,6459,10007,36
27360,6460,10336,19
27361,6460,10394,9
27362,6460,10231,9
27363,6460,10085,7
27364,6460,10012,4
27365,6460,10221,2
27366,6460,10535,3
27367,6460,11754,2
27368,6460,10230,5
27369,6460,10019,3
27370,6460,10569,1
27371,6460,10866,10
27372,6460,11276,12
27373,6460,10316,10
27374,6460,10191,3
27375,6461,10017,100
27376,6462,10007,30
27377,6462,10019,8
27378,6462,10258,5
27379,6462,10232,11
27380,6462,12292,23
27381,6462,10316,12
27382,6462,10009,8
27383,6463,10014,1
27384,6463,10012,3
27385,6463,10569,1
27386,6463,10189,2
27387,6463,10085,2
27388,6463,10197,1
27389,6463,10481,1
27390,6463,10019,1
27391,6463,10336,7
27392,6463,10191,22
27393,6463,10221,1
27394,6463,12271,2
27395,6463,10866,6
27396,6463,11276,20
27397,6463,10535,1
27398,6463,11743,1
27399,6463,10215,4
27400,6463,12295,5
27401,6463,10357,11
27402,6463,10316,2
27403,6463,10122,1
27404,6463,10081,3
27405,6463,10231,2
27406,6463,10395,1
27407,6464,10017,26
27408,6464,10022,16
27409,6464,10191,57
27410,6465,10316,19
27411,6465,10657,7
27412,6465,11276,25
27413,6465,10232,8
27414,6465,10007,29
27415,6466,10535,5
27416,6466,10569,4
27417,6466,11276,29
27418,6466,10063,10
27419,6466,10012,13
27420,6466,10866,26
27421,6466,10082,7
27422,6466,10316,6
27423,6467,10022,52
27424,6467,10017,48
27425,6468,10232,15
27426,6468,10007,25
27427,6468,11276,22
27428,6468,10019,10
27429,6468,10009,7
27430,6468,10316,15
27431,6469,10231,6
27432,6469,11276,12
27433,6469,10316,8
27434,6469,10162,2
27435,6469,10085,6
27436,6469,10014,3
27437,6469,10012,7
27438,6469,10336,25
27439,6469,10221,2
27440,6469,10535,1
27441,6469,10395,4
27442,6469,11121,3
27443,6469,10569,2
27444,6469,10866,12
27445,6469,10009,5
27446,6469,10191,2
27447,6470,10017,99
27448,6470,10191,1
27449,6471,10232,10
27450,6471,10007,30
27451,6471,10657,7
27452,6471,11276,24
27453,6471,12199,6
27454,6471,10316,18
27455,6472,10535,4
27456,6472,10569,5
27457,6472,10019,4
27458,6472,11276,31
27459,6472,10336,4
27460,6472,10012,15
27461,6472,10866,31
27462,6472,10316,6
27463,6473,10017,51
27464,6473,10022,49
27465,6474,10316,15
27466,6474,11276,21
27467,6474,10019,9
27468,6474,10232,20
27469,6474,10007,28
27470,6475,10336,11
27471,6475,10162,3
27472,6475,10231,8
27473,6475,10085,7
27474,6475,10012,10
27475,6475,10221,2
27476,6475,10535,3
27477,6475,10228,8
27478,6475,10569,3
27479,6475,10866,17
27480,6475,11276,17
27481,6475,10316,7
27482,6475,10191,3
27483,6476,10022,29
27484,6476,10017,70
27485,6477,10007,6
27486,6477,11276,82
27487,6478,10162,96
27488,6478,10012,2
27489,6478,11276,1
27490,6479,10017,100
27491,6480,11276,92
27492,6481,10081,2
27493,6481,10122,15
27494,6481,10015,4
27495,6481,10459,10
27496,6481,10583,19
27497,6481,11334,2
27498,6481,10454,1
27499,6481,10017,10
27500,6481,10316,4
27501,6481,11276,3
27502,6481,10009,3
27503,6481,10099,27
27504,6482,10022,38
27505,6482,10017,62
27506,6483,10007,7
27507,6483,11276,81
27508,6484,10177,77
27509,6484,10569,1
27510,6484,11276,2
27511,6484,10012,15
27512,6484,10082,2
27513,6484,10316,2
27514,6485,10230,1
27515,6485,11276,2
27516,6485,10215,88
27517,6485,10012,1
27518,6485,10017,7
27519,6486,10008,27
27520,6486,10006,27
27521,6486,11276,28
27522,6486,10232,5
27523,6487,10015,3
27524,6487,10174,1
27525,6487,10316,3
27526,6487,10122,16
27527,6487,10014,13
27528,6487,10012,1
27529,6487,10081,1
27530,6487,10228,3
27531,6487,10017,21
27532,6487,10082,2
27533,6487,11069,27
27534,6487,10260,9
27535,6488,10017,100
27536,6489,10008,23
27537,6489,12302,8
27538,6489,11276,23
27539,6489,11766,8
27540,6489,10006,17
27541,6489,12303,9
27542,6490,10645,84
27543,6490,10162,1
27544,6490,10569,7
27545,6490,11069,2
27546,6490,10019,1
27547,6490,10078,1
27548,6490,10570,1
27549,6491,10569,100
27550,6492,10008,41
27551,6492,10006,8
27552,6492,11276,41
27553,6492,10232,6
27554,6493,10567,51
27555,6493,10189,1
27556,6493,11069,46
27557,6493,10017,1
27558,6493,10122,1
27559,6494,10022,100
27560,6495,10008,37
27561,6495,10006,10
27562,6495,11276,37
27563,6495,10232,9
27564,6496,10177,3
27565,6496,10567,97
27566,6497,10017,100
27567,6498,10007,7
27568,6498,10008,28
27569,6498,11276,28
27570,6499,10574,7
27571,6499,10248,1
27572,6499,12307,2
27573,6499,10562,1
27574,6499,10492,1
27575,6499,10451,58
27576,6499,11245,1
27577,6499,12186,4
27578,6499,10618,2
27579,6499,11488,3
27580,6499,10583,1
27581,6499,10459,8
27582,6499,10122,1
27583,6499,10578,1
27584,6499,10454,1
27585,6499,12306,1
27586,6499,11247,1
27587,6499,10567,5
27588,6499,10573,1
27589,6500,11488,100
27590,6501,12313,9
27591,6501,10006,9
27592,6501,11276,13
27593,6501,10007,7
27594,6501,10008,13
27595,6501,12314,9
27596,6501,10009,6
27597,6501,10560,9
27598,6502,10357,90
27599,6502,10227,1
27600,6502,10560,8
27601,6503,10560,88
27602,6503,10017,5
27603,6503,10191,2
27604,6503,10583,5
27605,6504,10007,7
27606,6504,10006,13
27607,6504,11276,13
27608,6504,10444,12
27609,6504,10358,12
27610,6504,10008,13
27611,6504,10560,12
27612,6505,10316,1
27613,6505,10223,30
27614,6505,10012,1
27615,6505,10560,64
27616,6505,10191,3
27617,6506,10017,1
27618,6506,10191,99
27619,6507,10358,19
27620,6507,10444,19
27621,6507,10006,19
27622,6507,11276,19
27623,6507,10560,19
27624,6508,10177,1
27625,6508,10560,98
27626,6508,10464,1
27627,6509,10022,18
27628,6509,10560,37
27629,6509,10017,45
27630,6510,10358,18
27631,6510,10444,18
27632,6510,10006,18
27633,6510,11276,18
27634,6510,10560,18
27635,6511,10099,2
27636,6511,10567,3
27637,6511,10214,1
27638,6511,10017,2
27639,6511,10749,1
27640,6511,10019,1
27641,6511,10560,63
27642,6511,11276,1
27643,6511,10177,21
27644,6511,10043,1
27645,6511,10122,1
27646,6512,10017,65
27647,6512,10560,35
27648,6513,10358,16
27649,6513,10444,16
27650,6513,10006,16
27651,6513,11276,16
27652,6513,10008,11
27653,6513,10560,16
27654,6514,10009,1
27655,6514,10012,9
27656,6514,12185,18
27657,6514,10072,2
27658,6514,10080,3
27659,6514,10031,9
27660,6514,10017,3
27661,6514,10014,1
27662,6514,10063,1
27663,6514,10082,1
27664,6514,10560,11
27665,6514,11246,6
27666,6514,10177,21
27667,6514,10248,1
27668,6514,10215,3
27669,6514,10122,3
27670,6514,10316,1
27671,6514,10223,3
27672,6514,10078,1
27673,6515,10228,30
27674,6515,10017,60
27675,6515,10560,11
27676,6516,10358,14
27677,6516,10444,14
27678,6516,10006,14
27679,6516,11276,14
27680,6516,10008,14
27681,6516,10560,14
27682,6517,10353,50
27683,6517,12185,12
27684,6517,10017,1
27685,6517,10014,1
27686,6517,10749,2
27687,6517,10336,5
27688,6517,10560,4
27689,6517,10177,22
27690,6517,10122,1
27691,6517,10015,1
27692,6518,10017,27
27693,6518,10022,59
27694,6518,10560,13
27695,6519,10358,16
27696,6519,10444,16
27697,6519,10006,16
27698,6519,11276,16
27699,6519,10008,15
27700,6519,10560,16
27701,6520,10449,1
27702,6520,10012,1
27703,6520,12185,68
27704,6520,10009,2
27705,6520,10162,1
27706,6520,10017,1
27707,6520,10014,1
27708,6520,10085,1
27709,6520,10336,2
27710,6520,12271,1
27711,6520,10560,8
27712,6520,10177,10
27713,6520,10316,1
27714,6520,10231,1
27715,6521,10017,53
27716,6521,10560,47
27717,6522,10358,19
27718,6522,10444,19
27719,6522,10006,19
27720,6522,11276,19
27721,6522,10560,19
27722,6523,10014,4
27723,6523,10072,1
27724,6523,10162,15
27725,6523,10177,51
27726,6523,10336,10
27727,6523,10560,8
27728,6523,12283,2
27729,6523,10395,1
27730,6523,10316,1
27731,6523,10078,1
27732,6523,10191,6
27733,6524,10560,96
27734,6524,10316,4
27735,6525,10358,19
27736,6525,10444,19
27737,6525,10006,19
27738,6525,11276,19
27739,6525,10560,19
27740,6526,10012,3
27741,6526,10162,6
27742,6526,10535,8
27743,6526,10252,1
27744,6526,10017,9
27745,6526,10113,1
27746,6526,10560,71
27747,6527,10560,100
27748,6528,10358,20
27749,6528,10444,20
27750,6528,10006,20
27751,6528,11276,20
27752,6528,10560,20
27753,6529,10316,2
27754,6529,10336,4
27755,6529,10017,2
27756,6529,10177,73
27757,6529,10560,20
27758,6530,10017,55
27759,6530,10560,45
27760,6531,10358,20
27761,6531,10444,20
27762,6531,10006,20
27763,6531,11276,20
27764,6531,10560,20
27765,6532,10560,99
27766,6532,10177,1
27767,6533,10560,100
27768,6534,10358,19
27769,6534,10444,19
27770,6534,10006,19
27771,6534,11276,19
27772,6534,10560,19
27773,6535,11334,2
27774,6535,10316,8
27775,6535,10493,28
27776,6535,10866,7
27777,6535,10099,22
27778,6535,10122,13
27779,6535,10560,19
27780,6536,10017,53
27781,6536,10560,47
27782,6537,10358,19
27783,6537,10444,19
27784,6537,10006,19
27785,6537,11276,19
27786,6537,10560,19
27787,6538,10221,1
27788,6538,10231,4
27789,6538,10177,70
27790,6538,10336,1
27791,6538,10560,12
27792,6538,10085,3
27793,6538,12271,3
27794,6538,10316,3
27795,6538,11276,1
27796,6538,10191,2
27797,6539,10022,56
27798,6539,10560,21
27799,6539,10017,23
27800,6540,10358,20
27801,6540,10444,20
27802,6540,10006,20
27803,6540,11276,20
27804,6540,10560,20
27805,6541,10560,82
27806,6541,10395,16
27807,6541,10177,1
27808,6541,10113,1
27809,6542,10191,3
27810,6542,10560,97
27811,6543,10358,20
27812,6543,10444,20
27813,6543,10006,20
27814,6543,11276,20
27815,6543,10560,20
27816,6544,10063,27
27817,6544,10535,5
27818,6544,10560,61
27819,6544,11276,7
27820,6545,10560,100
27821,6546,10358,19
27822,6546,10444,19
27823,6546,10006,19
27824,6546,11276,19
27825,6546,10560,19
27826,6547,10316,8
27827,6547,10560,91
27828,6548,10017,83
27829,6548,10560,17
27830,6549,10358,20
27831,6549,10444,20
27832,6549,10006,20
27833,6549,11276,20
27834,6549,10560,20
27835,6550,10560,12
27836,6550,10336,10
27837,6550,10177,76
27838,6550,10009,2
27839,6551,10560,100
27840,6552,10358,19
27841,6552,10444,19
27842,6552,10006,19
27843,6552,11276,19
27844,6552,10560,19
27845,6553,10560,87
27846,6553,10082,13
27847,6554,10444,18
27848,6554,10560,18
27849,6554,10006,18
27850,6554,11276,18
27851,6554,10358,18
27852,6554,10007,6
27853,6555,10560,16
27854,6555,10248,30
27855,6555,10019,51
27856,6555,10316,2
27857,6556,10017,18
27858,6556,10560,82
27859,6557,10358,19
27860,6557,10444,19
27861,6557,10006,19
27862,6557,11276,19
27863,6557,10560,19
27864,6558,10336,2
27865,6558,10231,4
27866,6558,10162,1
27867,6558,10177,71
27868,6558,10221,1
27869,6558,10085,3
27870,6558,10560,11
27871,6558,10190,2
27872,6558,10395,2
27873,6558,10316,1
27874,6558,10191,2
27875,6559,10560,45
27876,6559,10017,54
27877,6559,10191,1
27878,6560,10358,19
27879,6560,10444,19
27880,6560,10006,19
27881,6560,11276,19
27882,6560,10560,19
27883,6561,10560,92
27884,6561,10535,8
27885,6562,10017,61
27886,6562,10560,39
27887,6563,10358,19
27888,6563,10444,19
27889,6563,10006,19
27890,6563,11276,19
27891,6563,10560,19
27892,6564,10560,82
27893,6564,10454,2
27894,6564,10015,9
27895,6564,10316,7
27896,6565,10017,62
27897,6565,10560,38
27898,6566,10358,19
27899,6566,10444,19
27900,6566,10006,19
27901,6566,11276,19
27902,6566,10560,19
27903,6567,10177,84
27904,6567,10316,2
27905,6567,10560,14
27906,6568,10017,20
27907,6568,10022,66
27908,6568,10560,14
27909,6569,10358,20
27910,6569,10444,20
27911,6569,10006,20
27912,6569,11276,20
27913,6569,10560,20
27914,6570,10015,28
27915,6570,10560,72
27916,6571,10017,38
27917,6571,10560,62
27918,6572,10358,18
27919,6572,10444,18
27920,6572,10006,18
27921,6572,11276,18
27922,6572,10008,6
27923,6572,10560,18
27924,6573,12185,3
27925,6573,10122,1
27926,6573,10177,7
27927,6573,10560,88
27928,6574,10215,58
27929,6574,10122,1
27930,6574,12319,1
27931,6574,10012,1
27932,6574,10560,21
27933,6574,12185,10
27934,6574,10017,8
27935,6575,10007,6
27936,6575,10006,10
27937,6575,11276,29
27938,6575,10444,8
27939,6575,10358,8
27940,6575,10008,29
27941,6575,10560,8
27942,6576,10560,34
27943,6576,10122,2
27944,6576,10162,2
27945,6576,10012,1
27946,6576,12185,55
27947,6576,10214,4
27948,6577,10560,2
27949,6577,12185,94
27950,6577,10017,3
27951,6578,10008,35
27952,6578,10174,5
27953,6578,11276,34
27954,6578,10232,6
27955,6578,10007,6
27956,6579,12185,10
27957,6579,10198,2
27958,6579,10012,1
27959,6579,10463,1
27960,6579,10009,1
27961,6579,10162,1
27962,6579,10017,2
27963,6579,10014,1
27964,6579,11334,1
27965,6579,10128,1
27966,6579,10177,21
27967,6579,10122,1
27968,6579,10395,55
27969,6579,10015,1
27970,6580,10017,100
27971,6581,10008,44
27972,6581,11276,44
27973,6582,10012,1
27974,6582,10017,2
27975,6582,10224,1
27976,6582,10177,13
27977,6582,10078,1
27978,6582,10043,1
27979,6582,12185,7
27980,6582,10191,4
27981,6582,10162,1
27982,6582,10014,1
27983,6582,10316,2
27984,6582,10009,1
27985,6582,10015,1
27986,6582,10228,1
27987,6582,10122,4
27988,6582,11069,14
27989,6582,11560,1
27990,6582,10217,1
27991,6582,11276,1
27992,6582,10223,1
27993,6582,10395,32
27994,6582,10336,1
27995,6582,10567,9
27996,6583,10017,95
27997,6583,10191,1
27998,6583,10724,4
27999,6584,10007,5
28000,6584,10008,44
28001,6584,11276,44
28002,6585,10162,4
28003,6585,11086,6
28004,6585,10463,2
28005,6585,10231,7
28006,6585,11515,3
28007,6585,12271,3
28008,6585,10012,2
28009,6585,10017,7
28010,6585,11326,3
28011,6585,10540,5
28012,6585,10082,1
28013,6585,10260,57
28014,6586,10017,41
28015,6586,11276,27
28016,6586,10012,16
28017,6586,10015,15
28018,6587,10008,47
28019,6587,11276,47
28020,6588,10316,55
28021,6588,10012,1
28022,6588,10162,44
28023,6590,10008,47
28024,6590,11276,47
28025,6591,10012,2
28026,6591,10316,98
28027,6593,10008,48
28028,6593,11276,48
28029,6594,10017,72
28030,6594,10012,28
28031,6596,10008,48
28032,6596,11276,48
28033,6597,10012,10
28034,6597,10316,90
28035,6598,10017,100
28036,6599,10008,47
28037,6599,11276,47
28038,6600,10316,37
28039,6600,10017,13
28040,6600,10012,1
28041,6600,10162,50
28042,6601,10022,100
28043,6602,10008,45
28044,6602,11276,45
28045,6603,10336,2
28046,6603,10231,3
28047,6603,10177,82
28048,6603,10014,1
28049,6603,10190,1
28050,6603,10395,2
28051,6603,10316,1
28052,6603,10082,1
28053,6603,10540,2
28054,6603,10009,1
28055,6603,11276,3
28056,6604,10022,80
28057,6604,10017,20
