ID,timestamp,QualificationID,StartOffset
32886,1586836861.395382,8,-99584
32887,1586836861.395782,8,-346
32888,1586836925.5556912,8,-60953
32889,1586836925.563098,8,-205
32890,1586837139.7704,8,-210910
32891,1586837139.8591542,8,-274
32892,1586837276.699368,8,-128201
32893,1586837276.6995072,8,-262
32894,1586837336.5010462,8,-38807
32895,1586837336.501523,8,-201
32896,1586837500.881927,8,-152310
32897,1586837500.9267821,8,-261
32898,1586837573.950079,8,-69810
32899,1586837573.950532,8,-195
32900,1586837848.9028041,8,-258798
32901,1586837849.011208,8,-327
32902,1586837861.7007723,8,-567
32903,1586837861.702568,8,-153
32904,1586838086.3260372,8,-218923
32905,1586838086.3262591,8,-590
32906,1586838165.238463,8,-56308
32907,1586838165.258431,8,-215
32908,1586838236.7008352,8,-52997
32909,1586838236.7014513,8,-277
32910,1586838296.653995,8,-37882
32911,1586838296.654134,8,-247
32912,1586838652.878503,8,-344193
32913,1586838652.8786092,8,-253
32914,1586838866.8722072,8,-199422
32915,1586838866.8723502,8,-210
32916,1586839180.3722353,8,-303142
32917,1586839180.5283892,8,-363
32918,1586839235.290255,8,-21638
32919,1586839235.2904081,8,-141
32920,1586839256.5090523,8,-9736
32921,1586839256.509264,8,-210
32922,1586839706.110188,8,-437606
32923,1586839706.313301,8,-439
32924,1586839747.713535,8,-29991
32925,1586839747.714962,8,-140
32926,1586839887.4745302,8,-131515
32927,1586839887.4746552,8,-223
32928,1586840156.6647682,8,-264396
32929,1586840156.681893,8,-259
32930,1586840200.4977372,8,-26636
32931,1586840200.4978821,8,-137
32932,1586840365.8683581,8,-134262
32933,1586840365.8691192,8,-204
32934,1586840471.124588,8,-102044
32935,1586840471.1249752,8,-186
32936,1586840593.409687,8,-110114
32937,1586840593.4103172,8,-197
32938,1586840658.9573812,8,-61919
32939,1586840658.958414,8,-208
32940,1586840813.799446,8,-151971
32941,1586840813.8130841,8,-229
32942,1586841072.9280992,8,-252232
32943,1586841072.931324,8,-266
32944,1586841116.590904,8,-40209
32945,1586841116.623496,8,-252
32946,1586841176.6385021,8,-42071
32947,1586841176.6395183,8,-231
32948,1586841219.8509812,8,-15245
32949,1586841219.8512762,8,-139
32950,1586841357.544887,8,-121695
32951,1586841357.545021,8,-204
32952,1586841679.109798,8,-318312
32953,1586841679.110176,8,-225
32954,1586841721.8593802,8,-31585
32955,1586841721.8601093,8,-169
32956,1586841860.947246,8,-130606
32957,1586841860.947379,8,-195
32958,1586842076.644714,8,-212471
32959,1586842076.651474,8,-256
32960,1586842136.637196,8,-42037
32961,1586842136.637333,8,-222
32962,1586842240.0891912,8,-91496
32963,1586842240.089324,8,-241
32964,1586842379.123243,8,-128889
32965,1586842379.1233683,8,-214
32966,1586842417.960937,8,-24082
32967,1586842417.961074,8,-139
32968,1586843025.4966052,8,-577216
32969,1586843025.7315083,8,-456
32970,1586843036.6228762,8,-6217
32971,1586843036.6230183,8,-222
32972,1586843096.8725252,8,-43346
32973,1586843096.87287,8,-230
32974,1586843181.2176542,8,-72437
32975,1586843181.2177892,8,-208
32976,1586843264.934689,8,-69554
32977,1586843264.9353852,8,-185
32978,1586843295.085014,8,-19243
32979,1586843295.0930963,8,-177
32980,1586843602.8724952,8,-298518
32981,1586843603.113917,8,-449
32982,1586843996.9113803,8,-383122
32983,1586843996.9535222,8,-456
32984,1586844056.8056502,8,-43163
32985,1586844056.805767,8,-227
32986,1586844285.0628142,8,-216361
32987,1586844285.062941,8,-182
32988,1586844383.1161222,8,-81690
32989,1586844383.1162772,8,-206
32990,1586844956.8234282,8,-564568
32991,1586844956.823774,8,-256
32992,1586845016.907381,8,-43178
32993,1586845016.9122272,8,-227
32994,1586845049.029138,8,-20258
32995,1586845049.0400162,8,-161
32996,1586845300.210844,8,-240017
32997,1586845300.350331,8,-336
32998,1586845884.060692,8,-562381
32999,1586845884.068726,8,-229
33000,1586845916.8728743,8,-20059
33001,1586845916.872996,8,-202
33002,1586845976.93678,8,-41814
33003,1586845976.9369183,8,-223
33004,1586846141.8620942,8,-152979
33005,1586846141.862265,8,-197
33006,1586846251.181019,8,-106169
33007,1586846251.200396,8,-220
33008,1586846325.4217982,8,-65169
33009,1586846325.4219291,8,-193
33010,1586846393.042205,8,-57149
33011,1586846393.042596,8,-210
33012,1586846702.2738743,8,-301438
33013,1586846702.2984543,8,-245
33014,1586846876.86332,8,-158545
33015,1586846876.86346,8,-298
33016,1586846936.7138891,8,-43055
33017,1586846936.7148461,8,-204
33018,1586847148.5743752,8,-199992
33019,1586847148.5832472,8,-215
33020,1586847345.654237,8,-186625
33021,1586847345.6626472,8,-179
33022,1586847753.344062,8,-394531
33023,1586847753.528994,8,-462
33024,1586847836.863648,8,-64059
33025,1586847836.86572,8,-234
33026,1586847896.7046652,8,-43033
33027,1586847896.7051053,8,-203
33028,1586847938.1147351,8,-26654
33029,1586847938.114891,8,-194
33030,1586848365.801927,8,-417037
33031,1586848366.0845451,8,-487
33032,1586848536.867948,8,-160530
33033,1586848536.8680902,8,-203
33034,1586848558.0845702,8,-18090
33035,1586848558.0850031,8,-171
33036,1586848636.2970922,8,-54180
33037,1586848636.2999353,8,-236
33038,1586848796.872457,8,-152821
33039,1586848796.885282,8,-263
33040,1586848856.7443142,8,-40375
33041,1586848856.744412,8,-192
33042,1586848986.365498,8,-117792
33043,1586848986.3656712,8,-217
33044,1586849380.8669732,8,-380630
33045,1586849380.8671272,8,-192
33046,1586849756.9678602,8,-365762
33047,1586849756.9679842,8,-292
33048,1586849817.005177,8,-43318
33049,1586849817.0053082,8,-227
33050,1586850137.0771651,8,-305624
33051,1586850137.085848,8,-229
33052,1586850263.163868,8,-113289
33053,1586850263.164157,8,-206
33054,1586850326.837408,8,-48616
33055,1586850326.8457892,8,-181
33056,1586850397.7320724,8,-55819
33057,1586850397.7323203,8,-213
33058,1586850531.868746,8,-120705
33059,1586850531.9033651,8,-238
33060,1586850714.0934553,8,-162043
33061,1586850714.0936732,8,-222
33062,1586850777.0271373,8,-43407
33063,1586850777.0272872,8,-232
33064,1586851051.3002532,8,-262554
33065,1586851051.311811,8,-228
33066,1586851426.4511771,8,-361800
33067,1586851426.4804473,8,-234
33068,1586851676.8790922,8,-240049
33069,1586851676.881915,8,-238
33070,1586851737.0597153,8,-41895
33071,1586851737.0598502,8,-231
33072,1586851916.3323722,8,-167555
33073,1586851916.33393,8,-212
33074,1586852215.1713212,8,-290408
33075,1586852215.1963482,8,-236
33076,1586852441.4412432,8,-212653
33077,1586852441.442557,8,-223
33078,1586852637.0958543,8,-185300
33079,1586852637.1194642,8,-311
33080,1586852696.8349612,8,-43071
33081,1586852696.835104,8,-209
33082,1586853117.4157212,8,-408843
33083,1586853117.562684,8,-372
33084,1586853460.299293,8,-326226
33085,1586853460.324718,8,-214
33086,1586853597.128675,8,-126400
33087,1586853597.128801,8,-254
33088,1586853656.8786783,8,-43125
33089,1586853656.878796,8,-194
33090,1586853944.598434,8,-276021
33091,1586853944.59874,8,-270
33092,1586854133.129635,8,-175987
33093,1586854133.1297612,8,-213
33094,1586854302.8759701,8,-162113
33095,1586854302.9060411,8,-241
33096,1586854480.495603,8,-174742
33097,1586854480.4957442,8,-190
33098,1586854556.909913,8,-65860
33099,1586854556.9121423,8,-247
33100,1586854616.8928652,8,-43336
33101,1586854616.89299,8,-238
33102,1586854975.433096,8,-343981
33103,1586854975.441975,8,-235
33104,1586855500.727869,8,-507800
33105,1586855500.8532472,8,-358
33106,1586855516.94303,8,-6037
33107,1586855516.943154,8,-222
33108,1586855577.1652272,8,-43546
33109,1586855577.165435,8,-223
33110,1586855702.581511,8,-113817
33111,1586855702.58166,8,-206
33112,1586855805.32723,8,-98530
33113,1586855805.3949912,8,-292
33114,1586855940.3755972,8,-123414
33115,1586855940.4822242,8,-327
33116,1586856297.1927352,8,-348427
33117,1586856297.192895,8,-225
33118,1586856477.1464863,8,-168488
33119,1586856477.1485732,8,-230
33120,1586856525.928219,8,-32173
33121,1586856525.9283671,8,-147
33122,1586856685.896388,8,-122929
33123,1586856685.9245842,8,-259
33124,1586857437.227004,8,-748412
33125,1586857437.2271223,8,-499
33126,1586857496.9856992,8,-43409
33127,1586857496.9858613,8,-223
33128,1586857546.1534142,8,-37561
33129,1586857546.1535492,8,-133
33130,1586857719.4636872,8,-162875
33131,1586857719.4638262,8,-215
33132,1586858003.3631673,8,-269215
33133,1586858003.3690152,8,-222
33134,1586858397.165792,8,-385400
33135,1586858397.1662002,8,-312
33136,1586858456.981576,8,-43324
33137,1586858456.981773,8,-198
33138,1586858561.3439503,8,-92776
33139,1586858561.3441,8,-241
33140,1586858817.541059,8,-246074
33141,1586858817.606933,8,-291
33142,1586858986.295917,8,-160020
33143,1586858986.2963243,8,-180
33144,1586859063.0687032,8,-66819
33145,1586859063.0688372,8,-184
33146,1586859357.266607,8,-271186
33147,1586859357.4179392,8,-393
33148,1586859417.210436,8,-41873
33149,1586859417.210741,8,-204
33150,1586859580.2433472,8,-148832
33151,1586859580.2435083,8,-212
33152,1586860166.69318,8,-576374
33153,1586860166.705974,8,-239
33154,1586860317.195233,8,-58829
33155,1586860317.196281,8,-239
33156,1586860359.5356572,8,-25803
33157,1586860359.5602152,8,-298
33158,1586861770.2214892,8,-25301
33159,1586861770.2216032,8,-246
33160,1586862004.6459303,8,-223000
33161,1586862004.6460881,8,-198
33162,1586862184.9301553,8,-2287
33163,1586862184.9303122,8,-195
33164,1586862199.712718,8,-2051
33165,1586862199.713107,8,-131
33166,1586862358.7188282,8,-1172
33167,1586862358.7191343,8,-173
33168,1586862517.250149,8,-1454
33169,1586862517.250585,8,-169
33170,1586862640.90198,8,-121232
33171,1586862640.902101,8,-337
33172,1586862716.046991,8,-1154
33173,1586862716.0471401,8,-149
33174,1586863349.006713,8,-8480
33175,1586863349.0068371,8,-277
33176,1586863522.071095,8,-1388
33177,1586863522.0715601,8,-162
33178,1586863532.745574,8,-1466
33179,1586863532.745894,8,-144
33180,1586863542.049108,8,-2465
33181,1586863542.0496151,8,-133
33182,1586863557.7183013,8,-1481
33183,1586863557.7184563,8,-137
33184,1586863567.161799,8,-2604
33185,1586863567.1621652,8,-132
33186,1586863570.7285752,8,-1152
33187,1586863570.7287111,8,-131
33188,1586863577.96666,8,-2924
33189,1586863577.9668322,8,-134
33190,1586863581.5279331,8,-1151
33191,1586863581.5284312,8,-132
33192,1586863595.695684,8,-2638
33193,1586863595.696774,8,-178
33194,1586863621.7938862,8,-9222
33195,1586863621.7940211,8,-216
33196,1586863858.8310971,8,-2125
33197,1586863858.8319602,8,-179
33198,1586863869.5111523,8,-1181
33199,1586863869.511588,8,-148
33200,1586863875.2515082,8,-1442
33201,1586863875.2516432,8,-132
33202,1586863881.330166,8,-1770
33203,1586863881.330301,8,-134
33204,1586863959.2474093,8,-1592
33205,1586863959.2475743,8,-190
33206,1586863982.0114691,8,-1365
33207,1586863982.011624,8,-134
33208,1586863988.6221,8,-1393
33209,1586863988.622231,8,-134
33210,1586864005.100388,8,-12099
33211,1586864005.1007352,8,-133
33212,1586864059.882196,8,-44933
33213,1586864059.882328,8,-240
33214,1586865114.1496043,8,-2543
33215,1586865114.149753,8,-162
33216,1586865134.1250672,8,-1206
33217,1586865134.1253343,8,-132
33218,1586865204.6251073,8,-11337
33219,1586865204.625289,8,-225
33220,1586865247.9535522,8,-31919
33221,1586865247.956684,8,-215
33222,1586865406.417901,8,-1229
33223,1586865406.418046,8,-175
33224,1586865410.4278162,2,-248
33225,1586865410.428986,8,-1650
33226,1586865410.42981,8,-495
33227,1586865410.777049,5,-1
33228,1586865413.577775,5,-2
33229,1586865414.298428,2,0
33230,1586865434.5679832,2,-53
33231,1586865434.7814481,5,0
33232,1586865439.407118,5,-1
33233,1586865440.317667,2,-78
33234,1586865457.519279,2,-35
33235,1586865457.7779331,5,0
33236,1586865461.455996,5,-1
33237,1586865462.280323,2,0
33238,1586867827.6414032,8,-2064
33239,1586867827.659542,8,-181
33240,1586867832.260059,8,-2060
33241,1586867832.2602,8,-192
33242,1586867862.013148,2,-65
33243,1586867862.2774491,5,-1
33244,1586867863.530666,5,-2
33245,1586867864.228974,2,-2
33246,1586868225.8944702,2,-5
33247,1586868226.077841,5,0
33248,1586868231.270711,2,-270
33249,1586868253.2692761,2,-1
33250,1586868263.913022,5,-2
33251,1586868264.647933,2,0
33252,1586868307.220504,2,-57
33253,1586868307.558916,5,0
33254,1586868317.8558831,5,-1
33255,1586868318.583039,2,0
33256,1586871754.904304,8,-3140
33257,1586871754.922658,8,-248
33258,1586872085.6803591,2,-69
33259,1586872085.92068,5,-1
33260,1586872096.1586502,5,-1
33261,1586872096.927856,2,-1
33262,1586872097.4012852,2,-42
33263,1586872097.6460643,5,-1
33264,1586872098.8403041,5,-1
33265,1586872099.5921252,2,0
33266,1586872105.8679643,2,-59
33267,1586872106.1921892,5,0
33268,1586872116.4097812,5,-1
33269,1586872117.064866,2,0
33270,1586872122.7722373,2,-37
33271,1586872123.0699863,5,-4
33272,1586872126.3161492,5,-1
33273,1586872127.0641582,2,0
33274,1586872127.4729943,2,-38
33275,1586872127.703929,5,-1
33276,1586872138.0331671,5,-1
33277,1586872138.839467,2,0
33278,1586872146.68464,2,-55
33279,1586872146.958518,5,-1
33280,1586872149.0667531,2,-2
33281,1586872150.1008701,2,-100
33282,1586872150.1011043,2,-95
33283,1586872160.6037192,2,-451
33284,1586872273.396174,9,-97380
33285,1586872366.909471,2,-8
33286,1586872368.2388883,2,-63
33287,1586872375.386344,2,-7
33288,1586872380.2225332,2,-810
33289,1586872436.33434,2,-25
33290,1586872445.9399014,2,-42
33291,1586872448.8848581,2,-33
33292,1586872449.2211483,2,-2
33293,1586872453.0315342,2,-8
33294,1586872454.1366742,2,-76
33295,1586872457.7917633,2,-157
33296,1586872460.7883022,2,-27
33297,1586872494.4803262,2,-8
33298,1586872502.3923912,9,0
33299,1586872502.6679611,5,0
33300,1586872503.387223,2,0
33301,1586872742.112409,8,-2808
33302,1586872742.1139421,8,-248
33303,1586872783.2575572,8,-3585
33304,1586872783.2577653,8,-138
33305,1586872787.3592882,8,-1046
33306,1586872787.3594081,8,-187
33307,1586873003.476146,2,-80
33308,1586873003.70347,5,-1
33309,1586873010.0538812,5,-1
33310,1586873010.8036242,2,0
33311,1586873189.8521411,2,-12
33312,1586873190.1826472,5,-3
33313,1586873190.817358,5,-2
33314,1586873191.1362152,5,-1
33315,1586873191.4943423,2,-1
33316,1586873197.6715012,5,-1
33317,1586876413.9412851,2,-71
33318,1586876414.1787171,5,-1
33319,1586876415.4754763,5,-4
33320,1586876415.597577,5,0
33321,1586876416.1473873,2,-1
33322,1586876427.1388903,5,-1
33323,1586877937.953166,2,-5
33324,1586877938.048244,5,0
33325,1586877943.2605631,2,-260
33326,1586877965.2895703,2,-2
33327,1586877976.8293872,5,-2
33328,1586877977.569425,2,0
33329,1586879791.0905252,2,-4
33330,1586879791.1804342,5,0
33331,1586879796.33913,2,-339
33332,1586879819.494236,2,-5
33333,1586879821.934454,2,0
33334,1586879823.1327991,2,-71
33335,1586879823.1330621,2,-71
33336,1586879831.9359922,2,-100
33337,1586879860.676784,2,-7
33338,1586879865.406887,5,0
33339,1586879866.1494622,2,0
33340,1586879870.136764,2,-76
33341,1586879870.1369581,10,-1
33342,1586879870.391395,5,-1
33343,1586879872.142249,10,-1
33344,1586879872.722511,5,-1
33345,1586879873.460374,2,-1
33346,1586884498.2165933,2,-87
33347,1586884498.2193642,10,-8
33348,1586884498.5326653,5,-2
33349,1586884508.0987792,10,-1
33350,1586884508.7383292,5,-2
33351,1586884509.4770713,2,-1
33352,1586887722.8616834,2,-55
33353,1586887723.1059632,5,-2
33354,1586887728.4120684,5,-2
33355,1586887729.1482022,2,0
33356,1586891517.8863292,2,-102
33357,1586891518.154132,5,0
33358,1586891528.296207,5,-1
33359,1586891529.003191,2,-9
33360,1586896287.2758393,2,-116
33361,1586896287.7815824,5,-83
33362,1586896287.8105192,5,-3
33363,1586896288.3522391,5,-1
33364,1586896288.7640193,2,0
33365,1586896308.279357,5,-2
33366,1586903571.7700682,2,-67
33367,1586903571.7760572,10,-26
33368,1586903572.0126002,5,-5
33369,1586903581.6773462,10,0
33370,1586903582.3285732,5,-1
33371,1586903583.0029652,2,0
33372,1586903696.362173,2,-12
33373,1586903696.3633041,10,0
33374,1586903696.635098,5,0
33375,1586903706.3436213,10,0
33376,1586903706.906666,5,-1
33377,1586903707.703761,2,0
33378,1586903754.4524372,8,-21527
33379,1586903754.452949,8,-229
33380,1586903813.019756,8,-2968
33381,1586903813.0198932,8,-138
33382,1586903876.7678711,8,-52215
33383,1586903876.768035,8,-308
33384,1586903918.5401812,8,-35813
33385,1586903918.5594172,8,-163
33386,1586903996.5178702,8,-70485
33387,1586903996.517992,8,-284
33388,1586904006.84099,8,-2421
33389,1586904006.841124,8,-143
33390,1586904087.8687491,2,-147
33391,1586904087.8690453,8,-73507
33392,1586904087.869132,8,-397
33393,1586904088.1478791,5,0
33394,1586904091.697959,2,-3
33395,1586904093.107441,2,-87
33396,1586904093.1077662,2,-87
33397,1586904107.675839,2,-24
33398,1586904215.0185802,9,-75649
33399,1586906016.950196,2,0
33400,1586907729.2933912,2,-50
33401,1586907811.08572,2,-5
33402,1586907855.9943202,2,-141
33403,1586908161.5415883,2,-5
33404,1586908226.2029672,2,-50
33405,1586908257.69665,2,-13
33406,1586908337.592873,2,-1439
33407,1586908359.635822,2,-8
33408,1586908824.5469723,2,-9
33409,1586908855.308301,2,-5
33410,1586908860.3810372,2,-34
33411,1586909136.972228,2,-91
33412,1586909180.7059274,2,-25
33413,1586910882.4048092,2,-42
33414,1586910938.957612,2,-282
33415,1586911026.308105,2,-6
33416,1586911031.5351892,2,-380
33417,1586911088.3561442,2,-10
33418,1586911175.7836223,2,-39
33419,1586911180.3947253,2,-8
33420,1586911234.2222211,2,-73
33421,1586911268.0671082,2,-48
33422,1586911357.778841,2,-96
33423,1586911989.9117632,2,-67
33424,1586912036.265916,2,-22
33425,1586912061.6639051,2,-40
33426,1586912063.1754742,2,-61
33427,1586912337.546493,2,-20
33428,1586912343.106909,2,-45
33429,1586912346.302191,2,-58
33430,1586912347.4510431,2,-56
33431,1586912351.258166,2,-27
33432,1586912352.710915,2,-71
33433,1586912412.6355782,2,-16
33434,1586912444.010878,2,-2211
33435,1586912476.69302,2,-25
33436,1586912479.577436,2,-51
33437,1586912749.6315591,2,-14
33438,1586913546.0868762,9,0
33439,1586913546.3633242,5,-1
33440,1586913547.085638,2,0
33441,1586913728.573268,2,-55
33442,1586913728.882701,5,-1
33443,1586913730.128632,5,-2
33444,1586913730.877444,2,-1
33445,1586913746.8327413,2,-22
33446,1586913747.2219892,5,0
33447,1586913749.738378,5,-1
33448,1586913750.4424262,2,0
33449,1586913773.431161,8,-1452
33450,1586913773.436512,8,-144
33451,1586913783.9370332,2,-120
33452,1586913783.93715,8,-5789
33453,1586913783.9372282,8,-327
33454,1586913784.218719,5,-3
33455,1586913799.69423,5,0
33456,1586913800.414678,2,-1
33457,1586913814.056116,2,-14
33458,1586913814.3893092,5,0
33459,1586913815.5891201,14,-135
33460,1586913815.6809042,5,0
33461,1586913815.9528542,5,0
33462,1586913824.6694682,5,-1
33463,1586913825.439949,2,0
33464,1586913830.3653362,3,-254
33465,1586913830.3656,6,-254
33466,1586913838.5540524,8,-5241
33467,1586913838.5565882,8,-216
33468,1586913900.929696,8,-23499
33469,1586913900.9316,8,-150
33470,1586914088.986794,8,-140268
33471,1586914088.993436,8,-328
33472,1586914184.4783893,8,-92567
33473,1586914184.481278,8,-233
33474,1586914238.872085,8,-37641
33475,1586914238.872239,8,-173
33476,1586914257.137362,8,-11849
33477,1586914257.1375482,8,-213
33478,1586915034.8673832,8,-23595
33479,1586915034.8676171,8,-202
33480,1586915059.9637792,8,-18494
33481,1586915059.9639263,8,-149
33482,1586915165.0324662,8,-94643
33483,1586915165.032597,8,-271
33484,1586915258.863339,8,-86142
33485,1586915258.863475,8,-198
33486,1586915400.8768554,8,-139269
33487,1586915400.8774834,8,-212
33488,1586915584.888927,8,-176974
33489,1586915584.912583,8,-247
33490,1586915655.8617153,8,-37306
33491,1586915655.8660793,8,-201
33492,1586915682.5453212,8,-15707
33493,1586915682.5454462,8,-139
33494,1586915707.698787,8,-14953
33495,1586915707.699048,8,-171
33496,1586915726.033721,8,-10375
33497,1586915726.0340462,8,-220
33498,1586915786.083203,8,-43630
33499,1586915786.0833912,8,-242
33500,1586915786.485218,1,-103924
33501,1586915786.4903011,1,-103923
33502,1586915850.3113422,8,-50376
33503,1586915850.31149,8,-194
33504,1586916047.8794801,8,-159925
33505,1586916047.8796372,8,-214
33506,1586916078.8124871,8,-19978
33507,1586916078.813101,8,-181
33508,1586916208.603943,8,-116473
33509,1586916208.6047163,8,-229
33510,1586916334.9107301,8,-118819
33511,1586916334.910863,8,-244
33512,1586916567.8747911,8,-220847
33513,1586916568.05345,8,-388
33514,1586916686.0816102,8,-114442
33515,1586916686.0872512,8,-267
33516,1586916734.8015752,8,-23602
33517,1586916734.802936,8,-138
33518,1586916746.0994263,8,-8928
33519,1586916746.099595,8,-238
33520,1586916910.806353,8,-145754
33521,1586916910.8070922,8,-245
33522,1586916941.894221,8,-16411
33523,1586916941.8943472,8,-228
33524,1586916979.004717,8,-32887
33525,1586916979.0048633,8,-191
33526,1586917148.88414,8,-163618
33527,1586917148.884499,8,-219
33528,1586917199.8030043,8,-48217
33529,1586917199.8031251,8,-138
33530,1586917236.884379,8,-34700
33531,1586917236.914734,8,-247
33532,1586917361.616635,8,-122385
33533,1586917361.616777,8,-204
33534,1586917393.8155951,8,-23495
33535,1586917393.815979,8,-151
33536,1586917597.8875313,8,-186119
33537,1586917597.937374,8,-272
33538,1586917726.7652562,8,-27831
33539,1586917726.765387,8,-191
33540,1586917740.6508822,8,-3805
33541,1586917740.6511102,8,-200
33542,1586917865.0254471,8,-110545
33543,1586917865.025609,8,-209
33544,1586917958.884069,8,-81540
33545,1586917958.9562001,8,-291
33546,1586918108.866014,8,-141878
33547,1586918108.866159,8,-201
33548,1586918141.8052092,8,-26249
33549,1586918141.8053372,8,-140
33550,1586918343.1151161,8,-198247
33551,1586918343.126833,8,-242
33552,1586919003.0203252,8,-168677
33553,1586919003.330863,8,-545
33554,1586919173.8759742,8,-155456
33555,1586919173.876105,8,-211
33556,1586919207.8208282,8,-31219
33557,1586919207.8210492,8,-156
33558,1586919533.873239,8,-323350
33559,1586919534.072462,8,-407
33560,1586919534.30657,1,-531433
33561,1586919534.315576,1,-531421
33562,1586919600.783086,8,-41461
33563,1586919600.784389,8,-248
33564,1586919762.1053412,8,-149985
33565,1586919762.1055603,8,-197
33566,1586919928.924513,8,-111726
33567,1586919928.924697,8,-259
33568,1586919962.984497,8,-30825
33569,1586919962.984671,8,-131
33570,1586920143.86413,8,-178573
33571,1586920143.8642592,8,-199
33572,1586920495.888503,8,-349744
33573,1586920495.913364,8,-248
33574,1586920560.7314672,8,-28731
33575,1586920560.7315931,8,-235
33576,1586920626.0420823,8,-53935
33577,1586920626.0435991,8,-196
33578,1586920650.8449392,8,-15079
33579,1586920650.846106,8,-175
33580,1586920782.398098,8,-117968
33581,1586920782.3982363,8,-205
33582,1586920964.8657331,8,-172233
33583,1586920964.899962,8,-235
33584,1586921034.8617752,8,-52903
33585,1586921034.8643372,8,-199
33586,1586921098.770534,8,-55805
33587,1586921098.77136,8,-195
33588,1586921288.8722749,8,-179886
33589,1586921288.872549,8,-207
33590,1586921460.714364,8,-158634
33591,1586921460.714623,8,-231
33592,1586921520.885898,8,-43910
33593,1586921520.8860762,8,-210
33594,1586921588.8684163,8,-56705
33595,1586921588.8685732,8,-202
33596,1586921648.852437,8,-57436
33597,1586921648.8558302,8,-185
33598,1586921655.691152,8,-4639
33599,1586921655.6912851,8,-131
33600,1586921677.0927691,8,-3129
33601,1586921677.093513,8,-208
33602,1586921807.509066,8,-110118
33603,1586921807.50921,8,-202
33604,1586922008.8783321,8,-191188
33605,1586922008.906294,8,-241
33606,1586922014.32344,8,-1296
33607,1586922014.3238082,8,-139
33608,1586922318.8783722,8,-220754
33609,1586922318.885014,8,-220
33610,1586922365.5500572,8,-44142
33611,1586922365.5502672,8,-139
33612,1586922398.480134,8,-8658
33613,1586922398.4804761,8,-219
33614,1586922458.614206,8,-43857
33615,1586922458.6147711,8,-228
33616,1586922736.876069,8,-267014
33617,1586922736.917852,8,-253
33618,1586922821.314313,8,-82159
33619,1586922821.3144321,8,-219
33620,1586922862.8225322,8,-31553
33621,1586922862.8226643,8,-157
33622,1586923095.8732252,8,-230793
33623,1586923095.8983912,8,-233
33624,1586923358.562663,8,-255920
33625,1586923358.562819,8,-332
33626,1586923408.8050802,8,-33064
33627,1586923408.8353443,8,-170
33628,1586923418.6192002,8,-7342
33629,1586923418.6194582,8,-234
33630,1586923548.206255,8,-118282
33631,1586923548.206386,8,-225
33632,1586923587.8276231,8,-22663
33633,1586923587.827744,8,-162
33634,1586923691.849666,8,-94284
33635,1586923691.8545012,8,-189
33636,1586923841.5370522,8,-131975
33637,1586923841.5371742,8,-189
33638,1586923949.304902,8,-97552
33639,1586923949.309277,8,-189
33640,1586924066.875349,8,-106400
33641,1586924066.884205,8,-219
33642,1586924067.3278713,1,-225988
33643,1586924067.3344412,1,-225978
33644,1586924250.9591541,8,-181929
33645,1586924250.9593272,8,-251
33646,1586924318.7350411,8,-52835
33647,1586924318.73529,8,-236
33648,1586924378.634175,8,-38227
33649,1586924378.670308,8,-255
33650,1586924418.861988,8,-29004
33651,1586924418.862111,8,-197
33652,1586924425.8351073,8,-1346
33653,1586924425.8352602,8,-132
33654,1586924593.8795083,8,-165824
33655,1586924593.8812423,8,-216
33656,1586924631.818111,8,-20573
33657,1586924631.818346,8,-153
33658,1586924679.8695374,8,-45847
33659,1586924679.8894572,8,-224
33660,1586924861.7232351,8,-160607
33661,1586924861.7233741,8,-197
33662,1586925050.879367,8,-179228
33663,1586925050.927681,8,-259
33664,1586925091.7099423,8,-38333
33665,1586925091.7101142,8,-144
33666,1586925140.854258,8,-41805
33667,1586925140.8543942,8,-189
33668,1586925278.7784302,8,-135766
33669,1586925278.7787414,8,-245
33670,1586925338.5619464,8,-43581
33671,1586925338.5620623,8,-188
33672,1586925410.8753552,8,-61077
33673,1586925410.8857942,8,-220
33674,1586925770.962212,8,-357627
33675,1586925770.9770932,8,-312
33676,1586925881.8724613,8,-105184
33677,1586925881.8779583,8,-182
33678,1586925935.530447,8,-41616
33679,1586925935.530582,8,-131
33680,1586925942.907456,8,-5208
33681,1586925942.90763,8,-162
33682,1586926083.906583,8,-135163
33683,1586926083.9067082,8,-241
33684,1586926084.371993,1,-202730
33685,1586926084.3802872,1,-202730
33686,1586926238.7231522,8,-152375
33687,1586926238.723505,8,-237
33688,1586926269.246326,8,-14377
33689,1586926269.247245,8,-151
33690,1586926298.532364,8,-16948
33691,1586926298.5328312,8,-193
33692,1586926389.871543,8,-80148
33693,1586926389.91986,8,-255
33694,1586926493.8570511,8,-101498
33695,1586926493.857197,8,-192
33696,1586926644.872353,8,-127202
33697,1586926644.8725233,8,-207
33698,1586926720.2170043,8,-72878
33699,1586926720.2394953,8,-230
33700,1586926902.0292892,8,-170060
33701,1586926902.0308242,8,-192
33702,1586926956.806839,8,-44910
33703,1586926956.8069792,8,-142
33704,1586927081.870459,8,-108617
33705,1586927081.870608,8,-205
33706,1586927198.813393,8,-114115
33707,1586927198.8135233,8,-228
33708,1586927258.722148,8,-42759
33709,1586927258.723476,8,-195
33710,1586927293.8412452,8,-21251
33711,1586927293.843357,8,-178
33712,1586927442.867803,8,-133307
33713,1586927442.9323483,8,-267
33714,1586927471.02103,8,-25730
33715,1586927471.0211682,8,-134
33716,1586927521.861022,8,-42857
33717,1586927521.861174,8,-196
33718,1586927775.163722,8,-242419
33719,1586927775.180191,8,-227
33720,1586927922.233313,8,-117574
33721,1586927922.234172,8,-222
33722,1586927997.009819,8,-65023
33723,1586927997.0099692,8,-211
33724,1586928006.4409113,8,-1402
33725,1586928006.441049,8,-130
33726,1586928150.8742862,8,-142269
33727,1586928150.915627,8,-250
33728,1586928218.6206021,8,-43863
33729,1586928218.6216102,8,-210
33730,1586928298.9376392,8,-69192
33731,1586928298.93776,8,-210
33732,1586928406.8512042,8,-98576
33733,1586928406.8513412,8,-186
33734,1586928447.869512,8,-38954
33735,1586928447.870551,8,-180
33736,1586928757.9396992,8,-302991
33737,1586928757.9398232,8,-274
33738,1586928942.4502172,8,-181767
33739,1586928942.451622,8,-184
33740,1586928956.586111,8,-3007
33741,1586928956.627409,8,-255
33742,1586929078.1262193,8,-101412
33743,1586929078.127501,8,-233
33744,1586929138.022016,8,-41386
33745,1586929138.02217,8,-189
33746,1586929204.8669243,8,-55705
33747,1586929204.8670502,8,-202
33748,1586929336.8622212,8,-129951
33749,1586929336.8623643,8,-197
33750,1586929440.8756952,8,-87691
33751,1586929440.944797,8,-279
33752,1586929675.873352,8,-232947
33753,1586929675.87348,8,-192
33754,1586929772.1859121,8,-86814
33755,1586929772.2205753,8,-247
33756,1586929801.8297992,8,-18192
33757,1586929801.8299632,8,-139
33758,1586929962.637664,8,-158424
33759,1586929962.6377962,8,-186
33760,1586930038.020522,8,-49258
33761,1586930038.0221782,8,-229
33762,1586930083.8432732,8,-29701
33763,1586930083.855863,8,-191
33764,1586930098.0417292,8,-11765
33765,1586930098.0418754,8,-220
33766,1586930444.885868,8,-335743
33767,1586930444.9012032,8,-236
33768,1586930707.8742962,8,-176396
33769,1586930707.8756561,8,-210
33770,1586930819.1552742,8,-98200
33771,1586930819.168965,8,-225
33772,1586930893.8648431,8,-61415
33773,1586930893.865151,8,-200
33774,1586930981.539929,8,-71978
33775,1586930981.541998,8,-191
33776,1586930997.983149,8,-6702
33777,1586930997.9832902,8,-199
33778,1586931057.9368563,8,-39985
33779,1586931057.9369931,8,-229
33780,1586931179.9074771,8,-110931
33781,1586931179.914268,8,-223
33782,1586931277.2035222,8,-89083
33783,1586931277.213389,8,-253
33784,1586931375.859868,8,-85424
33785,1586931375.860572,8,-195
33786,1586931451.6145082,8,-73720
33787,1586931451.6151123,8,-208
33788,1586931586.8881912,8,-127395
33789,1586931586.9009972,8,-236
33790,1586931690.1225321,8,-100993
33791,1586931690.122646,8,-247
33792,1586931907.873253,8,-167902
33793,1586931907.8750463,8,-210
33794,1586931958.1291852,8,-47847
33795,1586931958.131153,8,-189
33796,1586932001.6949573,8,-27501
33797,1586932001.696208,8,-163
33798,1586932018.080235,8,-6711
33799,1586932018.0803611,8,-194
33800,1586932141.2095323,8,-112068
33801,1586932141.2096763,8,-205
33802,1586932386.87605,8,-234215
33803,1586932386.908559,8,-243
33804,1586932654.023241,8,-264836
33805,1586932654.0233731,8,-201
33806,1586932747.879887,8,-82947
33807,1586932747.9043262,8,-239
33808,1586932896.8771982,8,-146631
33809,1586932896.8773832,8,-212
33810,1586932918.0355852,8,-18506
33811,1586932918.035705,8,-203
33812,1586932978.142019,8,-44072
33813,1586932978.144272,8,-225
33814,1586933002.615428,8,-13477
33815,1586933002.61587,8,-131
33816,1586933021.8576171,8,-9719
33817,1586933021.857767,8,-138
33818,1586933107.858535,8,-76170
33819,1586933107.8931313,8,-228
33820,1586933178.8600392,8,-69029
33821,1586933178.860166,8,-195
33822,1586933342.077435,8,-160947
33823,1586933342.077579,8,-215
33824,1586933342.5893922,1,-340296
33825,1586933342.590382,1,-340293
33826,1586933467.8828032,8,-114399
33827,1586933467.920514,8,-255
33828,1586933527.3997931,8,-52429
33829,1586933527.4002953,8,-133
33830,1586933663.209456,8,-125774
33831,1586933663.209803,8,-213
33832,1586933704.80122,8,-32381
33833,1586933704.8013551,8,-136
33834,1586933714.011537,8,-414
33835,1586933714.011691,8,-129
33836,1586933714.2809432,1,-187222
33837,1586933714.2878532,1,-187211
33838,1586933746.14752,8,-26008
33839,1586933746.1479602,8,-197
33840,1586933828.8768342,8,-79623
33841,1586933828.9049141,8,-240
33842,1586933878.2056382,8,-41374
33843,1586933878.2128701,8,-202
33844,1586933938.013345,8,-42631
33845,1586933938.013467,8,-221
33846,1586934041.9779153,8,-91825
33847,1586934041.9783902,8,-169
33848,1586934082.8051362,8,-30121
33849,1586934082.8052683,8,-140
33850,1586934188.856245,8,-88730
33851,1586934188.919758,8,-254
33852,1586934419.3262382,8,-226974
33853,1586934419.3266683,8,-214
33854,1586934676.912653,8,-244703
33855,1586934676.930491,8,-265
33856,1586934677.167061,1,-635579
33857,1586934677.170201,1,-635574
33858,1586934780.837596,8,-100137
33859,1586934780.83774,8,-172
33860,1586934835.817284,8,-51450
33861,1586934835.818377,8,-153
33862,1586934898.176983,8,-43009
33863,1586934898.1771193,8,-229
33864,1586935026.891185,8,-116589
33865,1586935026.9780722,8,-313
33866,1586935052.0068822,8,-20538
33867,1586935052.007425,8,-135
33868,1586935140.851326,8,-67716
33869,1586935140.851457,8,-186
33870,1586935432.887238,8,-288903
33871,1586935432.9697313,8,-304
33872,1586935499.1038122,8,-62822
33873,1586935499.1039522,8,-199
33874,1586935644.862155,8,-134909
33875,1586935644.8622942,8,-197
33876,1586935792.8699691,8,-144802
33877,1586935792.8828971,8,-218
33878,1586935798.102942,8,-1565
33879,1586935798.1030872,8,-196
33880,1586935858.184472,8,-42906
33881,1586935858.184711,8,-229
33882,1586935909.8036723,8,-39467
33883,1586935909.8038182,8,-139
33884,1586935988.8670483,8,-57831
33885,1586935988.867191,8,-202
33886,1586935992.4284801,8,-465
33887,1586935992.428899,8,-128
33888,1586936079.845448,8,-84315
33889,1586936079.846553,8,-181
33890,1586936080.0696812,7,-1
33891,1586936230.5720181,8,-133919
33892,1586936230.575719,8,-235
33893,1586936355.871545,8,-118337
33894,1586936355.880831,8,-215
33895,1586936474.2447112,8,-97941
33896,1586936474.277142,8,-205
33897,1586936700.2122972,8,-222916
33898,1586936700.2124653,8,-209
33899,1586936758.2358513,8,-43005
33900,1586936758.236416,8,-195
33901,1586936818.2254012,8,-42870
33902,1586936818.226893,8,-221
33903,1586937016.8825703,8,-186579
33904,1586937016.8827171,8,-217
33905,1586937101.2991781,8,-65816
33906,1586937101.3027742,8,-195
33907,1586937169.854242,8,-57622
33908,1586937169.854776,8,-189
33909,1586937376.855029,8,-203905
33910,1586937376.855153,8,-190
33911,1586937425.824317,8,-45631
33912,1586937425.862772,8,-197
33913,1586937664.9170003,8,-230631
33914,1586937664.9221911,8,-257
33915,1586937707.7995272,8,-39218
33916,1586937707.807335,8,-142
33917,1586937718.131617,8,-7264
33918,1586937718.1317492,8,-192
33919,1586937778.309786,8,-43094
33920,1586937778.309917,8,-231
33921,1586937859.092358,8,-68737
33922,1586937859.0926232,8,-160
33923,1586937988.8755581,8,-111912
33924,1586937988.8773422,8,-212
33925,1586937992.974456,8,-1121
33926,1586937992.9746242,8,-134
33927,1586938068.867257,8,-67804
33928,1586938068.9127922,8,-247
33929,1586938121.5076182,8,-49361
33930,1586938121.5078664,8,-144
33931,1586938331.8667083,8,-199459
33932,1586938331.866849,8,-202
33933,1586938423.865117,8,-87521
33934,1586938423.865724,8,-200
33935,1586938651.643567,8,-224772
33936,1586938651.6455212,8,-250
33937,1586938652.107553,1,-531043
33938,1586938652.1113572,1,-531043
33939,1586938678.2150722,8,-14098
33940,1586938678.2152033,8,-195
33941,1586938717.84449,8,-22541
33942,1586938717.8446202,8,-179
33943,1586938804.8558831,8,-23774
33944,1586938804.8560243,8,-191
33945,1586939001.882093,8,-193592
33946,1586939001.8823,8,-217
33947,1586939078.9101672,8,-68211
33948,1586939078.911779,8,-246
33949,1586939115.815174,8,-30327
33950,1586939115.815319,8,-150
33951,1586939121.3314662,8,-504
33952,1586939121.331606,8,-131
33953,1586939141.588079,8,-3336
33954,1586939141.5883322,8,-158
33955,1586939304.871367,8,-146004
33956,1586939304.871902,8,-207
33957,1586939411.7487893,8,-91827
33958,1586939411.7489111,8,-187
33959,1586939431.0872352,8,-16339
33960,1586939431.0878751,8,-205
33961,1586939530.8960252,8,-86914
33962,1586939530.8962402,8,-219
33963,1586939638.620331,8,-101455
33964,1586939638.6258361,8,-454
33965,1586939698.2731543,8,-17729
33966,1586939698.2757812,8,-210
33967,1586939748.8687572,8,-38569
33968,1586939748.955115,8,-290
33969,1586939854.321289,8,-102467
33970,1586939854.321499,8,-194
33971,1586939999.865057,8,-136057
33972,1586939999.8651762,8,-200
33973,1586940161.9226213,8,-158399
33974,1586940161.945342,8,-240
33975,1586940504.8954883,8,-332450
33976,1586940504.941288,8,-276
33977,1586940598.429145,8,-66527
33978,1586940598.4292803,8,-282
33979,1586940598.6326602,1,-437275
33980,1586940598.638709,1,-437240
33981,1586940658.2249682,8,-25181
33982,1586940658.22509,8,-196
33983,1586940716.8647332,8,-46617
33984,1586940716.8655682,8,-200
33985,1586940769.8156533,8,-29873
33986,1586940769.816206,8,-151
33987,1586940800.856754,8,-27757
33988,1586940800.8568892,8,-192
33989,1586940916.873414,8,-113072
33990,1586940916.9096932,8,-244
33991,1586940947.799944,8,-27693
33992,1586940947.8009892,8,-135
33993,1586941182.099997,8,-229466
33994,1586941182.1000872,8,-195
33995,1586941307.881504,8,-112648
33996,1586941307.8997872,8,-234
33997,1586941316.4088383,8,-916
33998,1586941316.4089723,8,-133
33999,1586941558.37999,8,-239001
34000,1586941558.389007,8,-240
34001,1586941558.8078113,1,-377268
34002,1586941558.8208082,1,-377262
34003,1586941597.3215704,8,-21972
34004,1586941597.3217273,8,-170
34005,1586941618.1966634,8,-5635
34006,1586941618.1970673,8,-194
34007,1586941664.854624,8,-34660
34008,1586941664.8551402,8,-190
34009,1586941798.2161021,8,-130408
34010,1586941798.2165222,8,-217
34011,1586941917.8735561,8,-111750
34012,1586941917.8763332,8,-211
34013,1586942202.2442899,8,-281076
34014,1586942202.244452,8,-170
34015,1586942252.5601354,8,-39345
34016,1586942252.5721684,8,-239
34017,1586942514.364407,8,-247823
34018,1586942514.3645062,8,-223
34019,1586942518.34262,8,-818
34020,1586942518.342749,8,-160
34021,1586942563.801495,8,-26402
34022,1586942563.807377,8,-142
34023,1586942578.284626,8,-9794
34024,1586942578.289268,8,-223
34025,1586942627.8134222,8,-31529
34026,1586942627.81357,8,-148
34027,1586942683.391057,8,-52608
34028,1586942683.391242,8,-208
34029,1586942903.875565,8,-207131
34030,1586942903.9030843,8,-238
34031,1586943204.889049,8,-293722
34032,1586943204.8919501,8,-227
34033,1586943222.3527322,8,-14039
34034,1586943222.3528743,8,-130
34035,1586943301.312731,8,-68360
34036,1586943301.3131251,8,-212
34037,1586943384.869537,8,-66583
34038,1586943384.8697002,8,-204
34039,1586943405.698183,8,-644
34040,1586943405.6983461,8,-138
34041,1586943455.347464,8,-46733
34042,1586943455.3487742,8,-247
34043,1586943478.348154,8,-15173
34044,1586943478.3500872,8,-207
34045,1586943538.4410121,8,-43156
34046,1586943538.505055,8,-298
34047,1586943819.8607101,8,-269501
34048,1586943819.8608403,8,-195
34049,1586944121.867911,8,-298408
34050,1586944121.8852892,8,-220
34051,1586944184.479548,8,-59341
34052,1586944184.481369,8,-201
34053,1586944247.7403812,8,-50984
34054,1586944247.74052,8,-181
34055,1586944390.8476372,8,-114156
34056,1586944390.847765,8,-182
34057,1586944434.822122,8,-26834
34058,1586944434.865899,8,-201
34059,1586944498.2506843,8,-43082
34060,1586944498.251079,8,-226
34061,1586944764.8833652,8,-252595
34062,1586944764.883512,8,-218
34063,1586945125.9006443,8,-352775
34064,1586945125.9401872,8,-275
34065,1586945152.379455,8,-22933
34066,1586945152.3796122,8,-135
34067,1586945165.420269,8,-2193
34068,1586945165.4204092,8,-136
34069,1586945262.7471943,8,-86915
34070,1586945262.7473152,8,-192
34071,1586945288.2465272,8,-14630
34072,1586945288.246673,8,-140
34073,1586945398.3255692,8,-90367
34074,1586945398.329485,8,-223
34075,1586945434.2133741,8,-17990
34076,1586945434.250744,8,-174
34077,1586945458.2334502,8,-13679
34078,1586945458.233576,8,-185
34079,1586945486.8562942,8,-16686
34080,1586945486.856441,8,-191
34081,1586945761.888251,8,-255585
34082,1586945761.8904653,8,-225
34083,1586945851.5964003,8,-85475
34084,1586945851.5971112,8,-249
34085,1586945968.1038,8,-102112
34086,1586945968.1057,8,-205
34087,1586946122.9197702,8,-144569
34088,1586946122.96385,8,-299
34089,1586946230.8479762,8,-105017
34090,1586946230.8534122,8,-188
34091,1586946282.882316,8,-48780
34092,1586946282.8824751,8,-136
34093,1586946325.904654,8,-32202
34094,1586946325.9056141,8,-240
34095,1586946358.4703171,8,-27789
34096,1586946358.4704952,8,-204
34097,1586946418.505072,8,-43060
34098,1586946418.5052032,8,-226
34099,1586946469.182373,8,-38788
34100,1586946469.1825202,8,-136
34101,1586946787.8898053,8,-302474
34102,1586946787.8899302,8,-223
34103,1586946938.870439,8,-112909
34104,1586946938.8705683,8,-205
34105,1586947054.3911233,8,-105783
34106,1586947054.3913271,8,-205
34107,1586947147.85748,8,-84391
34108,1586947147.870439,8,-205
34109,1586947162.1119943,8,-8726
34110,1586947162.1123412,8,-168
34111,1586947308.2910411,8,-62327
34112,1586947308.2911701,8,-164
34113,1586947378.5228941,8,-43339
34114,1586947378.523606,8,-217
34115,1586947396.355442,8,-5990
34116,1586947396.355566,8,-174
34117,1586947719.966794,8,-39950
34118,1586947719.972924,8,-207
34119,1586947776.8836422,8,-50218
34120,1586947776.909543,8,-177
34121,1586947787.21069,8,-762
34122,1586947787.210888,8,-164
34123,1586947938.870553,8,-148820
34124,1586947938.8706841,8,-205
34125,1586947973.8108342,8,-30373
34126,1586947973.8109782,8,-146
34127,1586948028.847982,8,-22190
34128,1586948028.8481169,8,-182
34129,1586948138.8716931,8,-100254
34130,1586948138.9232671,8,-258
34131,1586948140.229474,2,-99
34132,1586948140.5610611,5,-5
34133,1586948141.612101,7,0
34134,1586948144.7081852,5,-1
34135,1586948145.4460971,2,-1
34136,1586948148.451191,2,-26
34137,1586948148.6116562,5,0
34138,1586948150.3776412,5,-1
34139,1586948151.119299,2,0
34140,1586948177.289499,8,-23560
34141,1586948177.289639,8,-259
34142,1586948180.5289083,2,-23
34143,1586948180.719553,5,0
34144,1586948182.62034,5,-2
34145,1586948183.30502,2,-1
34146,1586948348.6102343,1,-22
34147,1586948351.1235533,1,-6
34148,1586948432.2140071,1,-4
34149,1586948510.0633583,1,-3
34150,1586949620.5739021,1,-9
34151,1586949669.424173,1,-5
34152,1586950130.0114791,1,-13
34153,1586950150.137835,1,-2
34154,1586950433.075422,1,-12
34155,1586950451.906913,1,-7
34156,1586951678.3448932,1,-46
34157,1586951678.3703551,1,-6
34158,1586951751.5437002,1,-3
34159,1586951767.521898,1,-22
34160,1586953433.97331,2,-54
34161,1586953433.975595,10,-10
34162,1586953434.0989401,5,-1
34163,1586953438.4047751,10,0
34164,1586953438.9705453,5,-1
34165,1586953439.652535,2,0
34166,1586953640.3864691,1,-4
34167,1586953913.43158,1,-254
34168,1586953989.521566,1,-13
34169,1586954005.783672,1,-10
34170,1586954029.473742,1,-16
34171,1586954123.487059,1,-8
34172,1586954503.5125241,1,-2
34173,1586954529.1142182,1,-22
34174,1586954559.6324832,1,-7
34175,1586954565.6471722,1,-11
34176,1586954592.0774922,1,-7
34177,1586954672.7738092,1,-6
34178,1586954802.6931171,1,-4
34179,1586954827.053462,1,-2
34180,1586954958.5920463,1,-22
34181,1586956697.8098931,1,-15
34182,1586957262.262659,1,-15
34183,1586957341.2076702,1,-7
34184,1586957644.7655292,1,-19
34185,1586957731.7706082,1,-16
34186,1586957973.4673421,1,-19
34187,1586958202.680612,1,-2
34188,1586958281.577434,1,-4
34189,1586958281.582458,1,-2
34190,1586958416.9224272,1,-2
34191,1586958691.340233,1,-26
34192,1586958965.7527113,1,-7
34193,1586959048.126381,1,-7
34194,1586959256.9372752,1,-3
34195,1586959273.212428,1,-10
34196,1586959326.604283,1,-5
34197,1586959410.224256,1,-2
34198,1586959440.452145,1,-12
34199,1586959442.844346,1,-30
34200,1586959555.8018594,1,-30
34201,1586959576.5168161,1,-2
34202,1586959633.0079212,1,-10
34203,1586959639.0456412,1,-5
34204,1586960044.7995882,1,-14
34205,1586960072.4061542,1,-36
34206,1586960145.9763072,1,-2
34207,1586960183.1181061,1,-15
34208,1586960202.974803,1,-3
34209,1586960203.6117163,1,-42
34210,1586960258.2551332,1,-5
34211,1586960260.650927,1,-4
34212,1586960804.156426,1,-6
34213,1586960972.534678,1,-5
34214,1586961147.9652042,1,-3
34215,1586961241.9730191,1,-380
34216,1586962399.7981672,2,-99
34217,1586962399.9267452,5,-76
34218,1586962403.42063,5,-2
34219,1586962404.3059702,2,0
34220,1586962404.8539762,2,-22
34221,1586962404.9850092,5,0
34222,1586962407.109201,5,-1
34223,1586962408.002688,2,-2
34224,1586962408.1510892,2,-18
34225,1586962408.3310091,5,0
34226,1586962409.5930882,5,-1
34227,1586962410.289527,2,0
34228,1586962428.2546883,1,-2
34229,1586962487.089867,1,-11
34230,1586962502.482207,1,-8
34231,1586962502.4833012,1,-6
34232,1586962515.209803,1,-16
34233,1586962698.382308,1,-202
34234,1586962729.9270282,1,-13
34235,1586962840.5847359,1,-9
34236,1586962885.702446,1,-11
34237,1586962987.233032,1,-5
34238,1586963996.59975,1,-9
34239,1586963999.0865412,1,-46
34240,1586964150.1870422,1,-2
34241,1586964151.5603251,1,-8
34242,1586964447.7329981,1,-16
34243,1586964592.650876,1,-7
34244,1586964625.417822,1,-29
34245,1586964758.3206263,1,-11
34246,1586964804.4115252,1,-20
34247,1586964995.5795321,1,-11
34248,1586965649.0577393,1,-22
34249,1586966042.6283102,1,-2
34250,1586966073.806946,1,-2
34251,1586966272.2589931,1,-5
34252,1586966315.5544014,1,-29
34253,1586966618.4772882,1,-13
34254,1586967395.4037352,2,-56
34255,1586967395.5121012,5,-1
34256,1586967395.71286,6,-1
34257,1586967398.355022,5,-1
34258,1586967398.3553772,6,-2
34259,1586967399.0891743,2,0
34260,1586967412.4649801,2,-21
34261,1586967412.6112652,5,0
34262,1586967412.879192,6,-1
34263,1586967420.752597,2,-2
34264,1586967422.3046942,2,-140
34265,1586967422.304969,2,-139
34266,1586967427.58355,3,-5418
34267,1586967528.521357,3,-11
34268,1586967539.28059,9,-115554
34269,1586967749.1007192,2,-123
34270,1586967749.1180282,3,-140
34271,1586967825.543246,3,-5
34272,1586967830.179059,2,-5
34273,1586967849.7432122,6,-1
34274,1586968078.2407322,9,0
34275,1586968078.5831442,5,-2
34276,1586968079.3141992,2,0
34277,1586970804.8146043,2,-67
34278,1586970805.0620022,5,-1
34279,1586970808.3760653,5,-1
34280,1586970809.0390282,2,0
34281,1586970844.125534,2,-38
34282,1586970844.4254513,5,0
34283,1586970854.7102933,5,-2
34284,1586970855.440845,2,0
34285,1586972747.318762,2,-75
34286,1586972747.5751362,5,-1
34287,1586972751.8917832,2,-1
34288,1586972753.6152081,2,-2
34289,1586972756.9534762,2,-1
34290,1586972757.9895592,2,-57
34291,1586972757.989994,2,-57
34292,1586972762.3745522,2,-11
34293,1586972795.1301303,2,-38
34294,1586972798.8704743,5,0
34295,1586972799.5864353,2,-1
34296,1586974896.2845721,2,-46
34297,1586974896.479137,5,0
34298,1586974898.040785,5,-1
34299,1586974898.7627373,2,0
34300,1586974903.4979022,2,-50
34301,1586974903.7364511,5,-1
34302,1586974905.162264,5,-2
34303,1586974905.8239512,2,-1
34304,1586974917.6761003,2,-14
34305,1586974917.9962451,5,0
34306,1586974923.2087183,5,-1
34307,1586974924.0249462,2,0
34308,1586974969.8164992,2,-42
34309,1586974970.0885673,5,0
34310,1586974973.2909012,5,-2
34311,1586974973.9854171,2,0
34312,1586974974.2500262,2,-41
34313,1586974974.5372972,5,0
34314,1586974978.4434752,5,-1
34315,1586974979.369564,2,0
34316,1586974988.286338,2,-53
34317,1586974988.525105,5,0
34318,1586974995.339276,5,-1
34319,1586974996.042169,2,0
34320,1586975021.276101,2,-47
34321,1586975021.53568,5,-3
34322,1586975027.424264,2,-61
34323,1586975030.838695,5,-2
34324,1586975031.5809112,2,-2
34325,1586975037.206558,2,-50
34326,1586975037.469646,5,-1
34327,1586975039.579555,5,-1
34328,1586975040.359758,2,0
34329,1586978273.014682,1,-1639415
34330,1586978273.067635,1,-1639398
34331,1586982324.6083903,1,-842343
34332,1586982324.8422942,1,-842516
34333,1586982377.9992633,2,-95
34334,1586982378.272895,5,-3
34335,1586982388.529017,5,-1
34336,1586982389.2577882,2,0
34337,1586983964.6447263,2,-35
34338,1586983964.919199,5,-15
34339,1586983975.1405673,5,-1
34340,1586983975.9102702,2,0
34341,1586984312.384018,1,-842282
34342,1586984312.4273672,1,-842232
34343,1586985557.5469732,2,-24
34344,1586985557.8861442,5,0
34345,1586985568.1260152,5,-1
34346,1586985568.8618963,2,-1
34347,1586988392.9169931,1,-1360574
34348,1586988392.963571,1,-1360563
34349,1586988671.7951531,2,-10
34350,1586988672.0517912,5,0
34351,1586988672.924137,5,-99
34352,1586988673.0218692,5,-1
34353,1586988673.513822,2,0
34354,1586988676.103944,5,-1
34355,1586988838.6534772,2,-12
34356,1586988838.9608002,5,-2
34357,1586988849.206571,5,-1
34358,1586988849.921062,2,0
34359,1586988863.5047512,2,-46
34360,1586988863.762414,5,-1
34361,1586988867.5385761,2,-2
34362,1586988868.77703,2,-82
34363,1586988868.777288,2,-82
34364,1586988892.3452091,2,-34
34365,1586988899.832179,2,-16
34366,1586988901.754919,2,-29
34367,1586988906.940637,2,-41
34368,1586988909.9895751,5,0
34369,1586988910.7142973,2,-4
34370,1586989004.7172692,1,-49
34371,1586989009.3261633,1,-4
34372,1586989020.5964262,1,-24
34373,1586989066.1471071,1,-60
34374,1586989117.793045,8,-13579
34375,1586989117.7951362,8,-140
34376,1586989144.725935,8,-4064
34377,1586989144.7260852,8,-142
34378,1586989152.8870082,8,-4101
34379,1586989152.887188,8,-154
34380,1586989165.152061,8,-2462
34381,1586989165.1522093,8,-141
34382,1586989169.8078842,8,-604
34383,1586989169.8080251,8,-135
34384,1586989177.55264,8,-3680
34385,1586989177.5532541,8,-194
34386,1586989203.6036901,8,-12937
34387,1586989203.603985,8,-175
34388,1586989215.613472,8,-3863
34389,1586989215.6136222,8,-139
34390,1586989219.400908,8,290
34391,1586989230.0035892,8,-149
34392,1586989275.969048,8,-31205
34393,1586989275.969225,8,-146
34394,1586989285.3853421,8,289
34395,1586989322.6802151,8,-155
34396,1586989341.615673,8,-13637
34397,1586989341.6171231,8,-184
34398,1586989352.2432022,8,-649
34399,1586989352.243557,8,-141
34400,1586989356.7145452,8,-401
34401,1586989356.714683,8,-132
34402,1586989378.9225373,8,-18149
34403,1586989378.9227142,8,-146
34404,1586989471.1691923,8,-88183
34405,1586989471.169341,8,-214
34406,1586989480.6972833,8,-5235
34407,1586989480.6976662,8,-141
34408,1586989480.941616,1,-104517
34409,1586989480.9450052,1,-104515
34410,1586989480.9480553,1,-82318
34411,1586989480.9606853,1,-82318
34412,1586989528.280579,8,-43515
34413,1586989528.280715,8,-170
34414,1586989568.388865,8,-33521
34415,1586989568.38901,8,-168
34416,1586989665.8348742,8,-90324
34417,1586989665.8402362,8,-302
34418,1586989722.9145372,8,-50651
34419,1586989723.0499873,8,-395
34420,1586989847.027686,8,-117295
34421,1586989847.0278242,8,-210
34422,1586989847.5347612,1,-259483
34423,1586989847.540276,1,-259473
34424,1586989939.351046,8,-58485
34425,1586989939.4369872,8,-320
34426,1586989982.3373892,8,-23045
34427,1586989982.3399062,8,-146
34428,1586990077.8867803,8,-85930
34429,1586990077.8869162,8,-267
34430,1586990137.714306,8,-41778
34431,1586990137.7164881,8,-210
34432,1586990154.6152952,8,-941
34433,1586990154.6154332,8,-180
34434,1586990203.5439591,8,-25500
34435,1586990203.5441532,8,-159
34436,1586990344.499578,8,-136884
34437,1586990344.5006292,8,-211
34438,1586990369.8655553,8,-21324
34439,1586990369.8656993,8,-201
34440,1586990396.479402,8,-18687
34441,1586990396.554757,8,-306
34442,1586990438.696095,8,-32223
34443,1586990438.6970673,8,-196
34444,1586990683.2376513,8,-30813
34445,1586990683.2377882,8,-196
34446,1586990691.2577002,8,-4890
34447,1586990691.257841,8,-147
34448,1586990901.265067,8,-203284
34449,1586990901.2785983,8,-338
34450,1586990965.1653552,8,-57217
34451,1586990965.165514,8,-185
34452,1586991004.76935,8,-32899
34453,1586991004.7695181,8,-163
34454,1586991037.758871,8,-22783
34455,1586991037.7590032,8,-248
34456,1586991097.7321222,8,-42257
34457,1586991097.7326741,8,-224
34458,1586991163.332458,8,-53758
34459,1586991163.3329062,8,-188
34460,1586991216.578845,8,-42541
34461,1586991216.5789812,8,-140
34462,1586991270.5356193,8,-43405
34463,1586991270.5357811,8,-205
34464,1586991496.4800463,8,-218159
34465,1586991496.480206,8,-204
34466,1586991506.075108,8,-1002
34467,1586991506.0752401,8,-136
34468,1586991730.460412,8,-204800
34469,1586991730.460566,8,-150
34470,1586991991.235693,8,-254040
34471,1586991991.253806,8,-294
34472,1586992046.404305,8,-30833
34473,1586992046.4045422,8,-146
34474,1586992057.7316852,8,-8506
34475,1586992057.732326,8,-219
34476,1586992183.5347471,8,-112547
34477,1586992183.534953,8,-206
34478,1586992311.398971,8,-117527
34479,1586992311.4318533,8,-250
34480,1586992509.9068322,8,-191879
34481,1586992509.9069953,8,-241
34482,1586992755.6011262,8,-242518
34483,1586992755.6015751,8,-301
34484,1586992846.4569032,8,-82246
34485,1586992846.4570231,8,-224
34486,1586992957.697434,8,-100563
34487,1586992957.697576,8,-233
34488,1586993017.6977172,8,-40524
34489,1586993017.6978762,8,-222
34490,1586993121.7010431,8,-92215
34491,1586993121.701615,8,-482
34492,1586993203.7038612,8,-74466
34493,1586993203.70426,8,-172
34494,1586993495.875486,8,-281388
34495,1586993495.881877,8,-216
34496,1586993640.596105,8,-141221
34497,1586993640.5962532,8,-210
34498,1586993917.838902,8,-264817
34499,1586993917.8390071,8,-273
34500,1586993977.7408643,8,-41813
34501,1586993977.741362,8,-209
34502,1586994010.002283,8,-20317
34503,1586994010.002582,8,-195
34504,1586994094.620346,8,-76787
34505,1586994094.6205082,8,-204
34506,1586994169.0310373,8,-69547
34507,1586994169.0323372,8,-200
34508,1586994222.569432,8,-44979
34509,1586994222.616678,8,-199
34510,1586994234.1666942,8,-820
34511,1586994234.166854,8,-162
34512,1586994693.8584,8,-456919
34513,1586994693.9033792,8,-293
34514,1586994820.4863453,8,-112150
34515,1586994820.486474,8,-217
34516,1586994858.913463,8,-29226
34517,1586994858.913587,8,-234
34518,1586994877.8192792,8,-11192
34519,1586994877.820259,8,-202
34520,1586994937.9488862,8,-43328
34521,1586994937.9490232,8,-229
34522,1586995113.592266,8,-162641
34523,1586995113.6209362,8,-247
34524,1586995234.873558,8,-109270
34525,1586995234.8833442,8,-218
34526,1586995837.9293141,8,-584982
34527,1586995837.9715362,8,-310
34528,1586995838.4949532,1,-724836
34529,1586995838.504578,1,-724827
34530,1586995898.0688062,8,-42431
34531,1586995898.068988,8,-223
34532,1586995949.386238,8,-39573
34533,1586995949.386375,8,-164
34534,1586996133.7908921,8,-171003
34535,1586996133.7910151,8,-213
34536,1586996263.3307881,8,-124683
34537,1586996263.3309052,8,-541
34538,1586996341.739109,8,-68154
34539,1586996341.739243,8,-202
34540,1586996342.2514691,1,-208422
34541,1586996342.259946,1,-208415
34542,1586996462.8232532,8,-110240
34543,1586996462.82339,8,-210
34544,1586996554.800852,8,-82819
34545,1586996554.801001,8,-175
34546,1586996684.9024432,8,-119448
34547,1586996684.9165711,8,-226
34548,1586996712.295695,8,-19620
34549,1586996712.2958372,8,-173
34550,1586996719.8495102,8,-848
34551,1586996719.849662,8,-137
34552,1586996798.010683,8,-74219
34553,1586996798.0108972,8,-224
34554,1586996857.79642,8,-43046
34555,1586996857.7965722,8,-193
34556,1586997035.012816,8,-165461
34557,1586997035.012959,8,-203
34558,1586997194.9263241,8,-153242
34559,1586997194.926477,8,-200
34560,1586997283.252011,8,-78217
34561,1586997283.2521791,8,-165
34562,1586997313.7042122,8,-20027
34563,1586997313.704379,8,-153
34564,1586997507.7533062,8,-184069
34565,1586997507.7823782,8,-251
34566,1586997757.8634152,8,-226409
34567,1586997757.867782,8,-318
34568,1586997817.8136792,8,-43355
34569,1586997817.8538961,8,-271
34570,1586998113.37857,8,-283709
34571,1586998113.378731,8,-214
34572,1586998308.5172253,8,-186206
34573,1586998308.517363,8,-202
34574,1586998401.7994661,8,-74312
34575,1586998401.8013992,8,-248
34576,1586998432.5602932,8,-20193
34577,1586998432.5935261,8,-213
34578,1586998491.9398222,8,-48754
34579,1586998491.940023,8,-202
34580,1586998526.9534361,8,-27390
34581,1586998526.953598,8,-159
34582,1586998532.2498062,2,-110
34583,1586998532.4970832,5,-3
34584,1586998553.2282152,5,0
34585,1586998553.9917881,2,0
34586,1586999091.838323,8,-24096
34587,1586999091.840209,8,-192
34588,1586999120.0927331,8,-14385
34589,1586999120.0928712,8,-138
34590,1586999164.1512692,8,-36253
34591,1586999164.1514013,8,-183
34592,1586999212.799975,8,-40545
34593,1586999212.817805,8,-152
34594,1586999323.5453162,8,-103878
34595,1586999323.5473542,8,-213
34596,1586999412.6895843,8,-78846
34597,1586999412.7064211,8,-228
34598,1586999446.831813,8,-23657
34599,1586999446.8319552,8,-151
34600,1586999552.6607833,8,-89230
34601,1586999552.6609051,8,-199
34602,1586999649.9982011,8,-89488
34603,1586999649.9985802,8,-199
34604,1586999678.0098643,8,-17991
34605,1586999678.0102582,8,-206
34606,1586999738.0815282,8,-42428
34607,1586999738.135437,8,-274
34608,1586999812.8718042,8,-63154
34609,1586999812.8903701,8,-225
34610,1586999853.6044602,8,-19566
34611,1586999853.6045842,8,-205
34612,1587000011.896531,8,-149572
34613,1587000011.8966522,8,-264
34614,1587000138.928311,8,-115213
34615,1587000139.0089371,8,-309
34616,1587000343.7232041,8,-195984
34617,1587000343.7325182,8,-213
34618,1587000356.896512,15,-372
34619,1587000356.916287,4,-392
34620,1587000383.9265811,8,-938
34621,1587000383.9273362,8,-136
34622,1587000638.1657171,8,-251606
34623,1587000638.1698341,8,-327
34624,1587000655.70459,8,-997
34625,1587000655.70473,8,-195
34626,1587000698.005002,8,-39736
34627,1587000698.0179973,8,-199
34628,1587000710.6384532,8,-964
34629,1587000710.638638,8,-163
34630,1587000754.8077052,8,-37341
34631,1587000754.8078501,8,-143
34632,1587000839.6662903,8,-983
34633,1587000839.6664321,8,-175
34634,1587001017.648324,8,-175384
34635,1587001017.7323632,8,-313
34636,1587001028.502603,8,-935
34637,1587001028.5027661,8,-131
34638,1587001092.8604693,8,-61695
34639,1587001092.8667831,8,-202
34640,1587001248.5942361,8,-153107
34641,1587001248.5949101,8,-213
34642,1587001597.932674,8,-37233
34643,1587001597.933092,8,-265
34644,1587001637.8094473,8,-23328
34645,1587001637.809607,8,-144
34646,1587001658.0484312,8,-17665
34647,1587001658.050766,8,-235
34648,1587001844.8846712,8,-175254
34649,1587001844.8857732,8,-220
34650,1587001962.8767862,8,-112999
34651,1587001962.8769002,8,-246
34652,1587002134.5228872,8,-161519
34653,1587002134.5237002,8,-210
34654,1587002384.183921,8,-202111
34655,1587002384.186358,8,-212
34656,1587002537.8460393,8,-143142
34657,1587002537.8461812,8,-181
34658,1587002558.1089911,8,-17037
34659,1587002558.109241,8,-204
34660,1587002588.8261912,8,-1893
34661,1587002588.8267112,8,-136
34662,1587002618.038321,8,-26638
34663,1587002618.0466943,8,-229
34664,1587002739.9355083,8,-110306
34665,1587002739.9615593,8,-241
34666,1587003043.8669431,8,-291815
34667,1587003043.867261,8,-202
34668,1587003275.109673,8,-214363
34669,1587003275.109796,8,-233
34670,1587003328.82824,8,-49080
34671,1587003328.828433,8,-163
34672,1587003404.3102162,8,-72901
34673,1587003404.3103302,8,-221
34674,1587003453.49615,8,-38690
34675,1587003453.496288,8,-141
34676,1587003518.182152,8,-49648
34677,1587003518.183566,8,-287
34678,1587003578.0588923,8,-43372
34679,1587003578.0591812,8,-213
34680,1587003885.923701,8,-296321
34681,1587003885.925129,8,-259
34682,1587003944.8203301,8,-49262
34683,1587003944.8207521,8,-155
34684,1587004214.880978,8,-259904
34685,1587004214.881113,8,-216
34686,1587004300.2864661,8,-82681
34687,1587004300.287322,8,-198
34688,1587004353.8336382,8,-48610
34689,1587004353.834053,8,-169
34690,1587004423.161524,8,-66553
34691,1587004423.161662,8,-172
34692,1587004449.9568572,8,-16686
34693,1587004449.956994,8,-140
34694,1587004478.2740862,8,-13135
34695,1587004478.2742143,8,-203
34696,1587004537.945528,8,-43103
34697,1587004537.981647,8,-260
34698,1587004589.8019712,8,-40323
34699,1587004589.802102,8,-137
34700,1587004912.88307,8,-305729
34701,1587004912.8832011,8,-218
34702,1587005085.6758592,8,-156116
34703,1587005085.676001,8,-213
34704,1587005212.8736851,8,-94740
34705,1587005212.8738532,8,-207
34706,1587005727.869687,8,-19111
34707,1587005727.8698392,8,-195
34708,1587005983.769817,8,-253126
34709,1587005983.7699492,8,-239
34710,1587006120.8817163,8,-121508
34711,1587006120.882606,8,-217
34712,1587006247.280384,8,-86573
34713,1587006247.2805219,8,-195
34714,1587006288.585226,8,-27403
34715,1587006288.5853732,8,-162
34716,1587006339.460948,8,-41732
34717,1587006339.461298,8,-176
34718,1587006367.565762,8,-23450
34719,1587006367.565889,8,-210
34720,1587006398.1383042,8,-27724
34721,1587006398.140409,8,-201
34722,1587006458.0145142,8,-42116
34723,1587006458.014964,8,-221
34724,1587006807.8983972,8,-334245
34725,1587006807.8985782,8,-233
34726,1587007026.8742933,8,-216227
34727,1587007026.8744283,8,-209
34728,1587007053.0114732,8,-23390
34729,1587007053.0116982,8,-168
34730,1587007168.884304,8,-101500
34731,1587007168.8877172,8,-222
34732,1587007354.4815621,8,-167994
34733,1587007354.4822793,8,-201
34734,1587007418.318721,8,-43365
34735,1587007418.319024,8,-218
34736,1587007484.0252032,8,-54213
34737,1587007484.030756,8,-194
34738,1587007484.235003,1,-129932
34739,1587007484.2386942,1,-129925
34740,1587007500.966689,8,-6619
34741,1587007500.9668412,8,-168
34742,1587007543.8054202,8,-29697
34743,1587007543.805573,8,-140
34744,1587007912.8686333,8,-361106
34745,1587007912.8944874,8,-229
34746,1587008111.2858481,8,-195677
34747,1587008111.2985473,8,-207
34748,1587008189.957612,8,-66867
34749,1587008189.9585392,8,-179
34750,1587008212.7995744,8,-20378
34751,1587008212.799705,8,-134
34752,1587008318.546102,8,-103270
34753,1587008318.5465083,8,-228
34754,1587008375.994937,8,-40976
34755,1587008375.9950728,8,-133
34756,1587008503.875742,8,-114095
34757,1587008503.876718,8,-180
34758,1587008622.8619921,8,-101950
34759,1587008622.862173,8,-197
34760,1587008702.916054,8,-70398
34761,1587008702.916235,8,-205
34762,1587008953.8806782,8,-236166
34763,1587008953.903803,8,-238
34764,1587009029.8453102,8,-73329
34765,1587009029.8454683,8,-180
34766,1587009112.8699932,8,-65406
34767,1587009112.8709872,8,-206
34768,1587009153.6338172,8,-35712
34769,1587009153.633976,8,-156
34770,1587009278.1450982,8,-116706
34771,1587009278.1461263,8,-295
34772,1587009338.08146,8,-43574
34773,1587009338.0821052,8,-220
34774,1587009379.8212962,8,-27652
34775,1587009379.8217652,8,-156
34776,1587009399.9439783,8,-12995
34777,1587009399.9441133,8,-184
34778,1587009409.812848,8,-5333
34779,1587009409.8131733,8,-133
34780,1587009522.826768,8,-103128
34781,1587009522.8268762,8,-199
34782,1587009713.1477113,8,-180035
34783,1587009713.147891,8,-483
34784,1587009751.829958,8,-35554
34785,1587009751.8306231,8,-165
34786,1587009807.8610342,8,-53621
34787,1587009807.861179,8,-196
34788,1587009861.9832091,8,-36504
34789,1587009861.983911,8,-159
34790,1587009950.181034,8,-59133
34791,1587009950.181178,8,-222
34792,1587010238.1897373,8,-270695
34793,1587010238.2144322,8,-257
34794,1587010298.061037,8,-42447
34795,1587010298.0611882,8,-197
34796,1587010311.8083272,8,-2297
34797,1587010311.8087473,8,-183
34798,1587010480.166326,8,-160894
34799,1587010480.166472,8,-209
34800,1587010548.085428,8,-55990
34801,1587010548.085679,8,-183
34802,1587010612.863946,8,-54759
34803,1587010612.8640952,8,-199
34804,1587010640.8386822,8,-22976
34805,1587010640.839747,8,-175
34806,1587010655.6179912,8,-2158
34807,1587010655.6181574,8,-135
34808,1587010709.953778,8,-51904
34809,1587010709.955419,8,-290
34810,1587010745.8468862,8,-21495
34811,1587010745.847016,8,-182
34812,1587010836.790651,8,-6107
34813,1587010836.790795,8,-190
34814,1587011185.905414,8,-339261
34815,1587011185.9055462,8,-240
34816,1587011198.1680331,8,-9517
34817,1587011198.1684422,8,-207
34818,1587011258.1730523,8,-43597
34819,1587011258.1735911,8,-223
34820,1587011437.701447,8,-168141
34821,1587011437.70153,8,-183
34822,1587011449.7639241,8,-7346
34823,1587011449.764066,8,-139
34824,1587011563.1802242,8,-96464
34825,1587011563.180571,8,-213
34826,1587011811.883492,8,-238860
34827,1587011811.883914,8,-219
34828,1587011844.9560223,8,-30442
34829,1587011844.9567,8,-164
34830,1587012112.881509,8,-259622
34831,1587012112.8816662,8,-216
34832,1587012158.1702611,8,-42299
34833,1587012158.1710882,8,-255
34834,1587012218.164992,8,-43656
34835,1587012218.165182,8,-222
34836,1587012280.8610442,8,-48706
34837,1587012280.861174,8,-196
34838,1587012370.857018,8,-87355
34839,1587012370.8587291,8,-193
34840,1587012411.824142,8,-17816
34841,1587012411.8257082,8,-160
34842,1587012432.842338,8,-18381
34843,1587012432.842493,8,-177
34844,1587012454.0731783,8,-4257
34845,1587012454.0803022,8,-136
34846,1587012573.9846153,8,-115380
34847,1587012573.984702,8,-211
34848,1587012601.2126622,8,-7754
34849,1587012601.2131371,8,-141
34850,1587012712.8654313,8,-101834
34851,1587012712.8657272,8,-200
34852,1587012742.806652,8,-27563
34853,1587012742.8067992,8,-136
34854,1587012981.8720272,8,-231264
34855,1587012981.876521,8,-211
34856,1587013040.83363,8,-51502
34857,1587013040.8389082,8,-172
34858,1587013118.2955632,8,-72238
34859,1587013118.2956831,8,-245
34860,1587013178.1745172,8,-43529
34861,1587013178.1748772,8,-196
34862,1587013312.8658342,8,-123223
34863,1587013312.865971,8,-201
34864,1587013490.9912472,8,-175067
34865,1587013490.991509,8,-226
34866,1587013603.512159,8,-108089
34867,1587013603.512311,8,-174
34868,1587013756.87254,8,-118034
34869,1587013756.872862,8,-208
34870,1587013866.859839,8,-107420
34871,1587013866.862968,8,-205
34872,1587014078.20326,8,-187946
34873,1587014078.2033892,8,-247
34874,1587014138.2372842,8,-42590
34875,1587014138.2376251,8,-224
34876,1587014213.864286,8,-64308
34877,1587014213.8644562,8,-199
34878,1587014244.2159162,8,-27696
34879,1587014244.217173,8,-163
34880,1587014488.990842,8,-232917
34881,1587014488.9909673,8,-209
34882,1587014623.7688231,8,-109142
34883,1587014623.768933,8,-209
34884,1587014789.848835,8,-155964
34885,1587014789.849566,8,-184
34886,1587014906.8737822,8,-97393
34887,1587014906.873933,8,-209
34888,1587014938.9565783,1,-315498
34889,1587014938.963416,1,-315483
34890,1587015038.414961,8,-50745
34891,1587015038.41509,8,-297
34892,1587015098.3527732,8,-43705
34893,1587015098.3529122,8,-224
34894,1587015413.878112,8,-304217
34895,1587015413.8782551,8,-213
34896,1587015421.0250092,8,-4193
34897,1587015421.0251503,8,-139
34898,1587015514.63982,8,-84992
34899,1587015514.6399271,8,-175
34900,1587015643.895522,8,-124764
34901,1587015643.8961153,8,-198
34902,1587015713.849049,8,-59736
34903,1587015713.849199,8,-184
34904,1587015773.8470383,8,-57050
34905,1587015773.8471432,8,-182
34906,1587015998.2053812,8,-216737
34907,1587015998.205496,8,-231
34908,1587016033.8057392,8,-19276
34909,1587016033.8058982,8,-141
34910,1587016058.5214472,8,-8686
34911,1587016058.5215693,8,-221
34912,1587016154.8681283,8,-85045
34913,1587016154.8682642,8,-202
34914,1587016321.065628,8,-163589
34915,1587016321.0786343,8,-240
34916,1587016508.8697312,8,-166241
34917,1587016508.8717232,8,-206
34918,1587016534.7420642,8,-23394
34919,1587016534.7421923,8,-132
34920,1587016613.838161,8,-74647
34921,1587016613.838306,8,-173
34922,1587016649.8125792,8,-28267
34923,1587016649.8338962,8,-169
34924,1587016655.193793,8,-2788
34925,1587016655.193937,8,-133
34926,1587016958.402475,8,-285667
34927,1587016958.402578,8,-247
34928,1587017018.4170702,8,-42767
34929,1587017018.4221342,8,-231
34930,1587017038.181498,8,-8510
34931,1587017038.181631,8,-136
34932,1587017212.862451,8,-161061
34933,1587017212.862605,8,-197
34934,1587017303.940443,8,-77210
34935,1587017303.940576,8,-275
34936,1587017340.812777,8,-30266
34937,1587017340.834507,8,-169
34938,1587017513.853994,8,-156553
34939,1587017513.85413,8,-189
34940,1587017522.874856,8,-6785
34941,1587017522.875009,8,-137
34942,1587017684.2698061,8,-150288
34943,1587017684.2699633,8,-197
34944,1587017853.9152012,8,-159608
34945,1587017853.915322,8,-240
34946,1587017918.459024,8,-52494
34947,1587017918.46121,8,-281
34948,1587017958.820477,8,-20084
34949,1587017958.8206773,8,-155
34950,1587017978.2996142,8,-17246
34951,1587017978.2997441,8,-197
34952,1587018213.196819,8,-192680
34953,1587018213.196947,8,-248
34954,1587018435.8893843,8,-213262
34955,1587018435.8919191,8,-227
34956,1587018458.8954892,8,-18695
34957,1587018458.895625,8,-164
34958,1587018469.941939,8,-1545
34959,1587018469.942092,8,-137
34960,1587018566.8840601,8,-82215
34961,1587018566.8847022,8,-219
34962,1587018581.503808,8,-9436
34963,1587018581.504064,8,-135
34964,1587018704.479979,8,-118577
34965,1587018704.480721,8,-189
34966,1587018878.4423232,8,-158401
34967,1587018878.469842,8,-378
34968,1587018938.322174,8,-24507
34969,1587018938.3223042,8,-238
34970,1587018938.825766,1,-357648
34971,1587018938.8369532,1,-357643
34972,1587019509.893666,8,-529356
34973,1587019509.895533,8,-230
34974,1587019595.3334012,8,-76027
34975,1587019595.3335412,8,-183
34976,1587019633.8032842,8,-34110
34977,1587019633.803421,8,-138
34978,1587019723.3253121,8,-73487
34979,1587019723.3300252,8,-180
34980,1587019723.5439472,1,-128580
34981,1587019723.6907542,1,-128718
34982,1587019838.796529,8,-105491
34983,1587019838.796659,8,-721
34984,1587019898.520287,8,-26502
34985,1587019898.520454,8,-319
34986,1587019969.846085,8,-29389
34987,1587019969.847011,8,-182
34988,1587020045.9478393,8,-65987
34989,1587020045.950293,8,-171
34990,1587020249.511284,8,-192089
34991,1587020249.5114202,8,-218
34992,1587020388.854043,8,-117722
34993,1587020388.870829,8,-205
34994,1587020513.875206,8,-122535
34995,1587020513.890934,8,-226
34996,1587020562.8157482,8,-35778
34997,1587020562.828694,8,-163
34998,1587020743.6077652,8,-178334
34999,1587020743.607903,8,-192
35000,1587020799.375456,8,-45884
35001,1587020799.375605,8,-1045
35002,1587020858.353111,8,-27557
35003,1587020858.353245,8,-256
35004,1587021025.8837013,8,-125373
35005,1587021025.883852,8,-218
35006,1587021140.8285422,8,-99220
35007,1587021140.828674,8,-163
35008,1587021410.4077,8,-267420
35009,1587021410.410696,8,-237
35010,1587021410.5774803,7,0
35011,1587021430.887496,8,-4770
35012,1587021430.8876452,8,-132
35013,1587021465.8518982,8,-25322
35014,1587021465.8521311,8,-187
35015,1587021543.9729881,8,-73940
35016,1587021543.973125,8,-205
35017,1587021759.0566041,8,-178115
35018,1587021759.0596442,8,-831
35019,1587021818.4897761,8,-27302
35020,1587021818.489912,8,-231
35021,1587021818.9581912,1,-388442
35022,1587021818.9666202,1,-388442
35023,1587021975.020724,8,-114389
35024,1587021975.020876,8,-200
35025,1587022083.4653373,8,-102406
35026,1587022083.4657962,8,-208
35027,1587022239.8649302,8,-145141
35028,1587022239.865369,8,-200
35029,1587022269.7982192,8,-27469
35030,1587022269.798368,8,-133
35031,1587022613.427746,8,-322364
35032,1587022613.427876,8,-225
35033,1587022654.6817002,8,-32962
35034,1587022654.681859,8,-135
35035,1587022719.014717,8,-59018
35036,1587022719.014843,8,-762
35037,1587022778.5846872,8,-27590
35038,1587022778.5848713,8,-250
35039,1587022918.346541,8,-94391
35040,1587022918.346702,8,-253
35041,1587023138.8782341,8,-206840
35042,1587023138.8788762,8,-214
35043,1587023520.990705,8,-356988
35044,1587023521.0428052,8,-275
35045,1587023597.8718991,8,-67306
35046,1587023597.872059,8,-207
35047,1587023624.845399,8,-1595
35048,1587023624.8455381,8,-136
35049,1587023678.855558,8,-44622
35050,1587023678.856339,8,-528
35051,1587023738.487137,8,-28135
35052,1587023738.491058,8,-208
35053,1587023804.167251,8,-52401
35054,1587023804.175415,8,-246
35055,1587024110.2641962,8,-286403
35056,1587024110.2647662,8,-286
35057,1587024262.1485162,8,-139069
35058,1587024262.1486292,8,-255
35059,1587024423.8629422,8,-153702
35060,1587024423.8630853,8,-198
35061,1587024424.3562891,1,-620710
35062,1587024424.3627152,1,-620680
35063,1587024458.7990813,8,-29719
35064,1587024458.7992163,8,-134
35065,1587024527.4865172,8,-65585
35066,1587024527.488356,8,-174
35067,1587024566.8824792,8,-25659
35068,1587024566.8826013,8,-217
35069,1587024638.5458622,8,-68624
35070,1587024638.5460172,8,-270
35071,1587024698.614893,8,-41320
35072,1587024698.615015,8,-220
35073,1587024824.257847,8,-99852
35074,1587024824.257987,8,-191
35075,1587025023.9006572,8,-188560
35076,1587025023.900763,8,-235
35077,1587025030.335464,8,-2983
35078,1587025030.335587,8,-133
35079,1587025143.858139,8,-102997
35080,1587025143.8582783,8,-193
35081,1587025316.331378,8,-168001
35082,1587025316.331499,8,-220
35083,1587025316.6890082,1,-286800
35084,1587025316.70913,1,-286803
35085,1587025360.79974,8,-25584
35086,1587025360.8000169,8,-135
35087,1587025403.8464592,8,-34486
35088,1587025403.846941,8,-182
35089,1587025408.817491,8,-492
35090,1587025408.8176503,8,-132
35091,1587025598.624752,8,-182361
35092,1587025598.6249151,8,-240
35093,1587025658.4706283,8,-40318
35094,1587025658.473195,8,-202
35095,1587025844.4687033,8,-171291
35096,1587025844.469017,8,-201
35097,1587025935.4565842,8,-80313
35098,1587025935.4567223,8,-200
35099,1587026180.896944,8,-231020
35100,1587026180.897303,8,-232
35101,1587026418.3685303,8,-234147
35102,1587026418.3693652,8,-220
35103,1587026523.9438121,8,-90600
35104,1587026523.9444132,8,-279
35105,1587026558.469173,8,-30940
35106,1587026558.4692912,8,-208
35107,1587026618.4693332,8,-42907
35108,1587026618.4694862,8,-218
35109,1587026740.4861152,8,-109941
35110,1587026740.4862592,8,-189
35111,1587026863.4042811,8,-112672
35112,1587026863.404401,8,-214
35113,1587027008.866355,8,-134747
35114,1587027008.8666692,8,-201
35115,1587027106.88608,8,-94200
35116,1587027106.8862062,8,-221
35117,1587027518.4935372,8,-378366
35118,1587027518.543333,8,-300
35119,1587027578.53377,8,-43038
35120,1587027578.534162,8,-218
35121,1587027723.889491,8,-133317
35122,1587027723.889615,8,-224
35123,1587027754.2943401,8,-15462
35124,1587027754.2944822,8,-134
35125,1587027764.601809,8,-545
35126,1587027764.601982,8,-134
35127,1587027883.6520631,8,-106696
35128,1587027883.652205,8,-222
35129,1587028023.866384,8,-122689
35130,1587028023.867487,8,-202
35131,1587028129.1954792,8,-102336
35132,1587028129.195765,8,-175
35133,1587028194.847167,8,-62643
35134,1587028194.8476572,8,-182
35135,1587028445.8837721,8,-233766
35136,1587028445.8838882,8,-219
35137,1587028478.6108902,8,-24299
35138,1587028478.611094,8,-172
35139,1587028538.608261,8,-42936
35140,1587028538.6086211,8,-224
35141,1587028623.8529332,8,-73263
35142,1587028623.8530693,8,-188
35143,1587028631.134499,8,-4127
35144,1587028631.1346402,8,-134
35145,1587028653.5176392,8,-11943
35146,1587028653.5177922,8,-172
35147,1587028737.350462,8,-72027
35148,1587028737.350598,8,-195
35149,1587028903.778409,8,-155999
35150,1587028903.7785301,8,-222
35151,1587028950.826574,8,-29999
35152,1587028950.826718,8,-161
35153,1587029101.208539,8,-147355
35154,1587029101.208858,8,-217
35155,1587029101.647432,1,-450892
35156,1587029101.669796,1,-450908
35157,1587029234.8881872,8,-124561
35158,1587029234.8975372,8,-232
35159,1587029438.636458,8,-200816
35160,1587029438.644175,8,-278
35161,1587029498.8075721,8,-42210
35162,1587029498.8079553,8,-226
35163,1587029794.5916252,8,-268748
35164,1587029794.5952382,8,-177
35165,1587029806.152686,8,-6429
35166,1587029806.1528301,8,-136
35167,1587029923.89214,8,-105066
35168,1587029923.892262,8,-193
35169,1587030054.8769112,8,-120061
35170,1587030054.8770542,8,-212
35171,1587030302.224481,8,-243663
35172,1587030302.224641,8,-246
35173,1587030398.66299,8,-80647
35174,1587030398.6642113,8,-235
35175,1587030458.673854,8,-43050
35176,1587030458.6740112,8,-232
35177,1587030706.915944,8,-236290
35178,1587030706.928627,8,-236
35179,1587030756.8045652,8,-32675
35180,1587030756.804707,8,-139
35181,1587030781.8488362,8,-22066
35182,1587030781.8489952,8,-184
35183,1587030814.8262873,8,-30036
35184,1587030814.8264313,8,-133
35185,1587030944.0823622,8,-124095
35186,1587030944.0824943,8,-202
35187,1587031007.184556,8,-52485
35188,1587031007.18466,8,-223
35189,1587031098.4092581,8,-83336
35190,1587031098.4093933,8,-203
35191,1587031323.8963711,8,-213152
35192,1587031323.8964891,8,-231
35193,1587031358.618519,8,-27069
35194,1587031358.6186643,8,-194
35195,1587031418.737862,8,-43104
35196,1587031418.7467911,8,-234
35197,1587031494.841294,8,-46512
35198,1587031494.841454,8,-176
35199,1587031529.049385,8,-17061
35200,1587031529.0495152,8,-139
35201,1587031623.852956,8,-84346
35202,1587031623.8530982,8,-188
35203,1587031892.6261191,8,-265832
35204,1587031892.626227,8,-194
35205,1587031962.9784412,8,-60058
35206,1587031962.97859,8,-189
35207,1587032079.4737751,8,-105642
35208,1587032079.4763842,8,-196
35209,1587032209.398541,8,-119539
35210,1587032209.4107952,8,-211
35211,1587032285.9228323,8,-60101
35212,1587032285.9229662,8,-258
35213,1587032318.5655022,8,-25569
35214,1587032318.5656242,8,-200
35215,1587032378.945908,8,-43442
35216,1587032378.9460392,8,-237
35217,1587032523.854508,8,-133005
35218,1587032523.854652,8,-189
35219,1587032553.798831,8,-27003
35220,1587032553.7994332,8,-134
35221,1587032823.9009762,8,-267190
35222,1587032823.9010801,8,-236
35223,1587032970.3548594,8,-143580
35224,1587032970.3549862,8,-188
35225,1587032984.4285693,8,-9042
35226,1587032984.4287143,8,-135
35227,1587033084.5028172,8,-89117
35228,1587033084.5029502,8,-191
35229,1587033123.865931,8,-22755
35230,1587033123.8660903,8,-201
35231,1587033278.6779273,8,-151962
35232,1587033278.6780581,8,-257
35233,1587033338.799294,8,-41942
35234,1587033338.799417,8,-223
35235,1587033391.1358113,8,-40411
35236,1587033391.1359463,8,-138
35237,1587033426.7364883,8,-27662
35238,1587033426.7367113,8,-209
35239,1587033438.0510392,8,-864
35240,1587033438.0514202,8,-142
35241,1587033448.601355,8,-7616
35242,1587033448.6015131,8,-134
35243,1587033551.060553,8,-98021
35244,1587033551.0606751,8,-144
35245,1587033588.166629,8,-11741
35246,1587033588.1872792,8,-229
35247,1587033723.8990211,8,-126235
35248,1587033723.899992,8,-235
35249,1587033764.86481,8,-37370
35250,1587033764.864967,8,-134
35251,1587033880.640762,8,-106880
35252,1587033880.6408973,8,-194
35253,1587033916.5995502,8,-30943
35254,1587033916.5996623,8,-173
35255,1587033994.8349223,8,-75049
35256,1587033994.835052,8,-185
35257,1587034046.4188952,2,-180
35258,1587034046.4201102,8,-32902
35259,1587034046.4203062,8,-593
35260,1587034046.762228,5,-1
35261,1587034047.1401043,7,-3
35262,1587034048.3105822,5,-2
35263,1587034049.047769,2,0
35264,1587034077.1998563,8,-6308
35265,1587034077.1999803,8,-243
35266,1587034291.905172,2,-38
35267,1587034292.2196913,5,-1
35268,1587034302.689004,5,-1
35269,1587034303.483427,2,0
35270,1587037362.4304252,2,-59
35271,1587037362.718599,5,-1
35272,1587037372.9366379,5,-1
35273,1587037373.613401,2,0
35274,1587037439.9029562,2,-16
35275,1587037440.2120934,5,0
35276,1587037440.7056394,5,-1
35277,1587037441.462438,5,-1
35278,1587037441.6940482,2,0
35279,1587037451.6500783,5,-2
35280,1587037468.3653731,2,-51
35281,1587037468.6158822,5,-1
35282,1587037470.118535,2,-3
35283,1587037472.030425,2,-583
35284,1587037472.033618,2,-586
35285,1587037547.286869,2,-1
35286,1587037564.6885972,4,0
35287,1587037610.245573,2,-37
35288,1587037614.210755,2,-20
35289,1587037642.712562,2,-71
35290,1587037643.6930861,2,-27
35291,1587037689.8937473,2,-16
35292,1587037760.5508022,2,-12
35293,1587037836.982832,9,-70580
35294,1587037901.5174181,2,-17
35295,1587037911.6177552,2,-428
35296,1587037912.6250982,2,-29
35297,1587037913.5405912,2,-93
35298,1587037916.477375,2,-19
35299,1587037917.3861032,2,-26
35300,1587037925.0729842,2,-182
35301,1587037930.292119,2,-292
35302,1587037998.9809604,2,-46
35303,1587038003.8467863,2,153
35304,1587038015.996338,9,0
35305,1587038016.3176942,5,-2
35306,1587038016.701314,2,-30
35307,1587038017.05342,2,0
35308,1587038017.058304,5,0
35309,1587038021.028472,4,-7
35310,1587038021.028808,4,-1
35311,1587038025.015197,2,-14
35312,1587038057.2418122,2,-77
35313,1587038062.0151672,2,-11
35314,1587038065.586914,2,-859
35315,1587038074.8433292,2,-5
35316,1587038084.194992,2,-287
35317,1587038264.6131701,9,-100089
35318,1587038316.1750422,2,-28
35319,1587038318.583806,2,-846
35320,1587038617.617417,2,-69
35321,1587038619.080521,2,-347
35322,1587038772.349906,2,-33
35323,1587038782.806106,2,-89
35324,1587038788.839766,2,-58
35325,1587038789.9521492,2,-31
35326,1587038793.3863282,2,-3
35327,1587038794.5252342,2,-84
35328,1587038798.1593552,2,-13
35329,1587038800.397336,2,-17
35330,1587038808.048738,2,-25
35331,1587038810.0009332,2,-32
35332,1587038815.419952,2,-440
35333,1587038816.8323832,2,-161
35334,1587038827.977212,2,-37
35335,1587038832.1067,2,-73
35336,1587038841.067453,2,-16
35337,1587038843.1209722,2,-348
35338,1587038843.124798,4,0
35339,1587038846.20581,2,-11
35340,1587038848.025024,2,-29
35341,1587038857.730786,2,-6
35342,1587038859.023346,2,-28
35343,1587038866.125042,2,-22
35344,1587038867.357371,2,-24
35345,1587038875.407246,2,-167
35346,1587038876.9131272,2,-7
35347,1587038880.908772,2,-18
35348,1587038882.0391052,2,-76
35349,1587038888.5442061,2,-75
35350,1587038890.0587301,2,-28
35351,1587038894.4630733,2,-37
35352,1587038896.0977871,2,-26
35353,1587038903.418132,2,-158
35354,1587038903.6728692,2,-19
35355,1587038911.7121131,2,-11
35356,1587038913.4164672,2,-117
35357,1587038918.2044873,2,-18
35358,1587038920.709279,2,-16
35359,1587038925.3617191,2,-16
35360,1587038928.7794201,2,-59
35361,1587038932.5775323,2,-8
35362,1587038934.298131,2,-64
35363,1587038942.894047,2,-14
35364,1587038943.833462,2,-198
35365,1587038945.573826,2,-16
35366,1587038947.458065,2,-56
35367,1587038964.0223742,2,-15
35368,1587038965.62244,2,-87
35369,1587038966.798731,2,-13
35370,1587038969.1581411,2,-34
35371,1587038973.428164,2,-19
35372,1587038987.864833,15,-1
35373,1587038987.947598,15,-83
35374,1587039045.93189,2,-64
35375,1587039048.731861,2,-14
35376,1587039050.3604941,2,-852
35377,1587039052.319039,2,-9
35378,1587039053.5959642,2,-310
35379,1587039054.642138,2,-18
35380,1587039066.8920271,2,-43
35381,1587039070.5337663,2,-131
35382,1587039075.076384,2,-1410
35383,1587039075.0768023,2,-1335
35384,1587039078.753933,2,-74
35385,1587039081.6762981,2,-10
35386,1587039085.8309891,2,-61
35387,1587039089.280951,2,-75
35388,1587039090.717024,2,-46
35389,1587039093.679553,2,-9
35390,1587039095.070929,2,-258
35391,1587039106.226397,2,0
35392,1587039120.887075,2,-9610
35393,1587039120.9484773,2,-8476
35394,1587039120.9489202,2,-5846
35395,1587039120.949248,2,-5319
35396,1587039120.9495792,2,-4138
35397,1587039120.949865,2,-1772
35398,1587039120.9506562,2,-1000
35399,1587039122.6121411,2,-346
35400,1587039127.837019,2,-4301
35401,1587039127.8401022,2,-1179
35402,1587039127.840703,2,-785
35403,1587039128.504646,2,-81
35404,1587039130.4934392,2,-703
35405,1587039130.623837,2,-17
35406,1587039135.278067,2,-380
35407,1587039136.1371481,2,-123
35408,1587039146.098009,2,-19
35409,1587039146.5372431,2,-141
35410,1587039362.4237933,2,-952
35411,1587039370.4841661,2,-12
35412,1587039381.1872263,2,-73
35413,1587039447.1837962,2,-37
35414,1587039484.51441,2,-45
35415,1587039487.5192192,2,-38
35416,1587039497.859544,2,-15
35417,1587039499.197227,2,-111
35418,1587039568.402865,2,-36
35419,1587039747.6537101,9,0
35420,1587039747.9161751,5,0
35421,1587039748.629077,2,0
35422,1587043511.043867,2,-124
35423,1587043511.165626,5,-1
35424,1587043512.915568,2,-5
35425,1587043514.269855,2,-87
35426,1587043514.270193,2,-87
35427,1587043525.451097,2,-113
35428,1587043567.222311,2,-32
35429,1587043573.5917401,2,-209
35430,1587043574.8761573,2,-14
35431,1587043579.6411123,2,-50
35432,1587043640.1547613,9,-60726
35433,1587044031.0532792,2,-212
35434,1587044098.8368683,2,-116
35435,1587044200.1392682,2,-100
35436,1587044201.023179,2,-91
35437,1587044207.6519623,2,-395
35438,1587044214.435969,2,-55
35439,1587044215.8771021,2,-97
35440,1587044723.286787,2,-9
35441,1587044750.8447142,2,-103
35442,1587044760.807768,2,-37
35443,1587044858.336101,2,-49
35444,1587045071.767232,9,0
35445,1587045072.0829482,5,-1
35446,1587045072.8221912,2,0
35447,1587045073.080856,2,-27
35448,1587045073.427087,5,-1
35449,1587045092.283299,5,-1
35450,1587045092.987217,2,0
35451,1587045092.987906,5,0
35452,1587045212.222197,2,-37
35453,1587045458.117043,2,-90
35454,1587045465.0149481,2,-92
35455,1587045468.587264,2,-18
35456,1587045515.291636,5,0
35457,1587045516.1225262,2,-1
35458,1587045520.263853,2,-131
35459,1587045520.5901332,5,-1
35460,1587045529.0058541,5,-4
35461,1587045529.7375612,2,0
35462,1587050935.6692312,2,-89
35463,1587050935.9796631,5,-1
35464,1587050936.2296762,5,-2
35465,1587050936.6764061,5,0
35466,1587050937.3152733,2,0
35467,1587050947.113701,5,-2
35468,1587051123.025619,2,-75
35469,1587051123.355177,5,0
35470,1587051126.060683,5,0
35471,1587051126.7321901,2,0
35472,1587051135.039629,2,-8
35473,1587051135.3856082,5,-1
35474,1587051138.625359,5,-1
35475,1587051139.387882,2,0
35476,1587051139.388776,5,0
35477,1587051139.8998551,2,-4
35478,1587051140.936388,2,-55
35479,1587051140.93664,2,-55
35480,1587051203.5088682,2,-62
35481,1587051289.0045543,6,-2
35482,1587051434.177051,2,-14
35483,1587051435.3392541,2,-339
35484,1587051496.3788671,2,-9
35485,1587051552.14575,6,-1
35486,1587051624.9566982,9,-120013
35487,1587051636.95601,2,-43
35488,1587051668.848668,2,-8
35489,1587051693.140499,2,-103
35490,1587051696.819303,2,-6
35491,1587051743.9084,2,-478
35492,1587051752.348968,4,0
35493,1587051784.7947092,2,-6
35494,1587051788.018939,4,0
35495,1587051851.1720412,2,-1149
35496,1587051887.5043452,2,-8
35497,1587051889.054348,2,-44
35498,1587051893.9625921,2,-48
35499,1587051924.8174002,2,-11
35500,1587051929.203186,2,-257
35501,1587051984.7827783,4,0
35502,1587052022.8692932,4,0
35503,1587052056.5269122,2,-17
35504,1587052459.289093,5,-33
35505,1587052461.53895,5,-2
35506,1587052550.7066562,2,-15
35507,1587052555.1188881,2,-11
35508,1587052574.1423302,2,-484
35509,1587052591.252067,4,0
35510,1587052630.334505,4,0
35511,1587052680.9974952,2,-26
35512,1587052684.036786,2,-96
35513,1587052684.037065,2,-90
35514,1587052685.8996181,2,-98
35515,1587052803.9772022,2,-16
35516,1587052805.5303712,2,-9
35517,1587052805.6957502,2,-113
35518,1587052806.790257,2,-86
35519,1587052860.28446,2,-5
35520,1587052861.135579,2,-32
35521,1587052910.6780741,2,-10
35522,1587052912.6610942,2,-22
35523,1587053021.2880702,2,-15
35524,1587053023.507033,2,-37
35525,1587053056.958228,2,-14
35526,1587054106.475418,7,-1
35527,1587054991.22186,7,-26
35528,1587055080.837935,7,0
