ID,timestamp,IsPermanent,Name
1,1584826747.236618,1,__GLOBAL__
2,1584826747.236035,1,CPU
4,1584826747.2365031,1,VENC
5,1584826747.2359653,1,VDEC
6,1584826747.236751,1,ISP
7,1584826747.2364151,1,RestOfSOC
8,1584826747.235891,1,GPU
9,1584826747.2366662,1,DRAM
10,1584826747.2360902,1,Display
11,1584826747.2368112,1,WiFi-Data
12,1584826747.236547,1,WiFi-Location
13,1584826747.236012,1,WiFi-Pipeline
14,1584826747.236771,1,AudioHeadset
15,1584826747.2364821,1,AudioSpeaker
16,1584826747.2359412,1,Nfc
17,1584826747.236711,1,FrontCamera
18,1584826747.2363842,1,BackCamera
19,1584826747.23584,1,Torch
20,1584826747.2366452,1,Accessory
37,1584826747.236442,1,BB
38,1584826747.2359161,1,BB-Voice
47,1584826747.236731,1,BB-Pssi
48,1584826747.236462,1,GPS
50,1584826747.2366853,1,Bluetooth
53,1584826747.236598,1,WiFi-Idle
54,1584826747.2360651,1,APSOCBaseIOReport
55,1584826747.2367911,1,AudioCodec
57,1584826747.2359872,1,SOCDisplay
10000,1584826747.2365232,1,RootNodeMaxCount
10001,1584826747.257987,1,com.apple.MobileBackup.framework
10002,1584826747.258214,1,mediaserverd-NoCall
10003,1584826747.258259,1,mediaserverd-Audio
10004,1584826747.2583022,1,com.apple.private.alloy.sockpuppet
10005,1584826747.2583542,1,IDSWatchBT
10006,1584826747.2583952,1,mediaserverd
10007,1584826747.2584372,1,bluetoothd
10008,1584826747.2584782,1,com.apple.springboard
10009,1584826747.2585201,1,nsurlsessiond
10010,1584826747.258584,1,BB-PhoneCall
10011,1584826747.2940602,1,backupd
10012,1584826747.2942111,1,mDNSResponder
10013,1584826747.294261,1,cloudphotod
10014,1584826747.2943192,1,cloudd
10015,1584826747.294361,1,syncdefaultsd
10016,1584826747.2944171,1,BB-Standard
10017,1584826747.2952461,1,apsd
10018,1584826747.295351,1,assetsd
10019,1584826747.295455,1,locationd
10020,1584826747.2955081,1,callservicesd
10021,1584826747.2955492,1,com.apple.CloudDocs
10022,1584826747.295589,1,CommCenter
10023,1584826747.295661,1,containermanagerd
10024,1584826747.2957,1,gpsd
10025,1584826747.297492,1,iaptransportd
10026,1584826747.2975872,1,com.apple.SafariViewService
10027,1584826747.2985072,1,iapd
10028,1584826747.298552,1,backboardd
10029,1584826747.298594,1,com.apple.CloudDocsDaemon
10030,1584826747.298634,1,com.apple.StreamingUnzipService
10031,1584826747.298677,1,atc
10032,1584826747.298916,1,kernel_task
10033,1584826747.3177772,1,iap2d
10034,1584826747.31809,1,SpringBoard
10035,1584826747.318142,1,com.apple.SpringBoard
10036,1584826747.318205,1,com.apple.InCallService
10037,1584826747.3182452,1,installd
10038,1584826747.318304,1,com.apple.carplay.audio
10039,1584826747.3183591,1,WiFi-Airplay
10040,1584826747.3184142,1,WiFi-Standard
10041,1584826747.318769,1,WiFi-AirplayMirroring
10042,1584826747.318882,1,com.apple.carplay.video
10043,1584826747.318936,1,identityservices
10044,1584826747.3197742,1,LockScreen
10045,1584826747.3205261,1,DisplayDynamic
10046,1584826747.474167,0,OOS
10047,1584826832.985105,0,com.apple.lock-screen
10048,1584826855.880284,0,searchd
10052,1584827302.412612,0,com.apple.siri.parsec.CoreParsec
10053,1584827351.6405773,0,com.apple.springboard.home-screen
10055,1584827375.8677793,0,com.apple.springboard.today-view
10056,1584827376.341566,0,securityd
10057,1584827376.341621,0,aggregated
10058,1584827376.341672,0,fseventsd
10062,1584827376.341784,0,lsd
10063,1584827376.3418102,0,appstored
10066,1584827376.451551,0,TextInput.kbd
10069,1584827376.451624,0,ind
10070,1584827376.451646,0,logd
10072,1584827376.4516902,0,akd
10075,1584827376.4517622,0,idsfoundation.IDSRemoteURLConnectionAgent
10078,1584827376.451828,0,rtcreportingd
10080,1584827376.4518743,0,accountsd
10081,1584827376.4518962,0,mobileassetd
10082,1584827376.451919,0,passd
10085,1584827376.451986,0,com.apple.mobilecal
10090,1584827376.4521,0,dataaccess.dataaccessd
10099,1584827376.4523351,0,storebookkeeperd
10103,1584827376.452428,0,UserEventAgent-System
10113,1584827376.452907,0,swcd
10122,1584827376.4531093,0,itunesstored
10128,1584827376.453273,0,com.apple.accessibility.AccessibilityUIServer
10130,1584827376.453318,0,duetexpertd
10132,1584827376.453362,0,splashboard
10143,1584827376.45361,0,com.apple.news.widget
10144,1584827376.453632,0,wifid
10147,1584827376.453942,0,runningboardd
10152,1584827376.4540572,0,siriactionsd
10161,1584827376.455717,0,dasd
10162,1584827376.455739,0,geod
10163,1584827376.45576,0,symptomsd
10165,1584827376.455802,0,email.maild
10166,1584827376.455825,0,powerd
10169,1584827376.4558902,0,identityservicesd
10171,1584827376.455934,0,nanotimekitcompaniond
10173,1584827376.455978,0,contextstored
10174,1584827376.456007,0,sharingd
10177,1584827376.456073,0,newsd
10181,1584827376.456162,0,com.apple.ScreenTimeUI.ScreenTimeWidget
10185,1584827376.4562502,0,watchlistd
10189,1584827376.4563391,0,parsecd
10190,1584827376.456361,0,remindd
10191,1584827376.456382,0,assistantd
10196,1584827379.632836,0,com.apple.private.ids
10197,1584827407.8111663,0,com.apple.Maps
10198,1584827408.556416,0,com.apple.Preferences
10201,1584827582.4354742,0,com.apple.Passbook
10202,1584827601.937922,0,com.apple.routined.Routine
10204,1584827703.2720501,0,com.apple.Maps.Widget
10207,1584827703.2724051,0,DragUI.druid
10210,1584827703.2728343,0,com.apple.stocks.widget
10213,1584827703.2979321,0,com.apple.weather
10214,1584827703.2979722,0,destinationd
10215,1584827703.2980132,0,itunescloudd
10217,1584827703.29808,0,com.apple.SafariBookmarksSyncAgent
10221,1584827703.298427,0,com.apple.MobileAddressBook
10223,1584827703.298613,0,assistant_servic
10224,1584827703.298715,0,adprivacyd
10225,1584827703.2988153,0,findmydeviced
10227,1584827703.298988,0,com.apple.news
10228,1584827703.2990732,0,IMRemoteURLConne
10230,1584827703.299252,0,kbd
10231,1584827703.2993362,0,com.apple.reminders
10232,1584827703.4322042,0,com.apple.aps.framework
10235,1584828166.936614,0,com.apple.securityd
10239,1584828318.108122,0,fmfd
10241,1584828318.108441,0,com.apple.sbd
10245,1584828690.632986,0,com.apple.springboard.passcode
10248,1584829336.2742782,0,com.apple.AppStore
10252,1584830001.7019901,0,configd
10253,1584830001.7062023,0,timed
10254,1584830542.661847,0,com.apple.awd
10258,1584832367.6807241,0,com.apple.identityservicesd
10260,1584832367.705924,0,com.apple.bird
10264,1584834473.876305,0,routined
10265,1584834473.888148,0,com.apple.MobileSMS
10271,1584838106.088607,0,com.apple.SharingViewService
10272,1584838133.162661,0,com.apple.Bridge
10278,1584838287.4918652,0,com.apple.private.alloy.ct.commcenter.sim
10279,1584838287.4922671,0,com.apple.private.alloy.preferencessync
10281,1584838287.4942522,0,com.apple.private.alloy.timesync
10282,1584838347.440288,0,com.apple.private.alloy.coreduet
10283,1584838347.4404902,0,com.apple.private.alloy.pushproxy
10289,1584838406.954564,0,com.apple.control-center
10290,1584838408.2708511,0,com.apple.private.alloy.appsyncconduit
10291,1584838408.2709613,0,com.apple.private.alloy.location.auth
10292,1584838408.2710133,0,com.apple.private.alloy.ct.commcenter.p2w.settings
10304,1584838448.92104,0,bulletindistributord
10306,1584838448.921135,0,healthd
10307,1584838448.9211721,0,com.apple.terminusd
10316,1584838449.0000153,0,terminusd
10318,1584838449.1101422,0,com.apple.Fitness
10322,1584838527.7295704,0,com.apple.private.alloy.airtraffic
10323,1584838587.3812442,0,com.apple.private.alloy.sharing.paireddevice
10324,1584838587.3813543,0,com.apple.private.alloy.bulletindistributor.settings
10325,1584838587.3814383,0,com.apple.private.alloy.location.stream
10328,1584838648.0164561,0,com.apple.private.alloy.siri.device
10330,1584838648.017374,0,com.apple.private.alloy.maps.proxy
10332,1584839427.6149971,0,com.apple.private.alloy.mediaremote
10336,1584839571.4731913,0,com.apple.mobilemail
10338,1584839595.763638,0,thermalmonitord
10353,1584839596.032859,0,com.apple.mobilesafari
10357,1584839596.033031,0,com.apple.podcasts
10358,1584839596.0670662,0,com.apple.WebKit.Networking
10361,1584839728.5561152,0,com.apple.private.alloy.health.sync.classc
10362,1584839848.562017,0,com.apple.private.alloy.location.usage
10363,1584839865.9419003,0,com.apple.springboard.app-switcher
10364,1584839865.97826,0,com.apple.location.AppSuggestions
10368,1584839903.2327971,0,CommCenterMobile
10369,1584840015.280663,0,com.apple.PassbookUIService
10375,1584842308.6076002,0,com.apple.private.alloy.photos.proxy
10379,1584842675.8078432,0,com.apple.private.alloy.passbook.relevancy
10380,1584844009.089544,0,com.apple.private.alloy.bulletindistributor
10383,1584845685.9327712,0,com.apple.private.alloy.location.motion
10384,1584845857.8510542,0,accessoryd
10385,1584845857.851139,0,icloud.searchpartyd
10392,1584846344.8338242,0,awdd
10394,1584846344.8339942,0,OTACrashCopier
10395,1584846344.897749,0,com.apple.mobileslideshow
10412,1584869964.2030292,0,com.apple.private.alloy.timezonesync
10422,1584871227.1348202,0,com.apple.siri.ClientFlow.ClientScripter
10427,1584877522.123404,0,com.apple.camera
10429,1584881565.7432423,0,com.apple.private.alloy.donotdisturb
10430,1584881565.7433982,0,com.apple.private.alloy.willow.proxy
10431,1584881565.7453532,0,com.apple.private.alloy.phonecontinuity
10432,1584881565.7458043,0,com.apple.private.alloy.cmsession
10436,1584881767.7758222,0,com.apple.private.alloy.sensorkit
10438,1584882171.3699942,0,com.apple.private.alloy.bulletinboard
10439,1584882189.6337051,0,com.apple.private.alloy.idscredentials
10444,1584882445.6623282,0,com.apple.WebKit.WebContent
10446,1584884720.111978,0,com.apple.private.alloy.news
10449,1584885607.559134,0,com.facebook.Messenger
10451,1584889171.9056783,0,imgurmobile
10454,1584890107.905401,0,co.babypenguin.imo
10456,1584892040.8872552,0,imagent
10457,1584892041.268577,0,com.apple.callhistory.sync-helper
10459,1584902263.4065962,0,com.burbn.instagram
10463,1584903616.863538,0,AssetCacheLocato
10464,1584903617.6456919,0,com.apple.Health
10475,1584904870.9597373,0,jp.naver.line
10481,1584905160.031146,0,triald
10492,1584925395.3792872,0,com.mewe
10493,1584926492.273219,0,com.reddit.Reddit
10495,1584927458.3156872,0,org.whispersystems.signal
10496,1584928969.9286711,0,com.silentcircle.SilentPhone
10497,1584952170.163247,0,com.apple.private.alloy.proxiedcrashcopier
10499,1584967344.1213672,0,com.apple.MobileWiFi
10507,1584991832.678091,0,corespeechd
10508,1584993755.0695882,0,com.apple.mobilephone
10535,1585000938.093846,0,com.apple.Safari
10538,1585001701.3469024,0,searchpartyd
10540,1585002302.2124991,0,com.apple.coreduetd
10541,1585002815.981481,0,com.apple.private.alloy.addressbooksync
10560,1585011843.204595,0,com.skout.SKOUT
10562,1585012290.620388,0,com.skype.skype
10566,1585012308.7257752,0,com.apple.private.alloy.callhistorysync
10567,1585012675.904663,0,com.toyopagroup.picaboo
10569,1585012808.5096812,0,com.spotify.client
10570,1585012875.0591602,0,ph.telegra.Telegraph
10573,1585013053.1458802,0,com.burbn.threads
10574,1585013146.418436,0,com.zhiliaoapp.musically
10578,1585013730.6935692,0,com.atebits.Tweetie2
10579,1585013824.8546581,0,com.apple.mobileslideshow.photo-picker
10582,1585014716.788094,0,net.whatsapp.WhatsApp
10583,1585014913.0240803,0,com.mywickr.wickr
10584,1585015040.3721452,0,com.wearezeta.zclient.ios
10595,1585045465.5824542,0,com.apple.pipelined
10596,1585045689.204518,0,com.apple.private.alloy.nearby
10598,1585046486.41543,0,telephonyutilities.callservicesd
10599,1585046487.147402,0,coreidvd
10605,1585056141.733488,0,com.apple.Home
10612,1585072473.37717,0,com.apple.private.alloy.terminus
10618,1585076600.402054,0,com.kik.chat
10645,1585097141.5764802,0,com.tinginteractive.usms
10657,1585099518.0812821,0,UserEventAgent
10719,1585159530.1243463,0,mobile.cache_delete_app_container_caches
10721,1585159530.1244192,0,com.apple.Spotlight
10723,1585159530.124478,0,cache_delete
10724,1585159530.534131,0,CategoriesServic
10729,1585160611.759895,0,com.apple.private.alloy.siri.voiceshortcuts
10744,1585162275.831407,0,com.apple.private.alloy.siri.icloud
10746,1585162305.576013,0,com.apple.private.alloy.willow
10748,1585162492.0157652,0,homed
10749,1585162609.912036,0,com.apple.Music
10758,1585164113.237059,0,com.apple.MusicUIService
10759,1585164233.7002993,0,com.apple.private.alloy.audiocontrol.music
10809,1585218197.4752402,0,com.apple.private.alloy.bluetoothregistry
10813,1585223387.836064,0,com.apple.private.alloy.iratmanager
10814,1585223387.8362312,0,com.apple.private.alloy.wifi.networksync
10822,1585247980.215734,0,com.viber
10831,1585252928.6724882,0,com.apple.private.alloy.bluetoothregistryclassc
10866,1585276075.117077,0,coreduetd
10884,1585313842.89188,0,com.apple.private.alloy.continuity.unlock
10897,1585333987.897685,0,com.apple.icloud.FindMyDevice
10918,1585335514.8508272,0,com.apple.private.alloy.ids.cloudmessaging
10923,1585341909.3380232,0,com.apple.private.alloy.bluetooth.audio
10975,1585369289.9824002,0,com.apple.private.alloy.quickrelay
10990,1585392906.774311,0,com.apple.Siri
10991,1585393199.074873,0,com.apple.siri
11001,1585405297.2818732,0,com.reddit.Reddit.NotificationServiceExtension
11003,1585408127.9582562,0,com.apple.private.alloy.clockface.sync
11011,1585428784.6424012,0,MobileAccessoryUpdater
11018,1585435999.4850922,0,fs_task_scheduler
11028,1585507789.5478082,0,rapportd
11069,1585567577.1158032,0,com.mentionmobile.cyberdust
11082,1585571993.3838391,0,com.apple.private.alloy.accountssync
11086,1585582744.0217621,0,healthappd
11101,1585597565.2095473,0,com.signify.hue.blue
11121,1585623701.6898263,0,trustd
11175,1585695839.7710931,0,accessibility.heard
11223,1585774969.8623831,0,com.apple.AppPredictionWidget.extension
11238,1585834432.556389,0,com.apple.private.alloy.itunes.apsr
11241,1585834775.3054912,0,mobile.lockdown
11244,1585834826.274261,0,com.facebook.talk
11245,1585834848.6284199,0,com.adhoclabs.burner
11246,1585834858.5976691,0,ch.protonmail.protonmail
11247,1585834893.70926,0,de.tutao.tutanota
11273,1585868061.966683,0,com.apple.mobileme.fmip
11275,1585897502.0709832,0,com.apple.podcasts.SpotlightIndexExtension
11276,1585930834.720307,0,com.fitbit.FitbitMobile
11318,1585960708.0689352,0,com.zhiliaoapp.musically.PushNotificationAttachment
11326,1585994198.6408381,0,com.apple.parsecd
11330,1585998466.5453172,0,maps.destinationd
11331,1585999945.221437,0,mobileactivation
11334,1586009836.333789,0,com.redshiftdev.Fitbit-Health-Sync
11355,1586019708.6069622,0,com.apple.audio.toolbox.reporting.service
11392,1586040820.7608452,0,mediaremoted
11432,1586062138.186178,0,com.apple.online-auth-agent
11451,1586093568.494977,0,AssertionPID-797
11454,1586098209.4121332,0,com.atebits.Tweetie2.NotificationServiceExtension
11467,1586118827.8739681,0,CarCMSession
11468,1586118850.119635,0,com.apple.carplay.oem
11469,1586119026.7844021,0,voiced
11470,1586119026.897953,0,com.apple.CarPlayApp
11484,1586135280.403512,0,AssertionPID-1091
11486,1586135668.211831,0,us.zoom.videomeetings
11488,1586135995.3303604,0,com.herzick.houseparty
11491,1586136243.7727723,0,AssertionPID-1135
11492,1586136243.7728162,0,AssertionPID-1134
11493,1586136243.7728522,0,AssertionPID-1133
11499,1586177408.3696802,0,AssertionPID-1237
11500,1586182697.37776,0,com.apple.willowd
11501,1586182728.047574,0,ReportCrash
11515,1586185612.3379803,0,com.apple.mobileassetd
11537,1586210850.0233963,0,com.apple.BTLEServer
11550,1586219479.6094902,0,assistant_service
11560,1586219479.6916633,0,com.apple.siriknowledged
11584,1586233572.823038,0,videosubscriptionsd
11600,1586259006.319611,0,MobileFileIntegrity
11603,1586283363.4506161,0,CallHistorySyncHelper
11605,1586283363.573308,0,com.apple.TelephonyUtilities
11743,1586550044.294763,0,familycircled
11754,1586566768.5220442,0,networkservicepr
11764,1586628083.2136292,0,AssertionPID-1407
11766,1586628390.7478912,0,AssertionPID-1429
11778,1586630125.5372791,0,com.apple.findmy
11779,1586630132.565376,0,com.apple.icloud.fmip.app.push
11781,1586630214.8807342,0,com.apple.mobileme.fmf2
11782,1586630214.8811991,0,com.apple.mobileme.fmf3
11786,1586630296.8397892,0,fmflocatord
11806,1586639760.772933,0,photoanalysisd
11816,1586652521.8882723,0,com.apple.photos.cloud
11820,1586653277.69775,0,com.apple.appstored
11821,1586654671.4474392,0,com.apple.BusinessChatViewService
11825,1586654671.7321162,0,com.apple.WebKit
11829,1586658801.8958662,0,mediaanalysisd
11847,1586696211.7967181,0,com.apple.camera.CameraMessagesApp
11848,1586696396.3265362,0,IMTransferAgent
11849,1586696396.327529,0,com.apple.Diagno
11851,1586696396.334491,0,com.apple.mobileslideshow.PhotosMessagesApp
11854,1586696543.711213,0,com.apple.facetime
11855,1586697269.215158,0,com.apple.DocumentsApp
11856,1586697414.632626,0,com.apple.quicklook.extension.previewUI
11857,1586697414.6328382,0,com.apple.mobilesms.compose
11858,1586697832.9075232,0,com.apple.mobiletimer
11859,1586697945.165454,0,com.apple.ScreenshotServicesService
11860,1586698029.0694523,0,useractivityd
11861,1586698029.1828022,0,com.apple.DocumentManagerUICore.Service
11863,1586698783.3992543,0,org.mozilla.ios.Focus
11866,1586699046.653207,0,com.miketigas.OnionBrowser
11867,1586699503.840765,0,calaccessd
11871,1586699789.782978,0,com.apple.CarPlayApp.home-screen
11878,1586701496.577209,0,com.apple.NavdLocationBundleiOS
11885,1586702841.153994,0,com.apple.private.alloy.sysdiagnose
11886,1586702995.9605231,0,sysdiagnose
11890,1586702996.021287,0,wifivelocityd
11898,1586706048.409217,0,assistivetouchd
11900,1586708162.94684,0,com.apple.private.alloy.sms
11901,1586710547.195343,0,com.apple.private.alloy.eventkitsync
11912,1586714988.0928612,0,kjc.loader
11913,1586715007.6740882,0,com.saurik.Cydia
11926,1586715158.9943442,0,checkra1n.loaderd
11927,1586715158.9944062,0,.Cydia.Startup
11935,1586715159.218852,0,http
11959,1586718729.514946,0,58B5282-E3FE-434C-8EE1-DC48CACB748E
11982,1586750620.3844314,0,notifyd
12008,1586786961.3354683,0,com.apple.Sharing.AirDrop
12081,1586805712.2253103,0,nanoprefsyncd.2
12155,1586826533.5676212,0,com.apple.private.alloy.otaupdate
12161,1586827493.027585,0,softwareupdated
12162,1586827493.0276513,0,seld
12169,1586879859.970582,0,com.me.keyvalueservice
12185,1586908860.3798742,0,com.coverme.covermeAdhoc
12186,1586911175.7608652,0,com.keepsafe.KeepSafe
12187,1586911234.221919,0,com.enchantedcloud.photovault
12193,1586914317.956244,0,com.apple.private.alloy.mail.sync.messages
12197,1586916341.527038,0,com.apple.private.alloy.tincan.audio
12199,1586916686.250206,0,com.apple.powerd
12229,1586950615.700622,0,com.apple.UpNextWidget.extension
12230,1586950615.701332,0,com.burbn.instagram.notificationextension
12233,1586954180.1581092,0,nesessionmanager
12240,1586967457.1100192,0,navd
12241,1586967486.027608,0,com.apple.private.alloy.maps.sync
12245,1586971715.778079,0,com.apple.imdpersistence.IMDPersistenceAgent
12249,1586989872.3740792,0,keybagd
12250,1586989872.3749712,0,nfcd
12261,1587000350.605782,0,powerlogHelperd
12262,1587000350.6417942,0,com.apple.PerfPowerServicesSignpostReader
12263,1587000356.933561,0,Backup
12264,1587000638.194243,0,com.apple.nsurlsessiond
12265,1587000698.2777572,0,com.apple.Safari.SafeBrowsing
12266,1587000698.277862,0,com.apple.EmailDaemon
12267,1587000698.2779212,0,com.apple.GeoServices
12268,1587000698.277976,0,com.apple.newsdaemon
12269,1587001018.0528002,0,com.apple.siri.embeddedspeech
12270,1587001018.052877,0,com.apple.AssistantServices
12271,1587001018.1187081,0,parsec-fbf
12272,1587001331.1845531,0,AssertionPID-1344
12273,1587001526.13626,0,com.apple.SystemCustomization
12274,1587001638.0650442,0,AssertionPID-1345
12275,1587001638.0882401,0,WirelessRadioManagerd
12276,1587001638.0885,0,cfprefsd
12277,1587001844.893445,0,com.apple.shortcuts
12278,1587003453.935105,0,wifianalyticsd
12279,1587005983.7810771,0,com.apple.trustd
12280,1587006808.2126303,0,com.apple.Accounts
12281,1587010238.2219832,0,softwareupdateservicesd
12282,1587011186.230117,0,pipelined
12283,1587011186.441648,0,securityuploadd
12284,1587017684.568038,0,com.apple.CoreSuggestions
12285,1587020254.722372,0,com.apple.storebookkeeper
12286,1587021975.309935,0,AssertionPID-1373
12287,1587022739.439424,0,com.apple.imagent
12288,1587022739.439716,0,AssertionPID-1374
12289,1587023618.8857942,0,mlmodelingd
12290,1587024110.2843611,0,com.apple.OTACrashCopier
12291,1587024263.342178,0,com.apple.private.alloy.messages
12292,1587025598.848546,0,AssertionPID-1381
12293,1587025598.8650382,0,CacheDeleteDaily
12294,1587025598.8842173,0,mobile.cache_delete_daily
12295,1587025598.920713,0,com.apple.siri-d
12296,1587035081.046509,0,WirelessRadioManager
12297,1587037456.806101,0,nehelper
12298,1587037477.388986,0,com.apple.PassbookRelevancy
12299,1587037704.5991092,0,com.apple.private.alloy.quickboard.classa
12300,1587037764.9004679,0,com.apple.CloudDocsUI.CloudSharing
12301,1587037764.902081,0,nearbyd
12302,1587038072.272335,0,AssertionPID-1428
12303,1587038072.2724032,0,AssertionPID-1420
12304,1587038379.9255521,0,com.toyopagroup.picaboo.notification
12305,1587038379.9259062,0,com.apple.iMessageAppsViewService
12306,1587038920.7085562,0,com.hammerandchisel.discord
12307,1587038969.1576033,0,net.kortina.labs.Venmo
12308,1587038995.4612093,0,cfprefsd.xpc.daemon
12309,1587039120.948617,0,com.apple.mobilenotes
12310,1587039138.061763,0,com.apple.stocks
12311,1587039143.9977622,0,com.apple.private.alloy.tccd.sync
12312,1587039144.0090752,0,com.apple.private.alloy.pcskey.sync
12313,1587039303.9668813,0,AssertionPID-1631
12314,1587039304.040101,0,AssertionPID-1632
12315,1587039304.2923312,0,mediaartworkd
12316,1587039304.292375,0,ap.adservicesd
12317,1587039304.292408,0,com.apple.AppStore.ProductPageExtension
12318,1587039304.2924433,0,com.apple.ios.StoreKitUIService
12319,1587039304.5536911,0,adservicesd
12320,1587039438.1351852,0,com.apple.assistant.assistantd
12321,1587039487.5516152,0,com.apple.swcd
12322,1587042477.9365563,0,com.apple.private.alloy.siri.proxy
12323,1587044291.7443502,0,suggestd
12324,1587045848.629182,0,analyticsd
12325,1587045848.65694,0,signpost.signpost_reporter
12326,1587046093.3102403,0,com.apple.geod
12327,1587048478.123703,0,com.apple.private.alloy.apppredictionsync
12328,1587051219.697523,0,com.apple.CoreTelephony
12329,1587051307.8099222,0,com.apple.health.HealthPluginHost
12330,1587051614.9035072,0,splashboardd
12331,1587051614.9036682,0,druid
12332,1587051614.9037502,0,com.apple.SharingXPCHelper
12333,1587051942.824578,0,com.apple.MTLCompilerService
12334,1587051942.9436011,0,abm-helper
12335,1587051942.943653,0,photos.ImageConversionService
12336,1587051942.9436991,0,sysdiagnose_helper
12337,1587052250.048181,0,lockdownd
12338,1587052250.0482512,0,CacheDeleteAppContainerCaches
12339,1587052250.0792122,0,mobile.installd
12340,1587052250.079268,0,mobile.assertion_agent
12341,1587052250.0793052,0,voicememod
12342,1587052250.0793352,0,mobile.notification_proxy
12343,1587052250.0793743,0,afcd
12344,1587052250.079411,0,mobile.installation_proxy
12345,1587052508.074326,0,com.apple.companionappd
12346,1587053081.2241552,0,deleted_helper
12347,1587053081.2258341,0,diagnosticextensionsd
12348,1587053081.225912,0,nanonewscd
12349,1587053081.2259622,0,ap.adprivacyd
12350,1587053081.226027,0,mediastream.mstreamd
12351,1587053081.2260942,0,com.apple.siri.context.service
12352,1587053081.2261662,0,ptpcamerad
12353,1587053081.2262151,0,ReportMemoryException
12354,1587053081.2262702,0,com.apple.siri-distributed-evaluation
12355,1587053081.2263432,0,UsageTrackingAgent
12356,1587053081.226397,0,DataDetectorsSourceAccess
12357,1587053081.2264721,0,replayd
12358,1587053081.226522,0,coresymbolicationd
12359,1587053081.226576,0,siriknowledged
12360,1587053081.226624,0,pasteboard.pasted
12361,1587053081.2266712,0,recentsd
12362,1587053081.2267213,0,mobile.cache_delete_mobile_backup
12363,1587053081.2267752,0,quicklook.ThumbnailsAgent
12364,1587053081.2268372,0,avatarsd
12365,1587053081.2268963,0,SafariBookmarksSyncAgent
12366,1587053081.2269492,0,progressd
12367,1587053081.524445,0,NPKCompanionAgen
12368,1587053081.5254483,0,nanoweatherprefs
12369,1587053552.8961883,0,com.apple.FileProvider.LocalStorage
12370,1587053552.8964143,0,spindump
12371,1587053552.8964422,0,5C27624-C868-493D-9528-437515114967
12372,1587053552.8964672,0,purplebuddy.budd
12373,1587053552.896501,0,ndoagent
12374,1587053552.8965812,0,metrickitd
12375,1587053552.928482,0,dropbearmulti
12376,1587053552.9285293,0,tar
12377,1587053553.101335,0,captiveagent
12378,1587055450.253359,0,FF2DBF7-A9B2-4262-9431-878830DC01DB
