ID,FK_ID,ChildNodeID,value
16027,22611,10052,100
16028,22612,10052,100
16029,22613,10202,50
16030,22613,10052,50
16031,22614,10202,50
16032,22614,10052,50
16033,22615,10052,100
16034,22616,10052,100
16035,22619,10254,100
16036,22620,10254,100
16037,22623,10202,100
16038,22624,10202,100
16039,22627,10052,100
16040,22628,10052,100
16041,22631,10052,100
16042,22632,10052,100
16043,22635,10254,100
16044,22636,10254,100
16045,22639,10202,100
16046,22640,10202,100
16047,22643,10052,100
16048,22644,10052,100
16049,22647,10254,100
16050,22648,10254,100
16051,22651,10052,100
16052,22652,10052,100
16053,22653,10202,50
16054,22653,10052,50
16055,22654,10202,50
16056,22654,10052,50
16057,22655,10202,100
16058,22656,10202,100
16059,22659,10052,100
16060,22660,10052,100
16061,22663,10254,100
16062,22664,10254,100
16063,22667,10052,100
16064,22668,10052,100
16065,22671,10052,100
16066,22672,10052,100
16067,22673,10202,50
16068,22673,10052,50
16069,22674,10202,50
16070,22674,10052,50
16071,22675,10052,100
16072,22676,10052,100
16073,22679,10254,100
16074,22680,10254,100
16075,22683,10202,100
16076,22684,10202,100
16077,22685,10202,50
16078,22685,10052,50
16079,22686,10202,50
16080,22686,10052,50
16081,22687,10052,100
16082,22688,10052,100
16083,22691,10052,100
16084,22692,10052,100
16085,22695,10254,100
16086,22696,10254,100
16087,22699,10202,100
16088,22700,10202,100
16089,22703,10052,100
16090,22704,10052,100
16091,22707,12026,100
16092,22708,12026,100
16093,22712,10005,100
16094,22713,10254,100
16095,22714,10254,100
16096,22717,10202,100
16097,22718,10202,100
16098,22721,10202,100
16099,22722,10202,100
16100,22725,10052,100
16101,22726,10052,100
16102,22730,10005,100
16103,22731,10202,100
16104,22732,10202,100
16105,22735,10254,100
16106,22736,10254,100
16107,22739,10047,100
16108,22740,10364,100
16109,22741,10364,100
16110,22745,10202,100
16111,22746,10202,100
16112,22749,10047,100
16113,22751,10047,100
16114,22753,10052,100
16115,22754,10052,100
16116,22758,10005,100
16117,22759,10047,100
16118,22761,10364,100
16119,22762,10364,100
16120,22765,10254,100
16121,22766,10254,100
16122,22769,10036,100
16123,22770,10364,100
16124,22771,10364,100
16125,22774,10036,50
16126,22774,10508,50
16127,22775,10020,100
16128,22776,10047,100
16129,22777,10254,100
16130,22778,10254,100
16131,22783,10047,100
16132,22784,10364,100
16133,22785,10364,100
16134,22790,10202,100
16135,22791,10202,100
16136,22794,10005,100
16137,22796,10005,100
16138,22798,10005,100
16139,22800,10005,100
16140,22801,10202,100
16141,22802,10202,100
16142,22805,10052,100
16143,22806,10052,100
16144,22809,10254,100
16145,22810,10254,100
16146,22813,10047,100
16147,22814,10364,100
16148,22815,10364,100
16149,22819,10047,100
16150,22821,10047,100
16151,22823,10047,100
16152,22825,10047,100
16153,22827,10047,100
16154,22828,10245,100
16155,22829,10364,100
16156,22830,10364,100
16157,22833,10047,100
16158,22834,10053,100
16159,22835,10976,100
16160,22836,10976,100
16161,22839,11245,100
16162,22840,10053,100
16163,22841,11245,100
16164,22842,10053,100
16165,22843,10052,100
16166,22844,10052,100
16167,22847,10248,100
16168,22848,10053,100
16169,22849,10508,100
16170,22850,10047,100
16171,22851,10508,100
16172,22852,10364,100
16173,22853,10364,100
16174,22856,10363,100
16175,22857,10248,100
16176,22858,10369,100
16177,22859,10248,100
16178,22860,10053,100
16179,22862,10202,100
16180,22863,10202,100
16181,22864,10202,50
16182,22864,10052,50
16183,22865,10202,50
16184,22865,10052,50
16185,22866,10202,100
16186,22867,10202,100
16187,22868,10202,50
16188,22868,10052,50
16189,22869,10202,50
16190,22869,10052,50
16191,22870,10202,100
16192,22871,10202,100
16193,22872,10202,50
16194,22872,10052,50
16195,22873,10202,50
16196,22873,10052,50
16197,22874,10202,100
16198,22875,10202,100
16199,22876,10202,50
16200,22876,10052,50
16201,22877,10202,50
16202,22877,10052,50
16203,22878,10202,100
16204,22879,10202,100
16205,22882,10202,100
16206,22883,10202,100
16207,22886,10047,100
16208,22887,10364,100
16209,22888,10364,100
16210,22892,10047,100
16211,22894,10364,100
16212,22895,10364,100
16213,22898,10254,100
16214,22899,10254,100
16215,22902,10202,100
16216,22903,10202,100
16217,22906,10047,100
16218,22908,10364,100
16219,22909,10364,100
16220,22912,10052,100
16221,22913,10052,100
16222,22916,10036,100
16223,22917,10364,100
16224,22918,10364,100
16225,22921,10036,50
16226,22921,10508,50
16227,22922,10047,100
16228,22923,10254,100
16229,22924,10254,100
16230,22928,10254,100
16231,22929,10254,100
16232,22932,10036,100
16233,22933,10364,100
16234,22934,10364,100
16235,22937,10036,50
16236,22937,10508,50
16237,22938,10047,100
16238,22939,10254,100
16239,22940,10254,100
16240,22943,10245,100
16241,22944,10047,100
16242,22945,10053,100
16243,22946,10976,100
16244,22947,10976,100
16245,22950,10508,100
16246,22951,10053,100
16247,22953,10202,100
16248,22954,10202,100
16249,22957,10047,100
16250,22959,10364,100
16251,22960,10364,100
16252,22963,10052,100
16253,22964,10052,100
16254,22967,10254,100
16255,22968,10254,100
16256,22971,10202,100
16257,22972,10202,100
16258,22975,10047,100
16259,22976,10052,100
16260,22977,10052,100
16261,22980,10364,100
16262,22981,10364,100
16263,22986,10005,100
16264,22987,10254,100
16265,22988,10254,100
16266,22991,10202,100
16267,22992,10202,100
16268,22995,10047,100
16269,22996,10364,100
16270,22997,10364,100
16271,23001,10254,100
16272,23002,10254,100
16273,23006,10005,100
16274,23008,10005,100
16275,23010,10047,100
16276,23011,10052,100
16277,23012,10052,100
16278,23013,10052,50
16279,23013,10364,50
16280,23014,10052,50
16281,23014,10364,50
16282,23015,10364,100
16283,23016,10364,100
16284,23020,10005,100
16285,23021,10254,100
16286,23022,10254,100
16287,23025,10202,100
16288,23026,10202,100
16289,23029,10052,100
16290,23030,10052,100
16291,23033,10052,100
16292,23034,10052,100
16293,23037,10047,100
16294,23038,10364,100
16295,23039,10364,100
16296,23043,10202,100
16297,23044,10202,100
16298,23047,10254,100
16299,23048,10254,100
16300,23051,10254,100
16301,23052,10254,100
16302,23056,10005,100
16303,23058,10005,100
16304,23059,10254,100
16305,23060,10254,100
16306,23063,10254,100
16307,23064,10254,100
16308,23067,10052,100
16309,23068,10052,100
16310,23071,10052,100
16311,23072,10052,100
16312,23075,10052,100
16313,23076,10052,100
16314,23079,10052,100
16315,23080,10052,100
16316,23081,10202,50
16317,23081,10052,50
16318,23082,10202,50
16319,23082,10052,50
16320,23083,10052,100
16321,23084,10052,100
16322,23085,12026,50
16323,23085,10052,50
16324,23086,12026,50
16325,23086,10052,50
16326,23087,10052,100
16327,23088,10052,100
16328,23090,10005,100
16329,23092,10005,100
16330,23094,10047,100
16331,23095,10052,50
16332,23095,10364,50
16333,23096,10052,50
16334,23096,10364,50
16335,23097,10052,100
16336,23098,10052,100
16337,23100,10005,100
16338,23101,10047,100
16339,23102,10052,50
16340,23102,10364,50
16341,23103,10052,50
16342,23103,10364,50
16343,23104,10052,100
16344,23105,10052,100
16345,23107,10499,50
16346,23107,10052,50
16347,23108,10499,50
16348,23108,10052,50
16349,23109,10052,100
16350,23110,10052,100
16351,23111,10047,100
16352,23112,10245,100
16353,23113,10052,50
16354,23113,10364,50
16355,23114,10052,50
16356,23114,10364,50
16357,23115,10052,100
16358,23116,10052,100
16359,23117,10047,100
16360,23118,10053,100
16361,23119,10052,50
16362,23119,10976,50
16363,23120,10052,50
16364,23120,10976,50
16365,23121,10052,100
16366,23122,10052,100
16367,23123,10318,100
16368,23124,10202,50
16369,23124,10052,50
16370,23125,10202,50
16371,23125,10052,50
16372,23126,10052,100
16373,23127,10052,100
16374,23128,10254,50
16375,23128,10052,50
16376,23129,10254,50
16377,23129,10052,50
16378,23130,10052,100
16379,23131,10052,100
16380,23132,10202,50
16381,23132,10052,50
16382,23133,10202,50
16383,23133,10052,50
16384,23134,10052,100
16385,23135,10052,100
16386,23138,10202,100
16387,23139,10202,100
16388,23142,10052,100
16389,23143,10052,100
16390,23146,10053,100
16391,23147,10202,100
16392,23148,10202,100
16393,23151,10254,100
16394,23152,10254,100
16395,23155,11101,100
16396,23156,10202,100
16397,23157,10202,100
16398,23160,10053,100
16399,23161,11101,100
16400,23162,10052,100
16401,23163,10052,100
16402,23166,10499,100
16403,23167,10499,100
16404,23170,10499,100
16405,23171,10499,100
16406,23174,10499,100
16407,23175,10499,100
16408,23178,10053,100
16409,23179,11101,100
16410,23180,10053,100
16411,23181,10427,100
16412,23182,10427,100
16413,23183,10427,100
16414,23184,10427,100
16415,23185,10427,100
16416,23186,10427,100
16417,23189,10427,100
16418,23190,10427,100
16419,23193,10427,100
16420,23194,10427,100
16421,23195,10427,100
16422,23196,10053,100
16423,23203,10202,100
16424,23204,10202,100
16425,23207,10198,100
16426,23208,10053,100
16427,23209,12185,100
16428,23210,10369,100
16429,23211,10052,100
16430,23212,10052,100
16431,23215,12185,100
16432,23216,10202,100
16433,23217,10202,100
16434,23221,10005,100
16435,23222,10499,100
16436,23223,10499,100
16437,23226,10202,100
16438,23227,10202,100
16439,23230,10499,100
16440,23231,10499,100
16441,23234,10053,100
16442,23235,10202,100
16443,23236,10202,100
16444,23239,11245,100
16445,23240,10053,100
16446,23241,10198,100
16447,23242,10053,100
16448,23243,12186,100
16449,23244,10053,100
16450,23245,12187,100
16451,23246,10052,100
16452,23247,10052,100
16453,23250,10053,100
16454,23251,10254,100
16455,23252,10254,100
16456,23255,12187,100
16457,23256,10053,100
16458,23257,12186,100
16459,23258,10053,100
16460,23259,12186,100
16461,23260,10499,100
16462,23261,10499,100
16463,23264,10499,100
16464,23265,10499,100
16465,23268,10053,100
16466,23269,12185,100
16467,23270,10052,100
16468,23271,10052,100
16469,23274,10053,100
16470,23275,10265,100
16471,23276,10053,100
16472,23277,12185,100
16473,23278,10053,100
16474,23279,10202,100
16475,23280,10202,100
16476,23283,10248,100
16477,23284,10053,100
16478,23285,12185,100
16479,23286,10052,100
16480,23287,10052,100
16481,23290,10053,100
16482,23291,10202,100
16483,23292,10202,100
16484,23296,10976,100
16485,23297,10976,100
16486,23300,10047,100
16487,23302,10364,100
16488,23303,10364,100
16489,23306,10047,100
16490,23308,10047,100
16491,23309,10202,100
16492,23310,10202,100
16493,23314,10047,100
16494,23329,10002,100
16495,23330,10016,100
16496,23331,12188,100
16497,23332,12188,100
16498,23334,10003,100
16499,23335,10202,100
16500,23336,10202,100
16501,23339,12195,100
16502,23340,12195,100
16503,23343,10254,100
16504,23344,10254,100
16505,23347,10052,100
16506,23348,10052,100
16507,23351,10202,100
16508,23352,10202,100
16509,23355,10052,100
16510,23356,10052,100
16511,23359,10254,100
16512,23360,10254,100
16513,23363,10052,100
16514,23364,10052,100
16515,23367,10364,100
16516,23368,10364,100
16517,23369,10052,50
16518,23369,10364,50
16519,23370,10052,50
16520,23370,10364,50
16521,23371,10364,100
16522,23372,10364,100
16523,23375,12206,100
16524,23376,12206,100
16525,23379,10254,100
16526,23380,10254,100
16527,23383,10052,100
16528,23384,10052,100
16529,23387,10202,100
16530,23388,10202,100
16531,23389,10202,50
16532,23389,10052,50
16533,23390,10202,50
16534,23390,10052,50
16535,23391,10202,100
16536,23392,10202,100
16537,23395,10254,100
16538,23396,10254,100
16539,23399,10202,100
16540,23400,10202,100
16541,23403,10052,100
16542,23404,10052,100
16543,23407,10254,100
16544,23408,10254,100
16545,23411,10202,100
16546,23412,10202,100
16547,23415,10052,100
16548,23416,10052,100
16549,23419,10254,100
16550,23420,10254,100
16551,23423,10052,100
16552,23424,10052,100
16553,23427,10052,100
16554,23428,10052,100
16555,23431,10254,100
16556,23432,10254,100
16557,23435,10052,100
16558,23436,10052,100
16559,23439,10202,100
16560,23440,10202,100
16561,23441,10202,50
16562,23441,10052,50
16563,23442,10202,50
16564,23442,10052,50
16565,23443,10052,100
16566,23444,10052,100
16567,23447,10254,100
16568,23448,10254,100
16569,23451,10052,100
16570,23452,10052,100
16571,23455,10254,100
16572,23456,10254,100
16573,23459,10052,100
16574,23460,10052,100
16575,23461,10202,50
16576,23461,10052,50
16577,23462,10202,50
16578,23462,10052,50
16579,23463,10202,100
16580,23464,10202,100
16581,23468,10254,100
16582,23469,10254,100
16583,23472,10005,100
16584,23474,10005,100
16585,23475,10047,100
16586,23476,10364,100
16587,23477,10364,100
16588,23481,10047,100
16589,23483,10047,100
16590,23485,12225,100
16591,23486,12225,100
16592,23489,10046,100
16593,23491,10046,100
16594,23493,10052,100
16595,23494,10052,100
16596,23497,10046,100
16597,23499,10046,100
16598,23501,10046,100
16599,23503,10254,100
16600,23504,10254,100
16601,23507,10046,100
16602,23509,10046,100
16603,23511,10202,100
16604,23512,10202,100
16605,23515,10052,100
16606,23516,10052,100
16607,23519,10052,100
16608,23520,10052,100
16609,23523,10047,100
16610,23524,10364,100
16611,23525,10364,100
16612,23529,10202,100
16613,23530,10202,100
16614,23533,10202,100
16615,23534,10202,100
16616,23537,10499,100
16617,23538,10499,100
16618,23541,10046,100
16619,23542,10499,100
16620,23543,10499,100
16621,23547,10046,100
16622,23548,10499,100
16623,23549,10499,100
16624,23553,10046,100
16625,23555,10202,100
16626,23556,10202,100
16627,23559,10254,100
16628,23560,10254,100
16629,23563,10046,100
16630,23565,10046,100
16631,23567,10499,100
16632,23568,10499,100
16633,23571,10046,100
16634,23572,12225,100
16635,23573,12225,100
16636,23577,10046,100
16637,23579,10046,100
16638,23580,10499,100
16639,23581,10499,100
16640,23584,12225,100
16641,23585,12225,100
16642,23588,10499,100
16643,23589,10499,100
16644,23592,12225,100
16645,23593,12225,100
16646,23596,10499,100
16647,23597,10499,100
16648,23600,10499,100
16649,23601,10499,100
16650,23604,10202,100
16651,23605,10202,100
16652,23608,12225,100
16653,23609,12225,100
16654,23612,10499,100
16655,23613,10499,100
16656,23616,10499,100
16657,23617,10499,100
16658,23620,12225,100
16659,23621,12225,100
16660,23624,10499,100
16661,23625,10499,100
16662,23628,10202,100
16663,23629,10202,100
16664,23633,12225,100
16665,23634,12225,100
16666,23637,10046,100
16667,23639,10046,100
16668,23641,10499,100
16669,23642,10499,100
16670,23645,10046,100
16671,23646,10499,100
16672,23647,10499,100
16673,23650,10254,100
16674,23651,10254,100
16675,23655,10046,100
16676,23657,10202,100
16677,23658,10202,100
16678,23661,10046,100
16679,23662,10499,100
16680,23663,10499,100
16681,23666,12225,100
16682,23667,12225,100
16683,23670,10499,100
16684,23671,10499,100
16685,23675,10499,100
16686,23676,10499,100
16687,23679,10046,100
16688,23680,10499,100
16689,23681,10499,100
16690,23686,10005,100
16691,23687,10202,100
16692,23688,10202,100
16693,23691,10046,100
16694,23693,10046,100
16695,23694,10052,100
16696,23695,10052,100
16697,23699,10046,100
16698,23701,10046,100
16699,23703,10046,100
16700,23705,10046,100
16701,23707,10046,100
16702,23709,10046,100
16703,23711,10046,100
16704,23713,10202,100
16705,23714,10202,100
16706,23717,10202,100
16707,23718,10202,100
16708,23721,10046,100
16709,23722,12225,100
16710,23723,12225,100
16711,23727,10499,100
16712,23728,10499,100
16713,23731,10046,100
16714,23733,10202,100
16715,23734,10202,100
16716,23737,10254,100
16717,23738,10254,100
16718,23741,10254,100
16719,23742,10254,100
16720,23745,10202,100
16721,23746,10202,100
16722,23749,10047,100
16723,23751,10047,100
16724,23752,10364,100
16725,23753,10364,100
16726,23757,10047,100
16727,23759,12225,100
16728,23760,12225,100
16729,23763,10046,100
16730,23765,10046,100
16731,23767,10046,100
16732,23768,10499,100
16733,23769,10499,100
16734,23773,10046,100
16735,23774,10499,100
16736,23775,10499,100
16737,23779,10202,100
16738,23780,10202,100
16739,23783,10046,100
16740,23784,10052,100
16741,23785,10052,100
16742,23789,10499,100
16743,23790,10499,100
16744,23793,10499,100
16745,23794,10499,100
16746,23797,10499,100
16747,23798,10499,100
16748,23801,10202,100
16749,23802,10202,100
16750,23805,10046,100
16751,23807,10046,100
16752,23809,10202,100
16753,23810,10202,100
16754,23813,10046,100
16755,23815,10046,100
16756,23817,10046,100
16757,23819,10254,100
16758,23820,10254,100
16759,23823,10046,100
16760,23824,10202,100
16761,23825,10202,100
16762,23828,10499,100
16763,23829,10499,100
16764,23833,10046,100
16765,23834,10499,100
16766,23835,10499,100
16767,23838,10052,100
16768,23839,10052,100
16769,23843,10046,100
16770,23844,10499,100
16771,23845,10499,100
16772,23848,12225,100
16773,23849,12225,100
16774,23853,10047,100
16775,23855,10364,100
16776,23856,10364,100
16777,23859,10047,100
16778,23860,10245,100
16779,23861,10202,100
16780,23862,10202,100
16781,23865,10047,100
16782,23866,10053,100
16783,23867,11467,100
16784,23868,10041,100
16785,23869,10749,100
16786,23870,10749,100
16787,23871,12238,100
16788,23872,10197,100
16789,23873,10197,100
16790,23874,10197,100
16791,23875,10040,100
16792,23876,10749,100
16793,23877,10749,50
16794,23877,11467,50
16795,23878,10990,100
16796,23879,10990,90
16797,23880,10749,50
16798,23880,10507,50
16799,23881,11470,100
16800,23882,11467,100
16801,23883,10507,100
16802,23884,10507,50
16803,23884,11467,50
16804,23885,10749,100
16805,23886,10749,100
16806,23887,10507,50
16807,23887,11470,50
16808,23888,11467,100
16809,23889,11470,100
16810,23890,10749,50
16811,23890,11467,50
16812,23891,10749,50
16813,23891,11470,50
16814,23892,10265,100
16815,23893,11468,100
16816,23894,11468,100
16817,23895,10749,100
16818,23896,10749,100
16819,23898,11467,100
16820,23899,11470,100
16821,23903,10202,100
16822,23904,10202,100
16823,23905,10202,100
16824,23907,10053,100
16825,23912,12206,100
16826,23913,12206,100
16827,23917,10005,100
16828,23918,10254,100
16829,23919,10254,100
16830,23922,10052,100
16831,23923,10052,100
16832,23926,10047,100
16833,23928,10364,100
16834,23929,10364,100
16835,23932,10047,100
16836,23934,10254,100
16837,23935,10254,100
16838,23938,10047,100
16839,23939,10245,100
16840,23940,10364,100
16841,23941,10364,100
16842,23944,10047,100
16843,23945,10245,100
16844,23946,10047,100
16845,23947,10053,100
16846,23948,12206,100
16847,23949,12206,100
16848,23952,10198,100
16849,23953,10053,100
16850,23955,10202,100
16851,23956,10202,100
16852,23959,10047,100
16853,23960,10364,100
16854,23961,10364,100
16855,23965,10047,100
16856,23967,10047,100
16857,23969,10047,100
16858,23970,10364,100
16859,23971,10364,100
16860,23975,10047,100
16861,23977,10047,100
16862,23979,10047,100
16863,23980,10055,100
16864,23982,10047,100
16865,23984,10364,100
16866,23985,10364,100
16867,23988,10254,100
16868,23989,10254,100
16869,23992,10254,100
16870,23993,10254,100
16871,23996,10254,100
16872,23997,10254,100
16873,24000,10052,100
16874,24001,10052,100
16875,24005,10005,100
16876,24007,10005,100
16877,24009,10005,100
16878,24011,10005,100
16879,24013,10005,100
16880,24015,10005,100
16881,24016,10254,100
16882,24017,10254,100
16883,24021,10005,100
16884,24023,10005,100
16885,24024,10202,100
16886,24025,10202,100
16887,24029,10005,100
16888,24031,10005,100
16889,24033,10005,100
16890,24035,10202,100
16891,24036,10202,100
16892,24039,10254,100
16893,24040,10254,100
16894,24043,10005,100
16895,24045,10005,100
16896,24047,10005,100
16897,24049,10047,100
16898,24050,10364,100
16899,24051,10364,100
16900,24055,10005,100
16901,24057,10254,100
16902,24058,10254,100
16903,24061,10254,100
16904,24062,10254,100
16905,24065,10047,100
16906,24066,10052,100
16907,24067,10052,100
16908,24068,10052,50
16909,24068,10364,50
16910,24069,10052,50
16911,24069,10364,50
16912,24070,10364,100
16913,24071,10364,100
16914,24075,10005,100
16915,24077,10052,100
16916,24078,10052,100
16917,24081,10052,100
16918,24082,10052,100
16919,24085,10005,100
16920,24087,10005,100
16921,24089,10047,100
16922,24090,10052,100
16923,24091,10052,100
16924,24092,10052,50
16925,24092,10364,50
16926,24093,10052,50
16927,24093,10364,50
16928,24094,10364,100
16929,24095,10364,100
16930,24099,10005,100
16931,24101,10005,100
16932,24103,10005,100
16933,24104,10254,100
16934,24105,10254,100
16935,24108,10254,100
16936,24109,10254,100
16937,24112,10202,100
16938,24113,10202,100
16939,24116,10047,100
16940,24118,10364,100
16941,24119,10364,100
16942,24122,10047,100
16943,24123,10364,100
16944,24124,10364,100
16945,24128,10047,100
16946,24129,10245,100
16947,24130,10047,100
16948,24131,10053,100
16949,24132,12206,100
16950,24133,12206,100
16951,24136,10265,100
16952,24137,10053,100
16953,24138,10336,100
16954,24139,10053,100
16955,24141,10499,100
16956,24142,10499,100
16957,24145,12225,100
16958,24146,12225,100
16959,24149,10046,100
16960,24151,10046,100
16961,24152,10499,100
16962,24153,10499,100
16963,24157,10052,100
16964,24158,10052,100
16965,24162,10254,100
16966,24163,10254,100
16967,24166,10005,100
16968,24168,10005,100
16969,24170,10005,100
16970,24171,10052,100
16971,24172,10052,100
16972,24173,10202,50
16973,24173,10052,50
16974,24174,10202,50
16975,24174,10052,50
16976,24175,10202,100
16977,24176,10202,100
16978,24179,10254,100
16979,24180,10254,100
16980,24183,10202,100
16981,24184,10202,100
16982,24187,10052,100
16983,24188,10052,100
16984,24191,10052,100
16985,24192,10052,100
16986,24195,10052,100
16987,24196,10052,100
16988,24199,10254,100
16989,24200,10254,100
16990,24203,10047,100
16991,24204,10364,100
16992,24205,10364,100
16993,24209,10052,100
16994,24210,10052,100
16995,24213,10202,100
16996,24214,10202,100
16997,24217,12188,100
16998,24218,12188,100
16999,24221,12263,100
17000,24222,12263,100
17001,24223,10003,100
17002,24225,10254,100
17003,24226,10254,100
17004,24229,12273,100
17005,24230,12273,100
17006,24233,10202,100
17007,24234,10202,100
17008,24237,10254,100
17009,24238,10254,100
17010,24241,10052,100
17011,24242,10052,100
17012,24245,10254,100
17013,24246,10254,100
17014,24249,10052,100
17015,24250,10052,100
17016,24253,10202,100
17017,24254,10202,100
17018,24257,10052,100
17019,24258,10052,100
17020,24261,10254,100
17021,24262,10254,100
17022,24265,10052,100
17023,24266,10052,100
17024,24269,10202,100
17025,24270,10202,100
17026,24273,10254,100
17027,24274,10254,100
17028,24277,10202,100
17029,24278,10202,100
17030,24281,10052,100
17031,24282,10052,100
17032,24285,10254,100
17033,24286,10254,100
17034,24289,10202,100
17035,24290,10202,100
17036,24293,10052,100
17037,24294,10052,100
17038,24297,10052,100
17039,24298,10052,100
17040,24301,10202,100
17041,24302,10202,100
17042,24305,10254,100
17043,24306,10254,100
17044,24309,10052,100
17045,24310,10052,100
17046,24313,10254,100
17047,24314,10254,100
17048,24317,10202,100
17049,24318,10202,100
17050,24321,10052,100
17051,24322,10052,100
17052,24325,10254,100
17053,24326,10254,100
17054,24329,10202,100
17055,24330,10202,100
17056,24333,10254,100
17057,24334,10254,100
17058,24337,10047,100
17059,24339,10364,100
17060,24340,10364,100
17061,24343,10499,100
17062,24344,10499,100
17063,24347,10047,100
17064,24348,10364,100
17065,24349,10364,100
17066,24353,10499,100
17067,24354,10499,100
17068,24357,10254,100
17069,24358,10254,100
17070,24361,10047,100
17071,24362,10364,100
17072,24363,10364,100
17073,24367,10047,100
17074,24369,10364,100
17075,24370,10364,100
17076,24373,10047,100
17077,24374,10245,100
17078,24375,10047,100
17079,24376,10053,100
17080,24377,12298,100
17081,24378,12298,100
17082,24381,11855,100
17083,24382,11855,100
17084,24383,10053,100
17085,24384,10265,100
17086,24385,10052,100
17087,24386,10052,100
17088,24389,10363,100
17089,24390,11855,100
17090,24391,10364,100
17091,24392,10364,100
17092,24395,10053,100
17093,24396,11069,100
17094,24397,10052,100
17095,24398,10052,100
17096,24401,10202,100
17097,24402,10202,100
17098,24405,11069,100
17099,24406,11069,100
17100,24409,10053,100
17101,24410,10569,100
17102,24411,10053,100
17103,24412,10570,100
17104,24413,10053,100
17105,24414,10645,100
17106,24415,10645,100
17107,24416,10645,100
17108,24417,10645,100
17109,24421,10645,100
17110,24422,10645,100
17111,24423,10645,100
17112,24424,10036,100
17113,24425,10645,50
17114,24425,10036,50
17115,24426,10645,100
17116,24428,10645,100
17117,24429,10645,100
17118,24430,10040,100
17119,24431,10645,100
17120,24433,11855,100
17121,24434,10053,100
17122,24435,10040,100
17123,24438,10645,100
17124,24441,10645,100
17125,24442,10645,100
17126,24443,10645,100
17127,24448,10265,100
17128,24449,10053,100
17129,24450,10198,100
17130,24451,10053,100
17131,24452,11069,100
17132,24453,10053,100
17133,24454,10567,100
17134,24455,10567,100
17135,24456,10567,100
17136,24457,10567,100
17137,24461,10567,100
17138,24462,10567,100
17139,24463,10567,100
17140,24467,10567,100
17141,24468,10567,100
17142,24471,10567,100
17143,24472,10567,100
17144,24473,10567,100
17145,24477,10567,100
17146,24478,10567,100
17147,24479,10567,100
17148,24483,10567,100
17149,24484,10567,100
17150,24485,10567,100
17151,24489,10567,100
17152,24490,10567,100
17153,24491,10567,100
17154,24495,10567,100
17155,24496,10567,100
17156,24497,10567,100
17157,24501,10567,100
17158,24502,10567,100
17159,24503,10567,100
17160,24507,10567,100
17161,24508,10567,100
17162,24509,10567,100
17163,24513,10567,100
17164,24514,10567,100
17165,24515,10567,100
17166,24516,10567,100
17167,24517,10567,100
17168,24520,10567,100
17169,24521,10567,100
17170,24524,10053,100
17171,24525,10567,100
17172,24526,10567,100
17173,24527,10567,100
17174,24530,10567,100
17175,24531,10567,100
17176,24534,10567,100
17177,24535,10567,100
17178,24538,10567,100
17179,24539,10567,100
17180,24545,10567,100
17181,24546,10567,100
17182,24547,10567,100
17183,24551,10567,100
17184,24552,10567,100
17185,24553,10567,100
17186,24554,10567,100
17187,24555,10567,100
17188,24558,10567,100
17189,24559,10567,100
17190,24565,10053,100
17191,24566,10583,100
17192,24567,10053,100
17193,24568,10584,100
17194,24569,10053,100
17195,24570,10582,100
17196,24571,10053,100
17197,24572,10578,100
17198,24573,10578,100
17199,24574,10578,100
17200,24575,10578,100
17201,24576,10053,100
17202,24577,10574,100
17203,24578,10053,100
17204,24582,11488,100
17205,24583,11488,100
17206,24584,11488,100
17207,24585,11488,100
17208,24589,11488,100
17209,24590,11488,100
17210,24591,11488,100
17211,24595,11488,100
17212,24596,11488,100
17213,24599,11488,100
17214,24600,11488,100
17215,24601,10053,100
17216,24602,10492,100
17217,24605,10053,100
17218,24606,10570,100
17219,24607,10053,100
17220,24608,10573,100
17221,24609,10202,100
17222,24610,10202,100
17223,24613,10573,100
17224,24614,10573,100
17225,24617,10573,100
17226,24618,10573,100
17227,24619,10053,100
17228,24620,10454,100
17229,24623,10053,100
17230,24624,10562,100
17231,24625,10053,100
17232,24626,10495,100
17233,24627,10053,100
17234,24628,10618,100
17235,24629,10053,100
17236,24630,10459,100
17237,24631,10053,100
17238,24632,10451,100
17239,24633,10053,100
17240,24634,10475,100
17241,24635,10053,100
17242,24636,10449,100
17243,24637,10053,100
17244,24638,12306,100
17245,24639,10053,100
17246,24640,10052,100
17247,24641,10052,100
17248,24644,11245,100
17249,24645,10053,100
17250,24646,11247,100
17251,24647,10053,100
17252,24648,11246,100
17253,24649,10053,100
17254,24650,12186,100
17255,24651,10053,100
17256,24652,11486,100
17257,24653,10053,100
17258,24654,12307,100
17259,24655,10053,100
17260,24656,12307,100
17261,24657,12307,100
17262,24658,12307,100
17263,24662,12307,100
17264,24663,12307,100
17265,24664,12307,100
17266,24668,10336,100
17267,24669,10053,100
17268,24670,10353,100
17269,24671,10053,100
17270,24672,10508,100
17271,24673,10053,100
17272,24674,10574,100
17273,24675,10053,100
17274,24676,11866,100
17275,24677,10053,100
17276,24678,11863,100
17277,24679,10053,100
17278,24680,10493,100
17279,24681,10053,100
17280,24682,10496,100
17281,24683,10053,100
17282,24684,10560,100
17283,24685,10052,100
17284,24686,10052,100
17285,24689,10560,100
17286,24690,10560,100
17287,24691,10560,100
17288,24692,10053,100
17289,24696,10357,100
17290,24697,10053,100
17291,24698,12309,100
17292,24699,10053,100
17293,24700,10227,100
17294,24701,10053,100
17295,24702,10213,100
17296,24703,10560,100
17297,24704,10053,100
17298,24705,10197,100
17299,24706,10053,100
17300,24707,10085,100
17301,24708,10197,100
17302,24709,10197,100
17303,24710,10197,100
17304,24714,10053,100
17305,24715,10395,100
17306,24716,10053,100
17307,24717,11858,100
17308,24718,10053,100
17309,24719,10289,100
17310,24720,10053,100
17311,24721,10198,100
17312,24722,10053,100
17313,24723,10052,100
17314,24724,10052,100
17315,24727,10052,100
17316,24728,10052,100
17317,24731,10052,100
17318,24732,10052,100
17319,24735,10198,100
17320,24736,10198,100
17321,24738,10198,100
17322,24740,10560,100
17323,24741,10053,100
17324,24742,10363,100
17325,24743,10364,100
17326,24744,10364,100
17327,24745,10198,100
17328,24748,10053,100
17329,24749,10990,100
17330,24751,10008,100
17331,24752,10507,100
17332,24753,10008,50
17333,24753,10507,50
17334,24754,10053,100
17335,24755,10507,100
17336,24757,10560,100
17337,24759,10202,100
17338,24760,10202,100
17339,24761,10202,50
17340,24761,10052,50
17341,24762,10202,50
17342,24762,10052,50
17343,24763,10202,100
17344,24764,10202,100
17345,24767,10499,100
17346,24768,10499,100
17347,24771,10499,100
17348,24772,10499,100
17349,24775,10254,100
17350,24776,10254,100
17351,24780,10052,100
17352,24781,10052,100
17353,24784,10005,100
17354,24786,10005,100
17355,24788,10005,100
17356,24790,10005,100
17357,24792,10005,100
17358,24793,10052,100
17359,24794,10052,100
17360,24798,10005,100
17361,24799,10047,100
17362,24800,10245,100
17363,24801,10047,100
17364,24802,10053,100
17365,24803,10364,100
17366,24804,10364,100
17367,24807,12298,100
17368,24808,12298,100
17369,24811,10265,100
17370,24812,10053,100
17371,24813,10496,100
17372,24814,10053,100
17373,24815,12185,100
17374,24816,10052,100
17375,24817,10052,100
17376,24820,10499,100
17377,24821,10499,100
17378,24824,10369,100
17379,24825,10052,100
17380,24826,10052,100
17381,24829,12185,100
17382,24830,10053,100
17383,24831,10336,100
17384,24832,10353,100
17385,24833,10052,100
17386,24834,10052,100
17387,24837,10363,100
17388,24838,12185,100
17389,24839,10364,100
17390,24840,10364,100
17391,24843,10254,100
17392,24844,10254,100
17393,24847,10053,100
17394,24848,10336,100
17395,24849,10053,100
17396,24850,10052,100
17397,24851,10052,100
17398,24854,12185,100
17399,24855,10560,50
17400,24855,12185,50
17401,24857,12185,100
17402,24858,10052,100
17403,24859,10052,100
17404,24862,10052,100
17405,24863,10052,100
17406,24866,10052,100
17407,24867,10052,100
17408,24871,10052,100
17409,24872,10052,100
17410,24875,10052,100
17411,24876,10052,100
17412,24879,10052,100
17413,24880,10052,100
17414,24881,10560,100
17415,24882,12185,100
17416,24883,10499,50
17417,24883,10052,50
17418,24884,10499,50
17419,24884,10052,50
17420,24885,10052,100
17421,24886,10052,100
17422,24887,10560,50
17423,24887,12185,50
17424,24888,10560,100
17425,24889,10053,100
17426,24890,10508,100
17427,24891,10053,100
17428,24894,10052,100
17429,24895,10052,100
17430,24898,10052,100
17431,24899,10052,100
17432,24902,10052,100
17433,24903,10052,100
17434,24907,10047,100
17435,24908,10364,100
17436,24909,10364,100
17437,24913,10254,100
17438,24914,10254,100
17439,24917,10254,100
17440,24918,10254,100
17441,24921,10047,100
17442,24922,10364,100
17443,24923,10364,100
17444,24927,10047,100
17445,24928,10364,100
17446,24929,10364,100
17447,24933,10047,100
17448,24935,10245,100
17449,24936,10047,100
17450,24937,10053,100
17451,24938,12298,100
17452,24939,12298,100
17453,24942,12185,100
17454,24943,12328,100
17455,24944,12328,100
17456,24947,10499,100
17457,24948,10499,100
17458,24951,10499,100
17459,24952,10499,100
17460,24955,12185,100
17461,24956,12185,100
17462,24957,12185,100
17463,24962,10053,100
17464,24963,12185,100
17465,24964,10053,100
17466,24965,12185,100
17467,24966,10254,100
17468,24967,10254,100
17469,24970,10053,100
17470,24971,11859,100
17471,24972,10053,100
17472,24973,10052,100
17473,24974,10052,100
17474,24977,10052,100
17475,24978,10052,100
17476,24981,10052,100
17477,24982,10052,100
17478,24985,10052,100
17479,24986,10052,100
17480,24987,10395,100
17481,24988,10395,100
17482,24989,10053,100
17483,24990,10040,100
17484,24991,10499,50
17485,24991,10052,50
17486,24992,10499,50
17487,24992,10052,50
17488,24993,10052,100
17489,24994,10052,100
17490,24995,10198,100
17491,24996,10053,100
17492,24997,10363,100
17493,24998,10052,50
17494,24998,10364,50
17495,24999,10052,50
17496,24999,10364,50
17497,25000,10198,100
17498,25001,10052,100
17499,25002,10052,100
17500,25003,10053,100
17501,25004,10198,100
17502,25005,10198,100
17503,25006,10040,100
17504,25007,10053,100
17505,25008,10202,50
17506,25008,10052,50
17507,25009,10202,50
17508,25009,10052,50
17509,25010,10052,100
17510,25011,10052,100
17511,25014,10202,100
17512,25015,10202,100
17513,25018,11859,100
17514,25019,10053,100
17515,25020,10395,100
17516,25021,10395,100
17517,25022,10040,100
17518,25023,10053,100
17519,25024,10055,100
17520,25025,10053,100
17521,25026,10265,100
17522,25027,10053,100
17523,25028,10055,100
17524,25029,10053,100
17525,25030,10567,100
17526,25031,10567,100
17527,25032,10567,100
17528,25033,10567,100
17529,25037,10567,100
17530,25038,10567,100
17531,25041,10567,100
17532,25042,10567,100
17533,25045,10567,100
17534,25046,10567,100
17535,25047,10567,100
17536,25051,10053,100
17537,25052,11069,100
17538,25053,10053,100
17539,25054,12185,100
17540,25055,12185,100
17541,25056,12185,100
17542,25057,12185,100
17543,25061,12185,100
17544,25062,12185,100
17545,25065,10053,100
17546,25066,10395,100
17547,25067,10052,100
17548,25068,10052,100
17549,25071,10053,100
17550,25072,10202,100
17551,25073,10202,100
17552,25076,10202,100
17553,25077,10202,100
17554,25080,10202,100
17555,25081,10202,100
17556,25084,10254,100
17557,25085,10254,100
17558,25088,10202,100
17559,25089,10202,100
17560,25090,10202,50
17561,25090,10052,50
17562,25091,10202,50
17563,25091,10052,50
17564,25092,10202,100
17565,25093,10202,100
17566,25096,10254,100
17567,25097,10254,100
17568,25100,10202,100
17569,25101,10202,100
