ID,FK_ID,ChildNodeID,value
17510,32887,1,1
17511,32889,1,1
17512,32891,1,1
17513,32893,1,1
17514,32895,1,1
17515,32897,1,1
17516,32899,1,1
17517,32901,1,1
17518,32903,1,1
17519,32905,1,1
17520,32907,1,1
17521,32909,1,1
17522,32911,1,1
17523,32913,1,1
17524,32915,1,1
17525,32917,1,1
17526,32919,1,1
17527,32921,1,1
17528,32923,1,1
17529,32925,1,1
17530,32927,1,1
17531,32929,1,1
17532,32931,1,1
17533,32933,1,1
17534,32935,1,1
17535,32937,1,1
17536,32939,1,1
17537,32941,1,1
17538,32943,1,1
17539,32945,1,1
17540,32947,1,1
17541,32949,1,1
17542,32951,1,1
17543,32953,1,1
17544,32955,1,1
17545,32957,1,1
17546,32959,1,1
17547,32961,1,1
17548,32963,1,1
17549,32965,1,1
17550,32967,1,1
17551,32969,1,1
17552,32971,1,1
17553,32973,1,1
17554,32975,1,1
17555,32977,1,1
17556,32979,1,1
17557,32981,1,1
17558,32983,1,1
17559,32985,1,1
17560,32987,1,1
17561,32989,1,1
17562,32991,1,1
17563,32993,1,1
17564,32995,1,1
17565,32997,1,1
17566,32999,1,1
17567,33001,1,1
17568,33003,1,1
17569,33005,1,1
17570,33007,1,1
17571,33009,1,1
17572,33011,1,1
17573,33013,1,1
17574,33015,1,1
17575,33017,1,1
17576,33019,1,1
17577,33021,1,1
17578,33023,1,1
17579,33025,1,1
17580,33027,1,1
17581,33029,1,1
17582,33031,1,1
17583,33033,1,1
17584,33035,1,1
17585,33037,1,1
17586,33039,1,1
17587,33041,1,1
17588,33043,1,1
17589,33045,1,1
17590,33047,1,1
17591,33049,1,1
17592,33051,1,1
17593,33053,1,1
17594,33055,1,1
17595,33057,1,1
17596,33059,1,1
17597,33061,1,1
17598,33063,1,1
17599,33065,1,1
17600,33067,1,1
17601,33069,1,1
17602,33071,1,1
17603,33073,1,1
17604,33075,1,1
17605,33077,1,1
17606,33079,1,1
17607,33081,1,1
17608,33083,1,1
17609,33085,1,1
17610,33087,1,1
17611,33089,1,1
17612,33091,1,1
17613,33093,1,1
17614,33095,1,1
17615,33097,1,1
17616,33099,1,1
17617,33101,1,1
17618,33103,1,1
17619,33105,1,1
17620,33107,1,1
17621,33109,1,1
17622,33111,1,1
17623,33113,1,1
17624,33115,1,1
17625,33117,1,1
17626,33119,1,1
17627,33121,1,1
17628,33123,1,1
17629,33125,1,1
17630,33127,1,1
17631,33129,1,1
17632,33131,1,1
17633,33133,1,1
17634,33135,1,1
17635,33137,1,1
17636,33139,1,1
17637,33141,1,1
17638,33143,1,1
17639,33145,1,1
17640,33147,1,1
17641,33149,1,1
17642,33151,1,1
17643,33153,1,1
17644,33155,1,1
17645,33157,1,1
17646,33159,1,1
17647,33161,1,1
17648,33163,1,1
17649,33165,1,1
17650,33167,1,1
17651,33169,1,1
17652,33171,1,1
17653,33173,1,1
17654,33175,1,1
17655,33177,1,1
17656,33179,1,1
17657,33181,1,1
17658,33183,1,1
17659,33185,1,1
17660,33187,1,1
17661,33189,1,1
17662,33191,1,1
17663,33193,1,1
17664,33195,1,1
17665,33197,1,1
17666,33199,1,1
17667,33201,1,1
17668,33203,1,1
17669,33205,1,1
17670,33207,1,1
17671,33209,1,1
17672,33211,1,1
17673,33213,1,1
17674,33215,1,1
17675,33217,1,1
17676,33219,1,1
17677,33221,1,1
17678,33223,1,1
17679,33224,10047,1
17680,33226,1,1
17681,33227,1,1
17682,33230,10047,1
17683,33231,1,1
17684,33234,10047,1
17685,33235,1,1
17686,33239,1,1
17687,33241,1,1
17688,33242,10047,1
17689,33243,1,1
17690,33246,10036,1
17691,33247,1,1
17692,33248,10036,1
17693,33248,10508,1
17694,33249,10047,1
17695,33252,10047,1
17696,33253,1,1
17697,33257,1,1
17698,33258,10047,1
17699,33259,1,1
17700,33262,10047,1
17701,33263,1,1
17702,33266,10047,1
17703,33267,1,1
17704,33270,10047,1
17705,33271,1,1
17706,33274,10047,1
17707,33275,1,1
17708,33278,10047,1
17709,33279,1,1
17710,33280,10245,1
17711,33281,10047,1
17712,33282,10053,1
17713,33283,11245,1
17714,33284,1,1
17715,33285,10053,1
17716,33286,11245,1
17717,33287,10053,1
17718,33288,10248,1
17719,33289,10053,1
17720,33290,10508,1
17721,33291,10047,1
17722,33292,10508,1
17723,33293,10363,1
17724,33294,10248,1
17725,33295,10369,1
17726,33296,10248,1
17727,33297,10053,1
17728,33302,1,1
17729,33304,1,1
17730,33306,1,1
17731,33307,10047,1
17732,33308,1,1
17733,33311,10047,1
17734,33312,1,1
17735,33314,1,1
17736,33317,10047,1
17737,33318,1,1
17738,33320,1,1
17739,33323,10036,1
17740,33324,1,1
17741,33325,10036,1
17742,33325,10508,1
17743,33326,10047,1
17744,33329,10036,1
17745,33330,1,1
17746,33331,10036,1
17747,33331,10508,1
17748,33332,10047,1
17749,33333,10245,1
17750,33334,10047,1
17751,33335,10053,1
17752,33336,10508,1
17753,33337,10053,1
17754,33340,10047,1
17755,33341,12169,1
17756,33342,1,1
17757,33346,10047,1
17758,33347,10493,1
17759,33348,1,1
17760,33352,10047,1
17761,33353,1,1
17762,33356,10047,1
17763,33357,1,1
17764,33360,10047,1
17765,33361,1,1
17766,33363,1,1
17767,33366,10047,1
17768,33367,10560,1
17769,33368,1,1
17770,33372,10047,1
17771,33373,10612,1
17772,33374,1,1
17773,33379,1,1
17774,33381,1,1
17775,33383,1,1
17776,33385,1,1
17777,33387,1,1
17778,33389,1,1
17779,33390,10047,1
17780,33392,1,1
17781,33393,1,1
17782,33394,10245,1
17783,33395,10047,1
17784,33396,10053,1
17785,33397,10318,1
17786,33398,1,1
17787,33399,10053,1
17788,33400,11101,1
17789,33401,10053,1
17790,33402,11101,1
17791,33403,10053,1
17792,33404,11101,1
17793,33405,10053,1
17794,33406,10427,1
17795,33407,10053,1
17796,33408,10198,1
17797,33409,10053,1
17798,33410,12185,1
17799,33411,10369,1
17800,33412,12185,1
17801,33413,10053,1
17802,33414,11245,1
17803,33415,10053,1
17804,33416,10198,1
17805,33417,10053,1
17806,33418,12186,1
17807,33419,10053,1
17808,33420,12187,1
17809,33421,10053,1
17810,33422,12187,1
17811,33423,10053,1
17812,33424,12186,1
17813,33425,10053,1
17814,33426,12186,1
17815,33427,10053,1
17816,33428,12185,1
17817,33429,10053,1
17818,33430,10265,1
17819,33431,10053,1
17820,33432,12185,1
17821,33433,10053,1
17822,33434,10248,1
17823,33435,10053,1
17824,33436,12185,1
17825,33437,10053,1
17826,33441,10047,1
17827,33442,1,1
17828,33445,10047,1
17829,33446,1,1
17830,33450,1,1
17831,33451,10047,1
17832,33453,1,1
17833,33454,1,1
17834,33457,10047,1
17835,33458,1,1
17836,33461,1,1
17837,33467,1,1
17838,33469,1,1
17839,33471,1,1
17840,33473,1,1
17841,33475,1,1
17842,33477,1,1
17843,33479,1,1
17844,33481,1,1
17845,33483,1,1
17846,33485,1,1
17847,33487,1,1
17848,33489,1,1
17849,33491,1,1
17850,33493,1,1
17851,33495,1,1
17852,33497,1,1
17853,33499,1,1
17854,33500,1,1
17855,33503,1,1
17856,33505,1,1
17857,33507,1,1
17858,33509,1,1
17859,33511,1,1
17860,33513,1,1
17861,33515,1,1
17862,33517,1,1
17863,33519,1,1
17864,33521,1,1
17865,33523,1,1
17866,33525,1,1
17867,33527,1,1
17868,33529,1,1
17869,33531,1,1
17870,33533,1,1
17871,33535,1,1
17872,33537,1,1
17873,33539,1,1
17874,33541,1,1
17875,33543,1,1
17876,33545,1,1
17877,33547,1,1
17878,33549,1,1
17879,33551,1,1
17880,33553,1,1
17881,33555,1,1
17882,33557,1,1
17883,33559,1,1
17884,33560,1,1
17885,33563,1,1
17886,33565,1,1
17887,33567,1,1
17888,33569,1,1
17889,33571,1,1
17890,33573,1,1
17891,33575,1,1
17892,33577,1,1
17893,33579,1,1
17894,33581,1,1
17895,33583,1,1
17896,33585,1,1
17897,33587,1,1
17898,33589,1,1
17899,33591,1,1
17900,33593,1,1
17901,33595,1,1
17902,33597,1,1
17903,33599,1,1
17904,33601,1,1
17905,33603,1,1
17906,33605,1,1
17907,33607,1,1
17908,33609,1,1
17909,33611,1,1
17910,33613,1,1
17911,33615,1,1
17912,33617,1,1
17913,33619,1,1
17914,33621,1,1
17915,33623,1,1
17916,33625,1,1
17917,33627,1,1
17918,33629,1,1
17919,33631,1,1
17920,33633,1,1
17921,33635,1,1
17922,33637,1,1
17923,33639,1,1
17924,33641,1,1
17925,33642,1,1
17926,33645,1,1
17927,33647,1,1
17928,33649,1,1
17929,33651,1,1
17930,33653,1,1
17931,33655,1,1
17932,33657,1,1
17933,33659,1,1
17934,33661,1,1
17935,33663,1,1
17936,33665,1,1
17937,33667,1,1
17938,33669,1,1
17939,33671,1,1
17940,33673,1,1
17941,33675,1,1
17942,33677,1,1
17943,33679,1,1
17944,33681,1,1
17945,33683,1,1
17946,33684,1,1
17947,33687,1,1
17948,33689,1,1
17949,33691,1,1
17950,33693,1,1
17951,33695,1,1
17952,33697,1,1
17953,33699,1,1
17954,33701,1,1
17955,33703,1,1
17956,33705,1,1
17957,33707,1,1
17958,33709,1,1
17959,33711,1,1
17960,33713,1,1
17961,33715,1,1
17962,33717,1,1
17963,33719,1,1
17964,33721,1,1
17965,33723,1,1
17966,33725,1,1
17967,33727,1,1
17968,33729,1,1
17969,33731,1,1
17970,33733,1,1
17971,33735,1,1
17972,33737,1,1
17973,33739,1,1
17974,33741,1,1
17975,33743,1,1
17976,33745,1,1
17977,33747,1,1
17978,33749,1,1
17979,33751,1,1
17980,33753,1,1
17981,33755,1,1
17982,33757,1,1
17983,33759,1,1
17984,33761,1,1
17985,33763,1,1
17986,33765,1,1
17987,33767,1,1
17988,33769,1,1
17989,33771,1,1
17990,33773,1,1
17991,33775,1,1
17992,33777,1,1
17993,33779,1,1
17994,33781,1,1
17995,33783,1,1
17996,33785,1,1
17997,33787,1,1
17998,33789,1,1
17999,33791,1,1
18000,33793,1,1
18001,33795,1,1
18002,33797,1,1
18003,33799,1,1
18004,33801,1,1
18005,33803,1,1
18006,33805,1,1
18007,33807,1,1
18008,33809,1,1
18009,33811,1,1
18010,33813,1,1
18011,33815,1,1
18012,33817,1,1
18013,33819,1,1
18014,33821,1,1
18015,33823,1,1
18016,33824,1,1
18017,33827,1,1
18018,33829,1,1
18019,33831,1,1
18020,33833,1,1
18021,33835,1,1
18022,33836,1,1
18023,33839,1,1
18024,33841,1,1
18025,33843,1,1
18026,33845,1,1
18027,33847,1,1
18028,33849,1,1
18029,33851,1,1
18030,33853,1,1
18031,33855,1,1
18032,33856,1,1
18033,33859,1,1
18034,33861,1,1
18035,33863,1,1
18036,33865,1,1
18037,33867,1,1
18038,33869,1,1
18039,33871,1,1
18040,33873,1,1
18041,33875,1,1
18042,33877,1,1
18043,33879,1,1
18044,33881,1,1
18045,33883,1,1
18046,33885,1,1
18047,33887,1,1
18048,33889,1,1
18049,33890,1,1
18050,33892,1,1
18051,33894,1,1
18052,33896,1,1
18053,33898,1,1
18054,33900,1,1
18055,33902,1,1
18056,33904,1,1
18057,33906,1,1
18058,33908,1,1
18059,33910,1,1
18060,33912,1,1
18061,33914,1,1
18062,33916,1,1
18063,33918,1,1
18064,33920,1,1
18065,33922,1,1
18066,33924,1,1
18067,33926,1,1
18068,33928,1,1
18069,33930,1,1
18070,33932,1,1
18071,33934,1,1
18072,33936,1,1
18073,33937,1,1
18074,33940,1,1
18075,33942,1,1
18076,33944,1,1
18077,33946,1,1
18078,33948,1,1
18079,33950,1,1
18080,33952,1,1
18081,33954,1,1
18082,33956,1,1
18083,33958,1,1
18084,33960,1,1
18085,33962,1,1
18086,33964,1,1
18087,33966,1,1
18088,33968,1,1
18089,33970,1,1
18090,33972,1,1
18091,33974,1,1
18092,33976,1,1
18093,33978,1,1
18094,33979,1,1
18095,33982,1,1
18096,33984,1,1
18097,33986,1,1
18098,33988,1,1
18099,33990,1,1
18100,33992,1,1
18101,33994,1,1
18102,33996,1,1
18103,33998,1,1
18104,34000,1,1
18105,34001,1,1
18106,34004,1,1
18107,34006,1,1
18108,34008,1,1
18109,34010,1,1
18110,34012,1,1
18111,34014,1,1
18112,34016,1,1
18113,34018,1,1
18114,34020,1,1
18115,34022,1,1
18116,34024,1,1
18117,34026,1,1
18118,34028,1,1
18119,34030,1,1
18120,34032,1,1
18121,34034,1,1
18122,34036,1,1
18123,34038,1,1
18124,34040,1,1
18125,34042,1,1
18126,34044,1,1
18127,34046,1,1
18128,34048,1,1
18129,34050,1,1
18130,34052,1,1
18131,34054,1,1
18132,34056,1,1
18133,34058,1,1
18134,34060,1,1
18135,34062,1,1
18136,34064,1,1
18137,34066,1,1
18138,34068,1,1
18139,34070,1,1
18140,34072,1,1
18141,34074,1,1
18142,34076,1,1
18143,34078,1,1
18144,34080,1,1
18145,34082,1,1
18146,34084,1,1
18147,34086,1,1
18148,34088,1,1
18149,34090,1,1
18150,34092,1,1
18151,34094,1,1
18152,34096,1,1
18153,34098,1,1
18154,34100,1,1
18155,34102,1,1
18156,34104,1,1
18157,34106,1,1
18158,34108,1,1
18159,34110,1,1
18160,34112,1,1
18161,34114,1,1
18162,34116,1,1
18163,34118,1,1
18164,34120,1,1
18165,34122,1,1
18166,34124,1,1
18167,34126,1,1
18168,34128,1,1
18169,34130,1,1
18170,34131,10047,1
18171,34132,1,1
18172,34136,10047,1
18173,34137,1,1
18174,34141,1,1
18175,34142,10047,1
18176,34143,1,1
18177,34146,1,1
18178,34148,1,1
18179,34150,1,1
18180,34152,1,1
18181,34154,1,1
18182,34156,1,1
18183,34158,1,1
18184,34160,10047,1
18185,34161,10744,1
18186,34162,1,1
18187,34166,1,1
18188,34168,1,1
18189,34170,1,1
18190,34172,1,1
18191,34174,1,1
18192,34176,1,1
18193,34178,1,1
18194,34180,1,1
18195,34182,1,1
18196,34184,1,1
18197,34186,1,1
18198,34188,1,1
18199,34190,1,1
18200,34192,1,1
18201,34194,1,1
18202,34196,1,1
18203,34198,1,1
18204,34200,1,1
18205,34202,1,1
18206,34204,1,1
18207,34206,1,1
18208,34208,1,1
18209,34210,1,1
18210,34212,1,1
18211,34214,1,1
18212,34216,10047,1
18213,34217,1,1
18214,34220,10047,1
18215,34221,1,1
18216,34224,10047,1
18217,34225,1,1
18218,34228,1,1
18219,34230,1,1
18220,34232,1,1
18221,34234,1,1
18222,34236,1,1
18223,34238,1,1
18224,34240,1,1
18225,34242,1,1
18226,34244,1,1
18227,34246,1,1
18228,34248,1,1
18229,34250,1,1
18230,34252,1,1
18231,34254,10047,1
18232,34255,1,1
18233,34256,1,1
18234,34260,10047,1
18235,34261,1,1
18236,34262,1,1
18237,34263,10245,1
18238,34264,10047,1
18239,34265,10053,1
18240,34266,10053,1
18241,34268,1,1
18242,34269,10265,1
18243,34270,10265,1
18244,34272,10053,1
18245,34277,10047,1
18246,34278,1,1
18247,34281,10047,1
18248,34282,1,1
18249,34285,10047,1
18250,34286,1,1
18251,34287,10245,1
18252,34288,10047,1
18253,34289,10245,1
18254,34290,10047,1
18255,34291,10053,1
18256,34292,10198,1
18257,34293,10053,1
18258,34296,10047,1
18259,34297,1,1
18260,34300,10047,1
18261,34301,1,1
18262,34304,10047,1
18263,34305,1,1
18264,34308,10047,1
18265,34309,1,1
18266,34312,10047,1
18267,34313,1,1
18268,34316,10047,1
18269,34317,1,1
18270,34320,10047,1
18271,34321,1,1
18272,34322,10055,1
18273,34325,10047,1
18274,34326,1,1
18275,34329,1,1
18276,34331,1,1
18277,34333,10047,1
18278,34334,1,1
18279,34337,10047,1
18280,34338,1,1
18281,34341,1,1
18282,34343,10047,1
18283,34344,1,1
18284,34347,1,1
18285,34349,10047,1
18286,34350,1,1
18287,34352,1,1
18288,34355,10047,1
18289,34356,1,1
18290,34359,10047,1
18291,34360,1,1
18292,34361,10245,1
18293,34362,10047,1
18294,34363,10053,1
18295,34364,10265,1
18296,34365,10053,1
18297,34366,10336,1
18298,34367,10053,1
18299,34370,1,1
18300,34372,1,1
18301,34375,1,1
18302,34377,1,1
18303,34379,1,1
18304,34381,1,1
18305,34383,1,1
18306,34385,1,1
18307,34387,1,1
18308,34389,1,1
18309,34391,1,1
18310,34393,1,1
18311,34395,1,1
18312,34397,1,1
18313,34399,1,1
18314,34401,1,1
18315,34403,1,1
18316,34405,1,1
18317,34407,1,1
18318,34408,1,1
18319,34410,1,1
18320,34413,1,1
18321,34415,1,1
18322,34417,1,1
18323,34419,1,1
18324,34421,1,1
18325,34422,1,1
18326,34425,1,1
18327,34427,1,1
18328,34429,1,1
18329,34431,1,1
18330,34433,1,1
18331,34435,1,1
18332,34437,1,1
18333,34439,1,1
18334,34441,1,1
18335,34443,1,1
18336,34445,1,1
18337,34447,1,1
18338,34449,1,1
18339,34451,1,1
18340,34453,1,1
18341,34455,1,1
18342,34457,1,1
18343,34459,1,1
18344,34461,1,1
18345,34463,1,1
18346,34465,1,1
18347,34467,1,1
18348,34469,1,1
18349,34471,1,1
18350,34473,1,1
18351,34475,1,1
18352,34477,1,1
18353,34479,1,1
18354,34481,1,1
18355,34483,1,1
18356,34485,1,1
18357,34487,1,1
18358,34489,1,1
18359,34491,1,1
18360,34493,1,1
18361,34495,1,1
18362,34497,1,1
18363,34499,1,1
18364,34501,1,1
18365,34503,1,1
18366,34505,1,1
18367,34507,1,1
18368,34509,1,1
18369,34511,1,1
18370,34513,1,1
18371,34515,1,1
18372,34517,1,1
18373,34519,1,1
18374,34521,1,1
18375,34523,1,1
18376,34525,1,1
18377,34527,1,1
18378,34528,1,1
18379,34531,1,1
18380,34533,1,1
18381,34535,1,1
18382,34537,1,1
18383,34539,1,1
18384,34540,1,1
18385,34543,1,1
18386,34545,1,1
18387,34547,1,1
18388,34549,1,1
18389,34551,1,1
18390,34553,1,1
18391,34555,1,1
18392,34557,1,1
18393,34559,1,1
18394,34561,1,1
18395,34563,1,1
18396,34565,1,1
18397,34567,1,1
18398,34569,1,1
18399,34571,1,1
18400,34573,1,1
18401,34575,1,1
18402,34577,1,1
18403,34579,1,1
18404,34581,1,1
18405,34582,10047,1
18406,34583,1,1
18407,34587,1,1
18408,34589,1,1
18409,34591,1,1
18410,34593,1,1
18411,34595,1,1
18412,34597,1,1
18413,34599,1,1
18414,34601,1,1
18415,34603,1,1
18416,34605,1,1
18417,34607,1,1
18418,34609,1,1
18419,34611,1,1
18420,34613,1,1
18421,34615,1,1
18422,34617,1,1
18423,34621,1,1
18424,34623,1,1
18425,34625,1,1
18426,34627,1,1
18427,34629,1,1
18428,34631,1,1
18429,34633,1,1
18430,34635,1,1
18431,34637,1,1
18432,34639,1,1
18433,34641,1,1
18434,34643,1,1
18435,34645,1,1
18436,34647,1,1
18437,34649,1,1
18438,34651,1,1
18439,34653,1,1
18440,34655,1,1
18441,34657,1,1
18442,34659,1,1
18443,34661,1,1
18444,34663,1,1
18445,34665,1,1
18446,34667,1,1
18447,34669,1,1
18448,34671,1,1
18449,34673,1,1
18450,34675,1,1
18451,34677,1,1
18452,34679,1,1
18453,34681,1,1
18454,34683,1,1
18455,34685,1,1
18456,34687,1,1
18457,34689,1,1
18458,34691,1,1
18459,34693,1,1
18460,34695,1,1
18461,34697,1,1
18462,34699,1,1
18463,34701,1,1
18464,34703,1,1
18465,34705,1,1
18466,34707,1,1
18467,34709,1,1
18468,34711,1,1
18469,34713,1,1
18470,34715,1,1
18471,34717,1,1
18472,34719,1,1
18473,34721,1,1
18474,34723,1,1
18475,34725,1,1
18476,34727,1,1
18477,34729,1,1
18478,34731,1,1
18479,34733,1,1
18480,34735,1,1
18481,34737,1,1
18482,34738,1,1
18483,34741,1,1
18484,34743,1,1
18485,34745,1,1
18486,34747,1,1
18487,34749,1,1
18488,34751,1,1
18489,34753,1,1
18490,34755,1,1
18491,34757,1,1
18492,34759,1,1
18493,34761,1,1
18494,34763,1,1
18495,34765,1,1
18496,34767,1,1
18497,34769,1,1
18498,34771,1,1
18499,34773,1,1
18500,34775,1,1
18501,34777,1,1
18502,34779,1,1
18503,34781,1,1
18504,34783,1,1
18505,34785,1,1
18506,34787,1,1
18507,34789,1,1
18508,34791,1,1
18509,34793,1,1
18510,34795,1,1
18511,34797,1,1
18512,34799,1,1
18513,34801,1,1
18514,34803,1,1
18515,34805,1,1
18516,34807,1,1
18517,34809,1,1
18518,34811,1,1
18519,34813,1,1
18520,34815,1,1
18521,34817,1,1
18522,34819,1,1
18523,34821,1,1
18524,34823,1,1
18525,34825,1,1
18526,34827,1,1
18527,34829,1,1
18528,34831,1,1
18529,34833,1,1
18530,34835,1,1
18531,34837,1,1
18532,34839,1,1
18533,34841,1,1
18534,34843,1,1
18535,34845,1,1
18536,34847,1,1
18537,34849,1,1
18538,34851,1,1
18539,34853,1,1
18540,34855,1,1
18541,34857,1,1
18542,34859,1,1
18543,34861,1,1
18544,34863,1,1
18545,34865,1,1
18546,34867,1,1
18547,34869,1,1
18548,34871,1,1
18549,34873,1,1
18550,34875,1,1
18551,34877,1,1
18552,34879,1,1
18553,34881,1,1
18554,34883,1,1
18555,34885,1,1
18556,34887,1,1
18557,34888,1,1
18558,34891,1,1
18559,34893,1,1
18560,34895,1,1
18561,34897,1,1
18562,34899,1,1
18563,34901,1,1
18564,34903,1,1
18565,34905,1,1
18566,34907,1,1
18567,34909,1,1
18568,34911,1,1
18569,34913,1,1
18570,34915,1,1
18571,34917,1,1
18572,34919,1,1
18573,34921,1,1
18574,34923,1,1
18575,34925,1,1
18576,34927,1,1
18577,34929,1,1
18578,34931,1,1
18579,34933,1,1
18580,34935,1,1
18581,34937,1,1
18582,34939,1,1
18583,34941,1,1
18584,34943,1,1
18585,34945,1,1
18586,34947,1,1
18587,34949,1,1
18588,34951,1,1
18589,34953,1,1
18590,34955,1,1
18591,34957,1,1
18592,34959,1,1
18593,34961,1,1
18594,34963,1,1
18595,34965,1,1
18596,34967,1,1
18597,34969,1,1
18598,34970,1,1
18599,34973,1,1
18600,34975,1,1
18601,34977,1,1
18602,34979,1,1
18603,34980,1,1
18604,34983,1,1
18605,34985,1,1
18606,34987,1,1
18607,34989,1,1
18608,34991,1,1
18609,34993,1,1
18610,34995,1,1
18611,34997,1,1
18612,34999,1,1
18613,35001,1,1
18614,35003,1,1
18615,35005,1,1
18616,35007,1,1
18617,35009,1,1
18618,35010,1,1
18619,35012,1,1
18620,35014,1,1
18621,35016,1,1
18622,35018,1,1
18623,35020,1,1
18624,35021,1,1
18625,35024,1,1
18626,35026,1,1
18627,35028,1,1
18628,35030,1,1
18629,35032,1,1
18630,35034,1,1
18631,35036,1,1
18632,35038,1,1
18633,35040,1,1
18634,35042,1,1
18635,35044,1,1
18636,35046,1,1
18637,35048,1,1
18638,35050,1,1
18639,35052,1,1
18640,35054,1,1
18641,35056,1,1
18642,35058,1,1
18643,35060,1,1
18644,35061,1,1
18645,35064,1,1
18646,35066,1,1
18647,35068,1,1
18648,35070,1,1
18649,35072,1,1
18650,35074,1,1
18651,35076,1,1
18652,35078,1,1
18653,35080,1,1
18654,35082,1,1
18655,35083,1,1
18656,35086,1,1
18657,35088,1,1
18658,35090,1,1
18659,35092,1,1
18660,35094,1,1
18661,35096,1,1
18662,35098,1,1
18663,35100,1,1
18664,35102,1,1
18665,35104,1,1
18666,35106,1,1
18667,35108,1,1
18668,35110,1,1
18669,35112,1,1
18670,35114,1,1
18671,35116,1,1
18672,35118,1,1
18673,35120,1,1
18674,35122,1,1
18675,35124,1,1
18676,35126,1,1
18677,35128,1,1
18678,35130,1,1
18679,35132,1,1
18680,35134,1,1
18681,35136,1,1
18682,35138,1,1
18683,35140,1,1
18684,35142,1,1
18685,35144,1,1
18686,35146,1,1
18687,35148,1,1
18688,35150,1,1
18689,35152,1,1
18690,35154,1,1
18691,35155,1,1
18692,35158,1,1
18693,35160,1,1
18694,35162,1,1
18695,35164,1,1
18696,35166,1,1
18697,35168,1,1
18698,35170,1,1
18699,35172,1,1
18700,35174,1,1
18701,35176,1,1
18702,35178,1,1
18703,35180,1,1
18704,35182,1,1
18705,35184,1,1
18706,35186,1,1
18707,35188,1,1
18708,35190,1,1
18709,35192,1,1
18710,35194,1,1
18711,35196,1,1
18712,35198,1,1
18713,35200,1,1
18714,35202,1,1
18715,35204,1,1
18716,35206,1,1
18717,35208,1,1
18718,35210,1,1
18719,35212,1,1
18720,35214,1,1
18721,35216,1,1
18722,35218,1,1
18723,35220,1,1
18724,35222,1,1
18725,35224,1,1
18726,35226,1,1
18727,35228,1,1
18728,35230,1,1
18729,35232,1,1
18730,35234,1,1
18731,35236,1,1
18732,35238,1,1
18733,35240,1,1
18734,35242,1,1
18735,35244,1,1
18736,35246,1,1
18737,35248,1,1
18738,35250,1,1
18739,35252,1,1
18740,35254,1,1
18741,35256,1,1
18742,35257,10047,1
18743,35259,1,1
18744,35260,1,1
18745,35265,1,1
18746,35266,10047,1
18747,35267,1,1
18748,35270,10047,1
18749,35271,1,1
18750,35274,10047,1
18751,35275,1,1
18752,35277,1,1
18753,35280,10047,1
18754,35281,1,1
18755,35282,10245,1
18756,35283,10047,1
18757,35284,10053,1
18758,35285,11855,1
18759,35286,11855,1
18760,35287,10053,1
18761,35288,10265,1
18762,35289,10363,1
18763,35290,11855,1
18764,35291,10053,1
18765,35292,11069,1
18766,35293,1,1
18767,35294,10053,1
18768,35295,10569,1
18769,35296,10053,1
18770,35297,10570,1
18771,35298,10053,1
18772,35299,10645,1
18773,35300,10036,1
18774,35301,10645,1
18775,35301,10036,1
18776,35302,10645,1
18777,35306,10645,1
18778,35308,1,1
18779,35310,11855,1
18780,35311,10053,1
18781,35312,10265,1
18782,35313,10053,1
18783,35314,10198,1
18784,35315,10053,1
18785,35316,11069,1
18786,35317,1,1
18787,35318,10053,1
18788,35319,10567,1
18789,35320,10053,1
18790,35321,10567,1
18791,35322,10053,1
18792,35323,10583,1
18793,35324,10053,1
18794,35325,10584,1
18795,35326,10053,1
18796,35327,10582,1
18797,35328,10053,1
18798,35329,10578,1
18799,35330,10053,1
18800,35331,10574,1
18801,35332,10053,1
18802,35333,11488,1
18803,35334,10053,1
18804,35335,10492,1
18805,35336,10053,1
18806,35337,10570,1
18807,35339,10053,1
18808,35340,10573,1
18809,35341,10053,1
18810,35342,10454,1
18811,35343,10053,1
18812,35344,10562,1
18813,35345,10053,1
18814,35346,10495,1
18815,35347,10053,1
18816,35348,10618,1
18817,35349,10053,1
18818,35350,10459,1
18819,35351,10053,1
18820,35352,10451,1
18821,35353,10053,1
18822,35354,10475,1
18823,35355,10053,1
18824,35356,10449,1
18825,35357,10053,1
18826,35358,12306,1
18827,35359,10053,1
18828,35360,11245,1
18829,35361,10053,1
18830,35362,11247,1
18831,35363,10053,1
18832,35364,11246,1
18833,35365,10053,1
18834,35366,12186,1
18835,35367,10053,1
18836,35368,11486,1
18837,35369,10053,1
18838,35370,12307,1
18839,35371,10053,1
18840,35372,12307,1
18841,35374,10336,1
18842,35375,10053,1
18843,35376,10353,1
18844,35377,10053,1
18845,35378,10508,1
18846,35379,10053,1
18847,35380,10574,1
18848,35381,10053,1
18849,35382,11866,1
18850,35383,10053,1
18851,35384,11863,1
18852,35385,10053,1
18853,35386,10493,1
18854,35387,10053,1
18855,35388,10496,1
18856,35389,10053,1
18857,35390,10560,1
18858,35391,10053,1
18859,35392,10357,1
18860,35393,10053,1
18861,35394,12309,1
18862,35395,10053,1
18863,35396,10227,1
18864,35397,10053,1
18865,35398,10213,1
18866,35399,10053,1
18867,35400,10197,1
18868,35401,10053,1
18869,35402,10085,1
18870,35403,10053,1
18871,35404,10395,1
18872,35405,10053,1
18873,35406,11858,1
18874,35407,10053,1
18875,35408,10289,1
18876,35409,10053,1
18877,35410,10198,1
18878,35411,10053,1
18879,35412,10198,1
18880,35413,10053,1
18881,35414,10363,1
18882,35415,10198,1
18883,35416,10053,1
18884,35417,10990,1
18885,35418,10053,1
18886,35422,10047,1
18887,35423,1,1
18888,35424,10245,1
18889,35425,10047,1
18890,35426,10053,1
18891,35427,10265,1
18892,35428,10053,1
18893,35429,10496,1
18894,35430,10053,1
18895,35431,12185,1
18896,35432,1,1
18897,35433,10369,1
18898,35434,12185,1
18899,35435,10053,1
18900,35436,10336,1
18901,35437,10353,1
18902,35438,10363,1
18903,35439,12185,1
18904,35440,10053,1
18905,35441,10336,1
18906,35442,10053,1
18907,35443,12185,1
18908,35447,12185,1
18909,35448,1,1
18910,35451,1,1
18911,35452,12185,1
18912,35453,10053,1
18913,35454,10508,1
18914,35455,10053,1
18915,35458,10047,1
18916,35459,1,1
18917,35462,10047,1
18918,35463,1,1
18919,35465,1,1
18920,35468,10047,1
18921,35469,1,1
18922,35472,10047,1
18923,35473,1,1
18924,35476,1,1
18925,35477,10245,1
18926,35478,10047,1
18927,35479,10053,1
18928,35480,12185,1
18929,35481,1,1
18930,35482,10053,1
18931,35483,12185,1
18932,35484,10053,1
18933,35486,1,1
18934,35487,12185,1
18935,35488,10053,1
18936,35489,11859,1
18937,35490,10053,1
18938,35491,10395,1
18939,35492,10395,1
18940,35493,10053,1
18941,35495,10198,1
18942,35496,10053,1
18943,35497,10363,1
18944,35498,10198,1
18945,35499,10053,1
18946,35500,10198,1
18947,35501,10198,1
18948,35503,10053,1
18949,35505,1,1
18950,35506,11859,1
18951,35507,10053,1
18952,35508,10395,1
18953,35509,10395,1
18954,35511,10053,1
18955,35512,10055,1
18956,35513,10053,1
18957,35514,10265,1
18958,35515,10053,1
18959,35516,10055,1
18960,35517,10053,1
18961,35518,10567,1
18962,35519,10053,1
18963,35520,11069,1
18964,35521,10053,1
18965,35522,12185,1
18966,35523,10053,1
18967,35524,10395,1
18968,35525,10053,1
18969,35526,1,1
18970,35528,1,1
