ID,timestamp,timeInterval,Energy,NodeID,QualificationID,RootNodeID
1601,1585818021.0,3600.0,846.0,10009,11,2
1602,1585818021.0,3600.0,362.0,10009,11,7
1603,1585825221.0,3600.0,62.0,10245,2,10
1604,1585825221.0,3600.0,449.0,10047,2,10
1605,1585832421.0,3600.0,72.0,10047,2,10
1606,1585832421.0,3600.0,21.0,10047,2,2
1607,1585832421.0,3600.0,38744.0,10248,2,10
1608,1585832421.0,3600.0,4149.0,10053,2,10
1609,1585832421.0,3600.0,10757.0,10248,2,11
1610,1585832421.0,3600.0,175.0,10245,2,10
1611,1585832421.0,3600.0,144.0,10197,2,10
1612,1585832421.0,3600.0,11093.0,10248,2,2
1613,1585832421.0,3600.0,39.0,10197,2,2
1614,1585832421.0,3600.0,4179.0,10248,2,7
1615,1585832421.0,3600.0,13.0,10197,2,7
1616,1585832421.0,3600.0,507.0,10009,11,7
1617,1585832421.0,3600.0,256.0,10122,11,7
1618,1585832421.0,3600.0,10.0,10245,2,8
1619,1585832421.0,3600.0,6.0,10197,2,8
1620,1585832421.0,3600.0,157.0,10053,2,8
1621,1585832421.0,3600.0,1088.0,10248,2,8
1622,1585832421.0,3600.0,4.0,10047,2,8
1623,1585832421.0,3600.0,10.0,10369,2,8
1624,1585832421.0,3600.0,7.0,10047,2,7
1625,1585832421.0,3600.0,20.0,10245,2,7
1626,1585832421.0,3600.0,441.0,10053,2,7
1627,1585832421.0,3600.0,34.0,10369,2,7
1628,1585832421.0,3600.0,1055.0,10369,2,10
1629,1585832421.0,3600.0,1278.0,10009,11,2
1630,1585832421.0,3600.0,624.0,10122,11,2
1631,1585832421.0,3600.0,56.0,10245,2,2
1632,1585832421.0,3600.0,1202.0,10053,2,2
1633,1585832421.0,3600.0,1207.0,10248,2,9
1634,1585832421.0,3600.0,145.0,10009,11,9
1635,1585832421.0,3600.0,73.0,10122,11,9
1636,1585832421.0,3600.0,6.0,10245,2,9
1637,1585832421.0,3600.0,111.0,10369,2,2
1638,1585832421.0,3600.0,2.0,10197,2,9
1639,1585832421.0,3600.0,127.0,10053,2,9
1640,1585832421.0,3600.0,6.0,10369,2,9
1641,1585832421.0,3600.0,2.0,11245,2,9
1642,1585832421.0,3600.0,2.0,11247,2,9
1643,1585832421.0,3600.0,26.0,11244,2,7
1644,1585832421.0,3600.0,155.0,10357,2,7
1645,1585832421.0,3600.0,9.0,11245,2,7
1646,1585832421.0,3600.0,41.0,11246,2,7
1647,1585832421.0,3600.0,9.0,11247,2,7
1648,1585832421.0,3600.0,48.0,10357,2,9
1649,1585832421.0,3600.0,13.0,11246,2,9
1650,1585832421.0,3600.0,7.0,11244,2,9
1651,1585832421.0,3600.0,96.0,11244,2,2
1652,1585832421.0,3600.0,550.0,10357,2,2
1653,1585832421.0,3600.0,32.0,11245,2,2
1654,1585832421.0,3600.0,152.0,11246,2,2
1655,1585832421.0,3600.0,34.0,11247,2,2
1656,1585846821.0,3600.0,1540.0,10047,2,10
1657,1585846821.0,3600.0,277.0,10245,2,10
1658,1585846821.0,3600.0,786.0,10053,2,10
1659,1585846821.0,3600.0,790.0,10198,2,10
1660,1585846821.0,3600.0,1218.0,10271,2,10
1661,1585846821.0,3600.0,445.0,10289,2,10
1662,1585857621.0,3600.0,175.0,10047,2,10
1663,1585857621.0,3600.0,2.0,10047,2,2
1664,1585861221.0,3600.0,305.0,10047,2,10
1665,1585861221.0,3600.0,14.0,10047,2,2
1666,1585868421.0,3600.0,36.362463,10009,11,2
1667,1585872021.0,3600.0,10.872393,10122,11,2
1668,1585872021.0,3600.0,193.0,10047,2,10
1669,1585872021.0,3600.0,5.637537,10009,11,2
1670,1585868421.0,3600.0,70.127607,10122,11,2
1671,1585908023.0,3600.0,5.366262,10595,11,11
1672,1585904423.0,3600.0,24.633738,10595,11,11
1673,1585908023.0,3600.0,100.0,10047,2,10
1674,1585911623.0,3600.0,68.0,10047,2,10
1675,1585926023.0,3600.0,268.0,10047,2,10
1676,1585929623.0,3600.0,5.0,10036,2,2
1677,1585929623.0,3600.0,277.0,10036,2,10
1678,1585929623.0,3600.0,2314.0,10508,2,10
1679,1585929623.0,3600.0,945.0,10047,2,10
1680,1585929623.0,3600.0,59.0,10508,2,2
1681,1585929623.0,3600.0,127.0,10047,2,2
1682,1585929623.0,3600.0,364.0,10369,2,10
1683,1585929623.0,3600.0,28341.0,10053,2,10
1684,1585929623.0,3600.0,50.0,10122,11,7
1685,1585929623.0,3600.0,9.0,10508,2,7
1686,1585929623.0,3600.0,2363.0,10248,2,11
1687,1585929623.0,3600.0,71.0,10245,2,2
1688,1585929623.0,3600.0,3095.0,10053,2,2
1689,1585929623.0,3600.0,135562.389591,11276,2,10
1690,1585929623.0,3600.0,248.0,10122,11,2
1691,1585929623.0,3600.0,6660.0,10248,2,10
1692,1585929623.0,3600.0,541.0,10245,2,10
1693,1585929623.0,3600.0,62.0,10081,11,11
1694,1585929623.0,3600.0,406.0,10122,11,11
1695,1585929623.0,3600.0,5079.0,10198,2,10
1696,1585929623.0,3600.0,25.0,10353,2,9
1697,1585929623.0,3600.0,544.0,10289,2,10
1698,1585929623.0,3600.0,2063.0,11276,2,9
1699,1585929623.0,3600.0,124.0,10198,2,9
1700,1585929623.0,3600.0,1848.0,10336,2,10
1701,1585929623.0,3600.0,2906.0,11276,2,8
1702,1585929623.0,3600.0,27.0,10047,2,8
1703,1585929623.0,3600.0,18.0,10245,2,8
1704,1585929623.0,3600.0,784.0,10053,2,8
1705,1585929623.0,3600.0,22.0,10336,2,9
1706,1585929623.0,3600.0,7.0,10047,2,9
1707,1585929623.0,3600.0,5.0,10245,2,9
1708,1585929623.0,3600.0,408.0,10053,2,9
1709,1585929623.0,3600.0,2.0,10289,2,9
1710,1585929623.0,3600.0,241.0,10198,2,8
1711,1585929623.0,3600.0,6.0,10289,2,8
1712,1585929623.0,3600.0,43.0,10336,2,8
1713,1585929623.0,3600.0,46.0,10353,2,8
1714,1585929623.0,3600.0,7504.0,11276,2,7
1715,1585929623.0,3600.0,481.0,10198,2,7
1716,1585929623.0,3600.0,95.0,10353,2,7
1717,1585929623.0,3600.0,49.0,10047,2,7
1718,1585929623.0,3600.0,1513.0,10053,2,7
1719,1585929623.0,3600.0,30.0,10245,2,7
1720,1585929623.0,3600.0,11.0,10289,2,7
1721,1585929623.0,3600.0,83.0,10336,2,7
1722,1585929623.0,3600.0,15217.0,11276,2,2
1723,1585929623.0,3600.0,983.0,10198,2,2
1724,1585929623.0,3600.0,191.0,10353,2,2
1725,1585929623.0,3600.0,25.0,10289,2,2
1726,1585929623.0,3600.0,167.0,10336,2,2
1727,1585929623.0,3600.0,11.0,10353,2,11
1728,1585929623.0,3600.0,8578.0,11276,2,11
1729,1585929623.0,3600.0,4256.0,10353,2,10
1730,1585933223.0,3600.0,21334.610398,11276,2,10
1731,1585933223.0,3600.0,147.0,10289,2,10
1732,1585933223.0,3600.0,1011.0,10198,2,10
1733,1585933223.0,3600.0,1438.0,10053,2,10
1734,1585933223.0,3600.0,557.0,10047,2,10
1735,1585936823.0,3600.0,98.0,11276,2,11
1736,1585936823.0,3600.0,41.0,10245,2,10
1737,1585936823.0,3600.0,224.0,10053,2,10
1738,1585936823.0,3600.0,2641.0,11276,2,7
1739,1585936823.0,3600.0,2893.0,11276,2,2
1740,1585936823.0,3600.0,30.0,10047,2,2
1741,1585936823.0,3600.0,11.0,10245,2,2
1742,1585936823.0,3600.0,23.0,10053,2,2
1743,1585936823.0,3600.0,6.0,10053,2,7
1744,1585936823.0,3600.0,545.0,10047,2,10
1745,1585936823.0,3600.0,28272.0,11276,2,10
1746,1585936823.0,3600.0,22.0,10047,2,7
1747,1585936823.0,3600.0,6.0,10245,2,7
1748,1585936823.0,3600.0,596.0,11276,2,9
1749,1585936823.0,3600.0,4.0,10047,2,9
1750,1585954823.0,3600.0,40.0,10245,2,10
1751,1585954823.0,3600.0,342.0,10047,2,10
1752,1585990825.0,3600.0,22.0,10009,11,11
1753,1585990825.0,3600.0,24.0,10081,11,11
1754,1585990825.0,3600.0,494.0,10009,11,2
1755,1585990825.0,3600.0,139.0,10595,11,11
1756,1585994425.0,3600.0,259.0,10047,2,10
1757,1585998025.0,3600.0,22.0,10047,2,2
1758,1585998025.0,3600.0,315.0,10047,2,10
1759,1585998025.0,3600.0,3.0,10047,2,7
1760,1586001625.0,3600.0,114.0,10047,2,10
1761,1586005225.0,3600.0,104.0,10047,2,10
1762,1586008825.0,3600.0,779.0,11334,2,10
1763,1586008825.0,3600.0,88.0,10245,2,10
1764,1586005225.0,3600.0,16.536413,10122,11,2
1765,1586008825.0,3600.0,25.463587,10122,11,2
1766,1586008825.0,3600.0,4.0,10047,2,2
1767,1586008825.0,3600.0,7.0,10053,2,2
1768,1586008825.0,3600.0,886.0,10053,2,10
1769,1586008825.0,3600.0,1073.0,11276,2,10
1770,1586008825.0,3600.0,375.0,10047,2,10
1771,1586008825.0,3600.0,87.0,11334,2,2
1772,1586008825.0,3600.0,106.0,11276,2,2
1773,1586008825.0,3600.0,12.0,11334,2,9
1774,1586008825.0,3600.0,14.0,11276,2,9
1775,1586008825.0,3600.0,31.0,10009,11,9
1776,1586008825.0,3600.0,32.0,10122,11,11
1777,1586008825.0,3600.0,108.0,10009,11,7
1778,1586008825.0,3600.0,42.0,11334,2,7
1779,1586008825.0,3600.0,50.0,11276,2,7
1780,1586008825.0,3600.0,2.0,11334,2,11
1781,1586008825.0,3600.0,12.0,11276,2,11
1782,1586008825.0,3600.0,222.0,10009,11,2
1783,1586012425.0,3600.0,73.0,10047,2,10
1784,1586016025.0,3600.0,18544.0,11244,2,10
1785,1586016025.0,3600.0,6.0,10053,2,9
1786,1586016025.0,3600.0,22.0,11244,2,9
1787,1586016025.0,3600.0,167.0,10053,2,2
1788,1586016025.0,3600.0,553.0,11244,2,2
1789,1586016025.0,3600.0,8.0,10053,2,7
1790,1586016025.0,3600.0,29.0,11244,2,7
1791,1586016025.0,3600.0,151.0,10047,2,10
1792,1586016025.0,3600.0,234.0,10363,2,10
1793,1586016025.0,3600.0,29997.0,10053,2,10
1794,1586019625.0,3600.0,1.415312,11276,11,11
1795,1586016025.0,3600.0,28.940862,11276,11,7
1796,1586019625.0,3600.0,2.436018,11276,11,2
1797,1586016025.0,3600.0,2.0,10047,2,2
1798,1586016025.0,3600.0,6.752868,11276,11,9
1799,1586019625.0,3600.0,0.247132,11276,11,9
1800,1586019625.0,3600.0,1.059138,11276,11,7
1801,1586016025.0,3600.0,66.563982,11276,11,2
1802,1586016025.0,3600.0,38.584688,11276,11,11
1803,1586019625.0,3600.0,142.0,10245,2,10
1804,1586019625.0,3600.0,387.0,10047,2,10
1805,1586019625.0,3600.0,458.0,11246,2,7
1806,1586019625.0,3600.0,11.0,10047,2,7
1807,1586019625.0,3600.0,5672.0,11244,2,10
1808,1586019625.0,3600.0,259.0,10363,2,10
1809,1586019625.0,3600.0,15947.0,11246,2,10
1810,1586019625.0,3600.0,19.0,11244,2,11
1811,1586019625.0,3600.0,4905.0,11247,2,2
1812,1586019625.0,3600.0,3.0,10245,2,2
1813,1586019625.0,3600.0,43.0,10053,2,2
1814,1586019625.0,3600.0,151.0,11244,2,2
1815,1586019625.0,3600.0,4.0,10363,2,2
1816,1586019625.0,3600.0,631.0,11246,2,2
1817,1586019625.0,3600.0,15.0,10047,2,2
1818,1586019625.0,3600.0,1765.0,10053,2,10
1819,1586019625.0,3600.0,331.0,11246,2,11
1820,1586019625.0,3600.0,1420.0,11247,2,9
1821,1586019625.0,3600.0,126.0,11246,2,9
1822,1586019625.0,3600.0,5.0,10053,2,9
1823,1586019625.0,3600.0,29.0,11244,2,9
1824,1586019625.0,3600.0,6890.0,11247,2,7
1825,1586019625.0,3600.0,2.0,10245,2,7
1826,1586019625.0,3600.0,33.0,10053,2,7
1827,1586019625.0,3600.0,108.0,11244,2,7
1828,1586019625.0,3600.0,3.0,10363,2,7
1829,1586019625.0,3600.0,642.0,11247,2,8
1830,1586019625.0,3600.0,44476.0,11247,2,10
1831,1586019625.0,3600.0,345.0,11247,2,11
1832,1586023225.0,3600.0,1339.0,10047,2,10
1833,1586023225.0,3600.0,18.0,10047,2,2
1834,1586023225.0,3600.0,18.0,10047,2,7
1835,1586026825.0,3600.0,73.0,10047,2,2
1836,1586026825.0,3600.0,59.0,10047,2,7
1837,1586026825.0,3600.0,1175.0,10047,2,10
1838,1586026825.0,3600.0,29741.0,10053,2,10
1839,1586026825.0,3600.0,14070.0,10464,2,10
1840,1586026825.0,3600.0,19900.0,11276,2,10
1841,1586026825.0,3600.0,2010.0,10336,2,10
1842,1586026825.0,3600.0,225.0,10265,2,10
1843,1586026825.0,3600.0,10888.0,11276,2,2
1844,1586026825.0,3600.0,9.0,10245,2,2
1845,1586026825.0,3600.0,1006.0,10053,2,2
1846,1586026825.0,3600.0,144.0,10245,2,10
1847,1586026825.0,3600.0,730.0,11276,2,11
1848,1586026825.0,3600.0,2365.0,11334,2,10
1849,1586026825.0,3600.0,731.0,10318,2,10
1850,1586026825.0,3600.0,4178.0,11276,2,7
1851,1586026825.0,3600.0,7.0,10245,2,7
1852,1586026825.0,3600.0,391.0,10053,2,7
1853,1586026825.0,3600.0,67.0,11334,2,9
1854,1586026825.0,3600.0,111.0,10053,2,9
1855,1586026825.0,3600.0,3232.0,10464,2,7
1856,1586026825.0,3600.0,3142.0,10198,2,10
1857,1586026825.0,3600.0,1312.0,11276,2,9
1858,1586026825.0,3600.0,1036.0,10464,2,9
1859,1586026825.0,3600.0,26.0,10464,2,11
1860,1586026825.0,3600.0,248.0,10198,2,9
1861,1586026825.0,3600.0,772.0,10198,2,7
1862,1586026825.0,3600.0,211.0,11334,2,7
1863,1586026825.0,3600.0,8527.0,10464,2,2
1864,1586026825.0,3600.0,1451.0,10464,2,8
1865,1586026825.0,3600.0,183.0,10053,2,8
1866,1586026825.0,3600.0,1862.0,11276,2,8
1867,1586026825.0,3600.0,103.0,11334,2,8
1868,1586026825.0,3600.0,365.0,10198,2,8
1869,1586026825.0,3600.0,21.0,10198,2,11
1870,1586026825.0,3600.0,2.0,11334,2,11
1871,1586026825.0,3600.0,2034.0,10198,2,2
1872,1586026825.0,3600.0,557.0,11334,2,2
1873,1586026825.0,3600.0,3752.0,11244,2,10
1874,1586026825.0,3600.0,82.0,10363,2,10
1875,1586037625.0,3600.0,2862.0,10047,2,10
1876,1586041225.0,3600.0,1122.0,10047,2,10
1877,1586041225.0,3600.0,18.0,10047,2,2
1878,1586041225.0,3600.0,65.0,10427,2,10
1879,1586041225.0,3600.0,64.0,10427,2,18
1880,1586044825.0,3600.0,16141.0,10318,2,10
1881,1586044825.0,3600.0,44.0,10749,2,10
1882,1586044825.0,3600.0,117.0,10047,2,10
1883,1586044825.0,3600.0,2.0,10318,2,11
1884,1586044825.0,3600.0,14682.0,10053,2,10
1885,1586044825.0,3600.0,52.0,10245,2,10
1886,1586044825.0,3600.0,57.0,11276,2,10
1887,1586080827.0,3600.0,499.0,10047,2,10
1888,1586084427.0,3600.0,706.0,10047,2,10
1889,1586084427.0,3600.0,2031.0,11244,2,10
1890,1586084427.0,3600.0,79.0,10363,2,10
1891,1586084427.0,3600.0,430.0,10055,2,10
1892,1586084427.0,3600.0,14301.0,11276,2,10
1893,1586084427.0,3600.0,75.0,10245,2,10
1894,1586084427.0,3600.0,37916.0,10053,2,10
1895,1586084427.0,3600.0,35.0,10009,11,11
1896,1586084427.0,3600.0,245.0,10122,11,11
1897,1586084427.0,3600.0,7.0,11245,2,11
1898,1586084427.0,3600.0,11.0,11244,2,11
1899,1586084427.0,3600.0,189.0,11276,2,11
1900,1586084427.0,3600.0,220.0,10318,2,10
1901,1586084427.0,3600.0,7262.0,10464,2,10
1902,1586084427.0,3600.0,250.0,10464,2,7
1903,1586084427.0,3600.0,587.0,11276,2,7
1904,1586084427.0,3600.0,35.0,10047,2,7
1905,1586084427.0,3600.0,334.0,10053,2,7
1906,1586084427.0,3600.0,67.0,10464,2,9
1907,1586084427.0,3600.0,83.0,10053,2,9
1908,1586084427.0,3600.0,28.0,11244,2,9
1909,1586084427.0,3600.0,11.0,11245,2,9
1910,1586084427.0,3600.0,3.0,11334,2,9
1911,1586084427.0,3600.0,161.0,11276,2,9
1912,1586084427.0,3600.0,7.0,10047,2,9
1913,1586084427.0,3600.0,51.0,11245,2,7
1914,1586084427.0,3600.0,105.0,11244,2,7
1915,1586084427.0,3600.0,19.0,11334,2,7
1916,1586084427.0,3600.0,7.0,10318,2,7
1917,1586084427.0,3600.0,2.0,10245,2,7
1918,1586084427.0,3600.0,2.0,10363,2,7
1919,1586084427.0,3600.0,2.0,10055,2,7
1920,1586084427.0,3600.0,1996.0,11245,2,10
1921,1586084427.0,3600.0,17.0,10047,2,8
1922,1586084427.0,3600.0,2.0,10245,2,8
1923,1586084427.0,3600.0,160.0,10053,2,8
1924,1586084427.0,3600.0,50.0,11244,2,8
1925,1586084427.0,3600.0,2.0,10363,2,8
1926,1586084427.0,3600.0,2.0,10055,2,8
1927,1586084427.0,3600.0,233.0,11276,2,8
1928,1586084427.0,3600.0,10.0,11334,2,8
1929,1586084427.0,3600.0,4.0,10318,2,8
1930,1586084427.0,3600.0,115.0,10464,2,8
1931,1586084427.0,3600.0,24.0,11245,2,8
1932,1586084427.0,3600.0,109.0,11245,2,2
1933,1586084427.0,3600.0,525.0,10464,2,2
1934,1586084427.0,3600.0,42.0,11334,2,2
1935,1586084427.0,3600.0,1232.0,11276,2,2
1936,1586084427.0,3600.0,75.0,10047,2,2
1937,1586084427.0,3600.0,6.0,10245,2,2
1938,1586084427.0,3600.0,706.0,10053,2,2
1939,1586084427.0,3600.0,220.0,11244,2,2
1940,1586084427.0,3600.0,7.0,10363,2,2
1941,1586084427.0,3600.0,6.0,10055,2,2
1942,1586084427.0,3600.0,19.0,10318,2,2
1943,1586084427.0,3600.0,11952.0,10395,2,10
1944,1586084427.0,3600.0,579.0,11334,2,10
1945,1586088027.0,3600.0,278.0,10047,2,10
1946,1586091627.0,3600.0,96.0,10047,2,10
1947,1586095227.0,3600.0,249.0,10047,2,10
1948,1586095227.0,3600.0,10.0,10047,2,2
1949,1586098827.0,3600.0,482.0,10047,2,10
1950,1586106027.0,3600.0,17084.0,10578,2,11
1951,1586106027.0,3600.0,3.0,10578,2,7
1952,1586106027.0,3600.0,7.0,10047,2,7
1953,1586106027.0,3600.0,9.0,10053,2,7
1954,1586106027.0,3600.0,272.0,10047,2,10
1955,1586106027.0,3600.0,19958.0,10578,2,10
1956,1586106027.0,3600.0,9.0,10578,2,2
1957,1586106027.0,3600.0,22.0,10047,2,2
1958,1586106027.0,3600.0,2.0,10245,2,2
1959,1586106027.0,3600.0,127.0,10245,2,10
1960,1586106027.0,3600.0,31463.0,10053,2,10
1961,1586106027.0,3600.0,21.0,10053,2,2
1962,1586106027.0,3600.0,3971.0,10248,2,10
1963,1586106027.0,3600.0,16856.0,11244,2,10
1964,1586106027.0,3600.0,95.0,10248,2,11
1965,1586109627.0,3600.0,169.0,10245,2,10
1966,1586109627.0,3600.0,223.0,10363,2,10
1967,1586109627.0,3600.0,119.0,10055,2,10
1968,1586109627.0,3600.0,204.0,10047,2,10
1969,1586109627.0,3600.0,4174.952361,10053,2,10
1970,1586109627.0,3600.0,29104.0,11244,2,10
1971,1586109627.0,3600.0,2837.0,11244,2,2
1972,1586113227.0,3600.0,124.0,11247,2,7
1973,1586109627.0,3600.0,301.513216,10053,2,2
1974,1586113227.0,3600.0,1093.486783,10053,2,2
1975,1586113227.0,3600.0,1259.0,11244,2,2
1976,1586113227.0,3600.0,7.0,10363,2,2
1977,1586113227.0,3600.0,57348.0,11247,2,10
1978,1586113227.0,3600.0,106.0,10363,2,10
1979,1586113227.0,3600.0,10193.0,11247,2,2
1980,1586113227.0,3600.0,9520.047626,10053,2,10
1981,1586113227.0,3600.0,9940.0,11244,2,10
1982,1586109627.0,3600.0,13.0,10363,2,2
1983,1586113227.0,3600.0,24.0,11247,2,9
1984,1586109627.0,3600.0,633.0,11244,2,9
1985,1586109627.0,3600.0,67.854154,10053,2,9
1986,1586113227.0,3600.0,165.145846,10053,2,9
1987,1586113227.0,3600.0,281.0,11244,2,9
1988,1586109627.0,3600.0,3333.0,11244,2,7
1989,1586109627.0,3600.0,14.0,10363,2,7
1990,1586109627.0,3600.0,354.592675,10053,2,7
1991,1586113227.0,3600.0,907.407324,10053,2,7
1992,1586113227.0,3600.0,1481.0,11244,2,7
1993,1586113227.0,3600.0,13.0,10363,2,7
1994,1586113227.0,3600.0,3870.0,11247,2,11
1995,1586109627.0,3600.0,1885.0,11244,2,11
1996,1586113227.0,3600.0,838.0,11244,2,11
1997,1586113227.0,3600.0,7442.0,11246,2,11
1998,1586113227.0,3600.0,103357.0,11246,2,10
1999,1586113227.0,3600.0,11786.0,11246,2,2
2000,1586113227.0,3600.0,202.0,11276,11,7
2001,1586113227.0,3600.0,5586.0,11246,2,7
2002,1586113227.0,3600.0,146.0,11276,11,11
2003,1586113227.0,3600.0,108.0,11276,11,2
2004,1586113227.0,3600.0,647.0,11246,2,9
2005,1586113227.0,3600.0,28.0,11276,11,9
2006,1586116827.0,3600.0,4390.0,10197,2,2
2007,1586116827.0,3600.0,30.0,10047,2,2
2008,1586116827.0,3600.0,12.0,10053,2,2
2009,1586116827.0,3600.0,3889.295524,10053,2,10
2010,1586116827.0,3600.0,3157.0,10197,2,10
2011,1586116827.0,3600.0,1061.0,10197,6,10
2012,1586116827.0,3600.0,1070.0,10197,2,7
2013,1586116827.0,3600.0,24.0,10047,2,7
2014,1586116827.0,3600.0,5.0,10053,2,7
2015,1586116827.0,3600.0,14.0,10047,2,8
2016,1586116827.0,3600.0,5.0,10053,2,8
2017,1586116827.0,3600.0,985.0,10047,2,10
2018,1586116827.0,3600.0,1007.0,10197,3,11
2019,1586116827.0,3600.0,1246.0,10197,2,11
2020,1586116827.0,3600.0,103.0,10197,2,4
2021,1586116827.0,3600.0,765.0,10197,2,8
2022,1586116827.0,3600.0,596.0,10197,2,9
2023,1586116827.0,3600.0,352.0,10289,2,10
2024,1586120427.0,3600.0,7063.704479,10053,2,10
2025,1586120427.0,3600.0,63.0,10047,2,10
2026,1586120427.0,3600.0,2.0,10047,2,2
2027,1586124027.0,3600.0,160.0,10047,2,10
2028,1586127627.0,3600.0,176.0,10047,2,2
2029,1586127627.0,3600.0,982.0,10047,2,10
2030,1586127627.0,3600.0,56.0,10047,2,7
2031,1586127627.0,3600.0,10.0,10081,11,11
2032,1586127627.0,3600.0,32.0,10009,11,7
2033,1586127627.0,3600.0,98.0,11276,11,2
2034,1586127627.0,3600.0,100.0,11276,2,2
2035,1586127627.0,3600.0,156.0,10464,2,2
2036,1586127627.0,3600.0,4871.0,10053,2,10
2037,1586127627.0,3600.0,740.0,10464,2,10
2038,1586127627.0,3600.0,1270.0,11244,2,10
2039,1586127627.0,3600.0,84.0,10009,11,2
2040,1586127627.0,3600.0,1583.0,11276,2,10
2041,1586127627.0,3600.0,985.0,11334,2,10
2042,1586127627.0,3600.0,56.0,11334,2,2
2043,1586127627.0,3600.0,1795.0,10053,2,2
2044,1586127627.0,3600.0,24.0,10009,11,11
2045,1586127627.0,3600.0,2.0,11334,2,11
2046,1586127627.0,3600.0,41.0,11276,2,11
2047,1586127627.0,3600.0,235.0,11276,11,11
2048,1586127627.0,3600.0,46.0,10122,11,11
2049,1586127627.0,3600.0,21.0,11334,2,7
2050,1586127627.0,3600.0,37.0,11276,11,7
2051,1586127627.0,3600.0,41.0,11276,2,7
2052,1586127627.0,3600.0,668.0,10053,2,7
2053,1586127627.0,3600.0,58.0,10464,2,7
2054,1586127627.0,3600.0,10.0,10009,11,9
2055,1586127627.0,3600.0,11.0,11276,11,9
2056,1586127627.0,3600.0,10.0,11276,2,9
2057,1586127627.0,3600.0,232.0,10053,2,9
2058,1586127627.0,3600.0,5.0,11334,2,9
2059,1586127627.0,3600.0,57.0,10197,2,8
2060,1586127627.0,3600.0,29.0,10464,2,8
2061,1586127627.0,3600.0,258.0,10582,2,2
2062,1586127627.0,3600.0,399.0,10198,2,2
2063,1586127627.0,3600.0,34.0,10582,2,9
2064,1586127627.0,3600.0,39.0,10197,2,9
2065,1586127627.0,3600.0,16.0,10464,2,9
2066,1586127627.0,3600.0,13.0,10047,2,9
2067,1586127627.0,3600.0,53.0,10198,2,9
2068,1586127627.0,3600.0,96.0,11244,2,9
2069,1586127627.0,3600.0,452.0,10197,2,10
2070,1586127627.0,3600.0,728.0,11244,2,2
2071,1586127627.0,3600.0,292.0,10197,2,2
2072,1586127627.0,3600.0,452.0,10582,2,10
2073,1586127627.0,3600.0,381.0,10053,2,8
2074,1586127627.0,3600.0,142.0,11244,2,8
2075,1586127627.0,3600.0,84.0,10198,2,8
2076,1586127627.0,3600.0,24.0,10047,2,8
2077,1586127627.0,3600.0,53.0,10582,2,8
2078,1586127627.0,3600.0,693.0,10198,2,10
2079,1586127627.0,3600.0,4.0,10582,2,11
2080,1586127627.0,3600.0,18.0,10198,2,11
2081,1586127627.0,3600.0,95.0,11244,2,11
2082,1586127627.0,3600.0,38.0,10197,2,11
2083,1586127627.0,3600.0,98.0,10582,2,7
2084,1586127627.0,3600.0,150.0,10198,2,7
2085,1586127627.0,3600.0,270.0,11244,2,7
2086,1586127627.0,3600.0,110.0,10197,2,7
2087,1586134827.0,3600.0,12119.0,10248,2,10
2088,1586134827.0,3600.0,117.0,10047,2,10
2089,1586134827.0,3600.0,74.0,10245,2,10
2090,1586134827.0,3600.0,324.0,10369,2,10
2091,1586134827.0,3600.0,7716.0,10248,2,11
2092,1586134827.0,3600.0,18089.0,10053,2,10
2093,1586134827.0,3600.0,6401.0,10248,2,2
2094,1586134827.0,3600.0,52.0,10047,2,2
2095,1586134827.0,3600.0,27.0,10245,2,2
2096,1586134827.0,3600.0,4372.0,10053,2,2
2097,1586134827.0,3600.0,8571.0,10353,2,10
2098,1586134827.0,3600.0,2295.0,10248,2,7
2099,1586134827.0,3600.0,27.0,10047,2,7
2100,1586134827.0,3600.0,9.0,10245,2,7
2101,1586134827.0,3600.0,2736.0,10053,2,7
2102,1586134827.0,3600.0,2169.0,10336,2,10
2103,1586134827.0,3600.0,42.0,10369,2,7
2104,1586134827.0,3600.0,120.0,10369,2,2
2105,1586134827.0,3600.0,2866.0,11486,2,10
2106,1586134827.0,3600.0,672.0,10248,2,9
2107,1586134827.0,3600.0,2.0,10047,2,9
2108,1586134827.0,3600.0,681.0,10053,2,9
2109,1586134827.0,3600.0,8.0,10369,2,9
2110,1586134827.0,3600.0,11039.0,11488,2,10
2111,1586134827.0,3600.0,3.0,10047,2,8
2112,1586134827.0,3600.0,41.0,11488,2,6
2113,1586134827.0,3600.0,974.0,11488,2,11
2114,1586134827.0,3600.0,1582.0,10353,2,11
2115,1586134827.0,3600.0,161.0,10336,2,8
2116,1586134827.0,3600.0,617.0,10353,2,8
2117,1586134827.0,3600.0,825.0,11488,2,8
2118,1586134827.0,3600.0,691.0,10053,2,8
2119,1586134827.0,3600.0,247.0,11486,2,8
2120,1586134827.0,3600.0,34.0,10336,2,11
2121,1586134827.0,3600.0,128.0,10336,2,9
2122,1586134827.0,3600.0,1335.0,11486,2,2
2123,1586134827.0,3600.0,5378.0,11488,2,2
2124,1586134827.0,3600.0,4009.0,10353,2,2
2125,1586134827.0,3600.0,200.0,11486,2,9
2126,1586134827.0,3600.0,799.0,11488,2,9
2127,1586134827.0,3600.0,224.0,11488,2,17
2128,1586134827.0,3600.0,597.0,10353,2,9
2129,1586134827.0,3600.0,861.0,10336,2,2
2130,1586134827.0,3600.0,694.0,11486,2,7
2131,1586134827.0,3600.0,2790.0,11488,2,7
2132,1586134827.0,3600.0,2081.0,10353,2,7
2133,1586134827.0,3600.0,446.0,10336,2,7
2134,1586167229.0,3600.0,218.0,10047,2,10
2135,1586170829.0,3600.0,110.0,10047,2,10
2136,1586174429.0,3600.0,202.0,10047,2,10
2137,1586181629.0,3600.0,8.0,10053,2,9
2138,1586181629.0,3600.0,4115.0,10357,2,7
2139,1586181629.0,3600.0,23.0,10053,2,7
2140,1586181629.0,3600.0,5612.0,10357,2,11
2141,1586181629.0,3600.0,8042.0,10357,2,2
2142,1586181629.0,3600.0,49.0,10053,2,2
2143,1586181629.0,3600.0,237.0,10245,2,10
2144,1586181629.0,3600.0,1489.0,10053,2,10
2145,1586181629.0,3600.0,31163.0,10357,2,10
2146,1586178029.0,3600.0,3.0,10047,2,2
2147,1586181629.0,3600.0,24.0,10245,2,2
2148,1586181629.0,3600.0,1416.0,10357,2,9
2149,1586181629.0,3600.0,1102.0,10047,2,10
2150,1586181629.0,3600.0,2612.0,11244,2,10
2151,1586181629.0,3600.0,103.0,10363,2,10
2152,1586181629.0,3600.0,11.0,10758,2,11
2153,1586181629.0,3600.0,3712.0,10758,2,10
2154,1586181629.0,3600.0,14139.0,10357,3,11
2155,1586181629.0,3600.0,11.0,10758,2,9
2156,1586181629.0,3600.0,99.0,10758,2,2
2157,1586181629.0,3600.0,246.0,10047,2,2
2158,1586181629.0,3600.0,8.0,10245,2,7
2159,1586181629.0,3600.0,51.0,10758,2,7
2160,1586181629.0,3600.0,122.0,10047,2,7
2161,1586181629.0,3600.0,188.0,10357,2,15
2162,1586181629.0,3600.0,44.0,10047,2,9
2163,1586181629.0,3600.0,3.0,10245,2,9
2164,1586188829.0,3600.0,2.0,10081,11,11
2165,1586206829.0,3600.0,146.0,10036,2,10
2166,1586206829.0,3600.0,108.0,10508,2,10
2167,1586206829.0,3600.0,325.0,10047,2,10
2168,1586210429.0,3600.0,611.0,10047,2,10
2169,1586210429.0,3600.0,352.0,10036,2,10
2170,1586210429.0,3600.0,234.0,10508,2,10
2171,1586214029.0,3600.0,40.0,10047,2,10
2172,1586217629.0,3600.0,1970.0,11334,2,10
2173,1586217629.0,3600.0,3567.0,10464,2,10
2174,1586217629.0,3600.0,644.0,10265,2,10
2175,1586217629.0,3600.0,304.0,10605,2,10
2176,1586217629.0,3600.0,9116.0,10645,2,10
2177,1586217629.0,3600.0,95.0,10248,2,9
2178,1586217629.0,3600.0,3432.0,10248,2,10
2179,1586217629.0,3600.0,6681.0,11244,2,10
2180,1586217629.0,3600.0,18406.335715,10053,2,2
2181,1586217629.0,3600.0,75527.50778,10053,2,10
2182,1586217629.0,3600.0,2559.501911,10053,2,9
2183,1586217629.0,3600.0,1635.0,10248,2,2
2184,1586217629.0,3600.0,13648.720881,10053,2,7
2185,1586217629.0,3600.0,225.0,10248,2,7
2186,1586221229.0,3600.0,20938.0,11245,2,10
2187,1586221229.0,3600.0,448.279119,10053,2,7
2188,1586221229.0,3600.0,35643.49222,10053,2,10
2189,1586221229.0,3600.0,83.498089,10053,2,9
2190,1586221229.0,3600.0,3582.664285,10053,2,2
2191,1586217629.0,3600.0,1.0,10248,2,11
2192,1586221229.0,3600.0,17095.0,11488,2,10
2193,1586221229.0,3600.0,15899.0,10265,2,10
2194,1586221229.0,3600.0,6575.0,11245,2,2
2195,1586221229.0,3600.0,4912.0,10265,2,2
2196,1586221229.0,3600.0,338.0,11488,2,2
2197,1586221229.0,3600.0,1515.0,11245,2,11
2198,1586221229.0,3600.0,81.0,11488,2,6
2199,1586221229.0,3600.0,8177.0,11488,2,18
2200,1586221229.0,3600.0,39304.0,11486,2,10
2201,1586221229.0,3600.0,2039.0,11488,2,11
2202,1586221229.0,3600.0,141.0,11486,2,11
2203,1586221229.0,3600.0,6095.0,11488,2,17
2204,1586221229.0,3600.0,16.0,10047,2,10
2205,1586232030.0,3600.0,515.0,10009,11,2
2206,1586232030.0,3600.0,6.0,10595,11,11
2207,1586232030.0,3600.0,35.0,10009,11,11
2208,1586232030.0,3600.0,30.0,11515,11,11
2209,1586242830.0,3600.0,21.0,11276,11,7
2210,1586253630.0,3600.0,12.0,10047,2,10
2211,1586257230.0,3600.0,78.0,10047,2,10
2212,1586257230.0,3600.0,43.839872,11276,11,11
2213,1586260830.0,3600.0,0.100691,11276,11,2
2214,1586260830.0,3600.0,0.160128,11276,11,11
2215,1586257230.0,3600.0,27.899309,11276,11,2
2216,1586268030.0,3600.0,409.0,10047,2,10
2217,1586271630.0,3600.0,3.0,10047,2,2
2218,1586271630.0,3600.0,352.762901,11276,11,11
2219,1586271630.0,3600.0,54.297716,11276,11,7
2220,1586275230.0,3600.0,5.702284,11276,11,7
2221,1586271630.0,3600.0,3.0,10047,2,7
2222,1586271630.0,3600.0,53.392754,11276,11,2
2223,1586275230.0,3600.0,37.237099,11276,11,11
2224,1586271630.0,3600.0,315.0,10047,2,10
2225,1586275230.0,3600.0,5.607246,11276,11,2
2226,1586275230.0,3600.0,66.0,10047,2,10
2227,1586275230.0,3600.0,2.0,10047,2,2
2228,1586282430.0,3600.0,407.0,10508,2,10
2229,1586282430.0,3600.0,518.0,10047,2,10
2230,1586282430.0,3600.0,603.0,10036,2,10
2231,1586282430.0,3600.0,5.0,10047,2,2
2232,1586286030.0,3600.0,116.0,10508,2,10
2233,1586286030.0,3600.0,114.0,10047,2,10
2234,1586286030.0,3600.0,166.0,10036,2,10
2235,1586286030.0,3600.0,168.480671,11276,11,7
2236,1586289630.0,3600.0,127.0,10508,2,10
2237,1586289630.0,3600.0,119.0,10047,2,10
2238,1586289630.0,3600.0,107.519329,11276,11,7
2239,1586289630.0,3600.0,183.0,10036,2,10
2240,1586296830.0,3600.0,2.0,10047,2,2
2241,1586296830.0,3600.0,164.0,10047,2,10
2242,1586311230.0,3600.0,1.0,10081,11,11
2243,1586318432.0,3600.0,0.972849,10009,11,2
2244,1586314832.0,3600.0,1.027151,10009,11,2
2245,1586350832.0,3600.0,86.0,10047,2,10
2246,1586350832.0,3600.0,28460.18431,10567,2,10
2247,1586350832.0,3600.0,341.0,10567,2,17
2248,1586350832.0,3600.0,139.0,10245,2,10
2249,1586350832.0,3600.0,2201.0,10053,2,10
2250,1586354432.0,3600.0,26229.8157,10567,2,10
2251,1586350832.0,3600.0,107.0,10289,2,10
2252,1586354432.0,3600.0,246.0,10047,2,10
2253,1586354432.0,3600.0,3.0,10047,2,9
2254,1586354432.0,3600.0,16.0,10047,2,8
2255,1586354432.0,3600.0,21.0,10047,2,2
2256,1586354432.0,3600.0,15.0,10047,2,7
2257,1586365232.0,3600.0,122.0,10047,2,10
2258,1586368832.0,3600.0,1907.0,10047,2,10
2259,1586368832.0,3600.0,128.0,10047,2,2
2260,1586368832.0,3600.0,27.0,10567,2,17
2261,1586368832.0,3600.0,5.0,10567,2,6
2262,1586368832.0,3600.0,42.0,10357,2,7
2263,1586368832.0,3600.0,26.0,10047,2,7
2264,1586368832.0,3600.0,26.0,10053,2,7
2265,1586368832.0,3600.0,2441.0,10357,2,10
2266,1586368832.0,3600.0,4850.0,10758,2,10
2267,1586368832.0,3600.0,139.0,10508,2,10
2268,1586368832.0,3600.0,246.0,10265,2,10
2269,1586368832.0,3600.0,47665.0,10053,2,10
2270,1586368832.0,3600.0,64.0,10567,2,10
2271,1586368832.0,3600.0,318.0,10336,2,10
2272,1586368832.0,3600.0,637.0,10357,2,11
2273,1586368832.0,3600.0,16.0,10357,2,9
2274,1586368832.0,3600.0,8.0,10047,2,9
2275,1586368832.0,3600.0,9.0,10053,2,9
2276,1586368832.0,3600.0,26.0,10758,2,11
2277,1586368832.0,3600.0,196.0,10357,2,2
2278,1586368832.0,3600.0,9.0,10567,2,2
2279,1586368832.0,3600.0,10.0,10245,2,2
2280,1586368832.0,3600.0,8200.0,10357,3,11
2281,1586368832.0,3600.0,117.0,10053,2,2
2282,1586368832.0,3600.0,5864.0,11486,2,10
2283,1586372432.0,3600.0,1054.0,10047,2,10
2284,1586372432.0,3600.0,23.0,10047,2,2
2285,1586372432.0,3600.0,5.0,10047,2,9
2286,1586372432.0,3600.0,14.0,10047,2,7
2287,1586372432.0,3600.0,9.0,10508,2,7
2288,1586372432.0,3600.0,906.0,10036,2,10
2289,1586372432.0,3600.0,3.0,10036,2,9
2290,1586372432.0,3600.0,3.0,10508,2,9
2291,1586372432.0,3600.0,11.0,10036,2,2
2292,1586372432.0,3600.0,8.0,10508,2,2
2293,1586372432.0,3600.0,601.0,10508,2,10
2294,1586372432.0,3600.0,13.0,10036,2,7
2295,1586376032.0,3600.0,4.0,10036,2,7
2296,1586376032.0,3600.0,311.0,10508,2,10
2297,1586376032.0,3600.0,1093.0,10047,2,10
2298,1586376032.0,3600.0,10.0,10036,2,2
2299,1586376032.0,3600.0,7.0,10508,2,2
2300,1586376032.0,3600.0,4.0,10508,2,7
2301,1586376032.0,3600.0,476.0,10036,2,10
2302,1586376032.0,3600.0,4.0,10047,2,7
2303,1586376032.0,3600.0,38.0,10047,2,2
2304,1586383232.0,3600.0,24.0,10036,2,2
2305,1586383232.0,3600.0,671.0,10508,2,10
2306,1586383232.0,3600.0,1333.0,10047,2,10
2307,1586383232.0,3600.0,14.0,10508,2,2
2308,1586383232.0,3600.0,1064.0,10036,2,10
2309,1586383232.0,3600.0,5.0,10047,2,2
2310,1586386832.0,3600.0,101.0,10047,2,10
2311,1586386832.0,3600.0,110.0,10009,11,11
2312,1586426434.0,3600.0,43.0,10047,2,2
2313,1586426434.0,3600.0,615.0,10047,2,10
2314,1586426434.0,3600.0,6.0,10047,2,7
2315,1586430034.0,3600.0,121.0,10047,2,10
2316,1586437234.0,3600.0,159.0,10047,2,10
2317,1586440834.0,3600.0,127.0,10047,2,10
2318,1586444434.0,3600.0,12.0,10036,2,2
2319,1586444434.0,3600.0,120.0,10508,2,10
2320,1586444434.0,3600.0,139.0,10047,2,10
2321,1586444434.0,3600.0,7.0,10508,2,2
2322,1586444434.0,3600.0,175.0,10036,2,10
2323,1586444434.0,3600.0,4.0,10036,2,7
2324,1586444434.0,3600.0,2.0,10508,2,7
2325,1586448034.0,3600.0,279.0,10047,2,10
2326,1586455234.0,3600.0,405.0,10047,2,10
2327,1586480434.0,3600.0,11048.0,10248,2,10
2328,1586480434.0,3600.0,3532.0,11244,2,10
2329,1586480434.0,3600.0,137.0,10363,2,10
2330,1586480434.0,3600.0,696.0,10047,2,10
2331,1586480434.0,3600.0,6543.0,11276,2,10
2332,1586480434.0,3600.0,759.0,10265,2,10
2333,1586480434.0,3600.0,423.0,10336,2,10
2334,1586480434.0,3600.0,1092.0,10508,2,10
2335,1586480434.0,3600.0,167.0,10245,2,10
2336,1586480434.0,3600.0,28180.0,10053,2,10
2337,1586480434.0,3600.0,4183.0,11334,2,10
2338,1586487637.0,3600.0,14.85622,11276,11,11
2339,1586491237.0,3600.0,161.147009,11276,11,7
2340,1586487637.0,3600.0,23.030963,11276,11,2
2341,1586491237.0,3600.0,112.969037,11276,11,2
2342,1586491237.0,3600.0,73.14378,11276,11,11
2343,1586487637.0,3600.0,32.852991,11276,11,7
2344,1586491237.0,3600.0,340.0,10009,11,2
2345,1586491237.0,3600.0,53.0,10081,11,11
2346,1586491237.0,3600.0,344.0,10009,11,7
2347,1586491237.0,3600.0,20.0,10009,11,11
2348,1586491237.0,3600.0,162.0,10595,11,11
2349,1586516437.0,3600.0,365.0,10047,2,10
2350,1586527237.0,3600.0,863.0,10047,2,10
2351,1586527237.0,3600.0,332.0,10508,2,10
2352,1586527237.0,3600.0,532.0,10036,2,10
2353,1586527237.0,3600.0,32.0,10047,2,7
2354,1586527237.0,3600.0,70.0,10047,2,2
2355,1586527237.0,3600.0,116.0,10036,2,2
2356,1586527237.0,3600.0,70.0,10508,2,2
2357,1586527237.0,3600.0,52.0,10036,2,7
2358,1586527237.0,3600.0,33.0,10508,2,7
2359,1586534437.0,3600.0,231.0,10047,2,10
2360,1586534437.0,3600.0,4.0,10047,2,2
2361,1586534437.0,3600.0,352.0,11276,11,11
2362,1586534437.0,3600.0,833.0,11276,11,2
2363,1586541637.0,3600.0,717.0,10047,2,10
2364,1586545237.0,3600.0,803.0,10047,2,10
2365,1586545237.0,3600.0,24.0,10047,2,2
2366,1586602839.0,3600.0,496.0,10047,2,10
2367,1586606439.0,3600.0,214.0,10047,2,10
2368,1586610039.0,3600.0,98.0,10047,2,10
2369,1586613639.0,3600.0,250.0,10047,2,10
2370,1586624439.0,3600.0,17629.0,10427,6,10
2371,1586624439.0,3600.0,17629.0,10427,2,10
2372,1586624439.0,3600.0,3603.0,10427,2,18
2373,1586624439.0,3600.0,96.0,10047,2,2
2374,1586624439.0,3600.0,8054.0,10047,2,10
2375,1586624439.0,3600.0,327.0,10245,6,10
2376,1586624439.0,3600.0,327.0,10245,2,10
2377,1586624439.0,3600.0,9584.0,10053,6,10
2378,1586624439.0,3600.0,1257.0,10053,2,2
2379,1586624439.0,3600.0,8054.0,10047,6,10
2380,1586624439.0,3600.0,9427.0,10053,2,10
2381,1586624439.0,3600.0,524.0,10508,2,10
2382,1586624439.0,3600.0,25447.504731,10449,6,10
2383,1586624439.0,3600.0,25447.504731,10449,2,10
2384,1586628039.0,3600.0,29844.495244,10449,6,10
2385,1586628039.0,3600.0,143.0,10449,2,18
2386,1586624439.0,3600.0,3566.0,10336,6,10
2387,1586624439.0,3600.0,3566.0,10336,2,10
2388,1586624439.0,3600.0,524.0,10508,6,10
2389,1586628039.0,3600.0,29844.495244,10449,2,10
2390,1586624439.0,3600.0,120.0,10449,2,18
2391,1586628039.0,3600.0,53064.0,10053,6,10
2392,1586628039.0,3600.0,52730.0,10053,2,10
2393,1586628039.0,3600.0,13455.0,10198,6,10
2394,1586628039.0,3600.0,13455.0,10198,2,10
2395,1586628039.0,3600.0,8027.0,10495,6,10
2396,1586628039.0,3600.0,8027.0,10495,2,10
2397,1586628039.0,3600.0,14815.0,10475,6,10
2398,1586628039.0,3600.0,14815.0,10475,2,10
2399,1586628039.0,3600.0,10257.0,10492,6,10
2400,1586628039.0,3600.0,10257.0,10492,2,10
2401,1586624439.0,3600.0,101.0,10336,2,8
2402,1586624439.0,3600.0,15.0,10508,2,8
2403,1586628039.0,3600.0,635.733364,10449,2,9
2404,1586624439.0,3600.0,507.0,10427,2,9
2405,1586628039.0,3600.0,224.0,10198,2,9
2406,1586628039.0,3600.0,556.0,10475,2,9
2407,1586628039.0,3600.0,6025.0,10496,6,10
2408,1586628039.0,3600.0,10984.0,10562,6,10
2409,1586628039.0,3600.0,10984.0,10562,2,10
2410,1586624439.0,3600.0,74.0,10336,2,9
2411,1586628039.0,3600.0,6025.0,10496,2,10
2412,1586624439.0,3600.0,754.266636,10449,2,9
2413,1586628039.0,3600.0,198.0,10492,2,9
2414,1586624439.0,3600.0,139.0,10053,2,9
2415,1586624439.0,3600.0,8.0,10508,2,9
2416,1586628039.0,3600.0,1010.0,10053,2,9
2417,1586624439.0,3600.0,210.0,10053,2,8
2418,1586624439.0,3600.0,486.0,10427,2,8
2419,1586624439.0,3600.0,721.120153,10449,2,8
2420,1586628039.0,3600.0,781.879847,10449,2,8
2421,1586628039.0,3600.0,2689.0,10053,2,8
2422,1586628039.0,3600.0,409.0,10198,2,8
2423,1586628039.0,3600.0,443.0,10475,2,8
2424,1586628039.0,3600.0,340.0,10492,2,8
2425,1586628039.0,3600.0,201.0,10495,2,18
2426,1586628039.0,3600.0,223.0,10570,2,18
2427,1586628039.0,3600.0,32.0,10495,2,6
2428,1586628039.0,3600.0,36.0,10570,2,6
2429,1586624439.0,3600.0,992.0,10427,2,6
2430,1586624439.0,3600.0,32.0,10449,2,6
2431,1586628039.0,3600.0,34.0,10449,2,6
2432,1586628039.0,3600.0,1065.0,10496,2,2
2433,1586628039.0,3600.0,1673.0,10495,2,2
2434,1586628039.0,3600.0,2424.0,10562,2,2
2435,1586628039.0,3600.0,16343.0,10570,2,2
2436,1586628039.0,3600.0,1760.0,10492,2,2
2437,1586628039.0,3600.0,6803.0,10053,2,2
2438,1586628039.0,3600.0,1885.0,10198,2,2
2439,1586628039.0,3600.0,68185.0,10570,6,10
2440,1586628039.0,3600.0,68185.0,10570,2,10
2441,1586624439.0,3600.0,220.0,10336,2,7
2442,1586624439.0,3600.0,2220.077774,10449,2,7
2443,1586628039.0,3600.0,1879.922226,10449,2,7
2444,1586624439.0,3600.0,1481.0,10427,2,7
2445,1586628039.0,3600.0,579.0,10198,2,7
2446,1586628039.0,3600.0,1637.0,10475,2,7
2447,1586628039.0,3600.0,453.0,10492,2,7
2448,1586624439.0,3600.0,416.0,10053,2,7
2449,1586624439.0,3600.0,30.0,10508,2,7
2450,1586628039.0,3600.0,2234.0,10053,2,7
2451,1586628039.0,3600.0,120.0,10496,2,9
2452,1586628039.0,3600.0,189.0,10495,2,9
2453,1586628039.0,3600.0,272.0,10562,2,9
2454,1586628039.0,3600.0,2300.0,10570,2,9
2455,1586624439.0,3600.0,664.0,10336,2,2
2456,1586624439.0,3600.0,6647.711317,10449,2,2
2457,1586628039.0,3600.0,5641.288683,10449,2,2
2458,1586624439.0,3600.0,4442.0,10427,2,2
2459,1586628039.0,3600.0,4914.0,10475,2,2
2460,1586624439.0,3600.0,88.0,10508,2,2
2461,1586628039.0,3600.0,2745.0,10570,2,8
2462,1586628039.0,3600.0,509.0,10562,2,8
2463,1586628039.0,3600.0,368.0,10495,2,8
2464,1586628039.0,3600.0,276.0,10496,2,8
2465,1586628039.0,3600.0,19044.0,10584,6,10
2466,1586628039.0,3600.0,19044.0,10584,2,10
2467,1586628039.0,3600.0,10788.0,10567,2,18
2468,1586628039.0,3600.0,140.0,10567,2,17
2469,1586628039.0,3600.0,85942.0,10567,6,10
2470,1586628039.0,3600.0,85942.0,10567,2,10
2471,1586628039.0,3600.0,576.0,10584,2,8
2472,1586628039.0,3600.0,2944.0,10567,2,8
2473,1586628039.0,3600.0,7003.0,10567,2,6
2474,1586628039.0,3600.0,20798.0,10567,2,2
2475,1586628039.0,3600.0,2666.0,10584,2,2
2476,1586628039.0,3600.0,55930.0,10582,6,10
2477,1586628039.0,3600.0,55930.0,10582,2,10
2478,1586628039.0,3600.0,4106.0,10567,2,9
2479,1586628039.0,3600.0,539.0,10584,2,9
2480,1586628039.0,3600.0,1777.0,11486,6,10
2481,1586628039.0,3600.0,103.0,11486,2,7
2482,1586628039.0,3600.0,4464.0,10583,2,7
2483,1586628039.0,3600.0,378.0,10363,2,10
2484,1586628039.0,3600.0,2943.0,10574,6,10
2485,1586628039.0,3600.0,2943.0,10574,2,10
2486,1586628039.0,3600.0,53304.0,10583,6,10
2487,1586628039.0,3600.0,1777.0,11486,2,10
2488,1586628039.0,3600.0,5145.0,11245,6,10
2489,1586628039.0,3600.0,5145.0,11245,2,10
2490,1586628039.0,3600.0,2924.0,11488,6,10
2491,1586628039.0,3600.0,2924.0,11488,2,10
2492,1586628039.0,3600.0,378.0,10363,6,10
2493,1586628039.0,3600.0,53304.0,10583,2,10
2494,1586628039.0,3600.0,311.0,11488,2,17
2495,1586628039.0,3600.0,5467.0,10582,2,7
2496,1586628039.0,3600.0,965.0,10567,2,7
2497,1586628039.0,3600.0,334.0,11245,2,7
2498,1586628039.0,3600.0,189.0,10574,2,7
2499,1586628039.0,3600.0,174.0,11488,2,7
2500,1586628039.0,3600.0,20.0,10363,2,7
2501,1586628039.0,3600.0,12770.0,10582,2,2
2502,1586628039.0,3600.0,777.0,11245,2,2
2503,1586628039.0,3600.0,482.0,10574,2,2
2504,1586628039.0,3600.0,240.0,11486,2,2
2505,1586628039.0,3600.0,10954.0,10583,2,2
2506,1586628039.0,3600.0,404.0,11488,2,2
2507,1586628039.0,3600.0,49.0,10363,2,2
2508,1586628039.0,3600.0,104.0,11488,2,6
2509,1586628039.0,3600.0,3264.0,10582,2,8
2510,1586628039.0,3600.0,4863.0,10583,2,8
2511,1586628039.0,3600.0,106.0,11486,2,8
2512,1586628039.0,3600.0,304.0,11245,2,8
2513,1586628039.0,3600.0,173.0,11488,2,8
2514,1586628039.0,3600.0,22.0,10363,2,8
2515,1586628039.0,3600.0,90.0,10574,2,8
2516,1586628039.0,3600.0,2063.0,10582,2,9
2517,1586628039.0,3600.0,125.0,11245,2,9
2518,1586628039.0,3600.0,67.0,10574,2,9
2519,1586628039.0,3600.0,36.0,11486,2,9
2520,1586628039.0,3600.0,1898.0,10583,2,9
2521,1586628039.0,3600.0,63.0,11488,2,9
2522,1586628039.0,3600.0,5.0,10363,2,9
2523,1586628039.0,3600.0,84910.0,11778,6,10
2524,1586628039.0,3600.0,143.0,10289,6,10
2525,1586628039.0,3600.0,84910.0,11778,2,10
2526,1586628039.0,3600.0,1380.0,10047,2,10
2527,1586628039.0,3600.0,9363.0,11778,2,7
2528,1586628039.0,3600.0,1401.0,10047,6,10
2529,1586628039.0,3600.0,464.0,10583,15,7
2530,1586628039.0,3600.0,4663.0,11778,2,9
2531,1586628039.0,3600.0,872.0,10,6,10
2532,1586628039.0,3600.0,124.0,10055,6,10
2533,1586628039.0,3600.0,124.0,10055,2,10
2534,1586628039.0,3600.0,77.0,10245,6,10
2535,1586628039.0,3600.0,77.0,10245,2,10
2536,1586628039.0,3600.0,356.0,11069,6,10
2537,1586628039.0,3600.0,356.0,11069,2,10
2538,1586628039.0,3600.0,226.0,10583,15,9
2539,1586628039.0,3600.0,8896.0,11778,2,8
2540,1586628039.0,3600.0,24693.0,11778,2,2
2541,1586628039.0,3600.0,1231.0,10583,15,2
2542,1586628039.0,3600.0,12.0,10047,2,9
2543,1586628039.0,3600.0,17.0,11069,2,7
2544,1586628039.0,3600.0,53.0,11069,2,2
2545,1586628039.0,3600.0,157.0,10047,2,2
2546,1586628039.0,3600.0,15.0,10055,2,2
2547,1586628039.0,3600.0,9.0,10245,2,2
2548,1586631639.0,3600.0,14.0,10047,2,2
2549,1586628039.0,3600.0,56.0,10047,2,7
2550,1586628039.0,3600.0,5.0,10055,2,7
2551,1586628039.0,3600.0,2.0,10245,2,7
2552,1586631639.0,3600.0,5.0,10047,2,7
2553,1586628039.0,3600.0,5.0,11069,2,9
2554,1586628039.0,3600.0,31.0,10047,2,8
2555,1586628039.0,3600.0,3.0,10055,2,8
2556,1586628039.0,3600.0,2.0,10245,2,8
2557,1586628039.0,3600.0,9.0,11069,2,8
2558,1586631639.0,3600.0,15.0,10047,2,8
2559,1586642439.0,3600.0,805.0,10047,2,10
2560,1586642439.0,3600.0,10.0,10047,2,2
2561,1586649639.0,3600.0,193.0,10047,2,10
2562,1586649639.0,3600.0,12.0,10245,2,2
2563,1586649639.0,3600.0,542.0,10053,2,2
2564,1586649639.0,3600.0,7528.0,11488,2,17
2565,1586649639.0,3600.0,31272.0,11488,2,10
2566,1586649639.0,3600.0,49149.0,11488,2,11
2567,1586649639.0,3600.0,11285.0,11488,2,7
2568,1586649639.0,3600.0,51.0,10047,2,8
2569,1586649639.0,3600.0,77.0,11488,2,8
2570,1586649639.0,3600.0,24046.0,11488,2,18
2571,1586649639.0,3600.0,4822.0,11488,2,9
2572,1586649639.0,3600.0,25.0,10047,2,9
2573,1586649639.0,3600.0,4.0,10245,2,8
2574,1586649639.0,3600.0,60.0,10053,2,8
2575,1586649639.0,3600.0,89.0,10053,2,9
2576,1586649639.0,3600.0,66.0,10047,2,7
2577,1586649639.0,3600.0,4.0,10245,2,7
2578,1586649639.0,3600.0,227.0,10053,2,7
2579,1586649639.0,3600.0,43356.0,11488,2,6
2580,1586649639.0,3600.0,26367.0,11488,2,2
2581,1586649639.0,3600.0,154.0,10047,2,2
2582,1586649639.0,3600.0,56.0,10245,2,10
2583,1586649639.0,3600.0,4885.0,10053,2,10
2584,1586649639.0,3600.0,3.0,11245,2,11
2585,1586649639.0,3600.0,8.0,11488,2,15
2586,1586649639.0,3600.0,4311.0,11245,2,10
2587,1586649639.0,3600.0,55920.0,11486,2,10
2588,1586649639.0,3600.0,130.0,10395,2,9
2589,1586649639.0,3600.0,145.0,11245,2,2
2590,1586649639.0,3600.0,6129.0,11486,2,6
2591,1586649639.0,3600.0,1466.0,10395,2,10
2592,1586649639.0,3600.0,4362.0,11486,2,9
2593,1586649639.0,3600.0,25.0,11245,2,9
2594,1586649639.0,3600.0,516.0,11486,4,11
2595,1586649639.0,3600.0,54556.0,11486,2,11
2596,1586649639.0,3600.0,49.0,10395,2,11
2597,1586649639.0,3600.0,11696.0,11486,2,17
2598,1586649639.0,3600.0,725.0,10395,2,2
2599,1586649639.0,3600.0,23636.0,11486,2,2
2600,1586649639.0,3600.0,304.0,10395,2,7
2601,1586649639.0,3600.0,9973.0,11486,2,7
2602,1586649639.0,3600.0,61.0,11245,2,7
2603,1586649639.0,3600.0,4.0,11486,2,15
2604,1586653239.0,3600.0,33192.0,11245,2,10
2605,1586653239.0,3600.0,1330.982066,10369,2,10
2606,1586649639.0,3600.0,2624.017939,10369,2,10
2607,1586653239.0,3600.0,923.0,10036,2,10
2608,1586653239.0,3600.0,34647.0,10583,2,10
2609,1586653239.0,3600.0,611.0,10047,2,10
2610,1586653239.0,3600.0,4362.0,10053,2,10
2611,1586653239.0,3600.0,2337.0,10508,2,10
2612,1586653239.0,3600.0,5144.0,11245,2,11
2613,1586653239.0,3600.0,95.0,10036,2,9
2614,1586653239.0,3600.0,36.0,10047,2,9
2615,1586653239.0,3600.0,122.0,10047,2,7
2616,1586653239.0,3600.0,17689.0,11245,2,2
2617,1586653239.0,3600.0,7131.0,10583,2,2
2618,1586653239.0,3600.0,832.0,10508,2,2
2619,1586653239.0,3600.0,276.0,10583,2,11
2620,1586653239.0,3600.0,10775.0,11245,2,7
2621,1586653239.0,3600.0,4347.0,10583,2,7
2622,1586653239.0,3600.0,508.0,10508,2,7
2623,1586653239.0,3600.0,340.0,10036,2,7
2624,1586653239.0,3600.0,734.0,10053,2,7
2625,1586653239.0,3600.0,567.0,10036,2,2
2626,1586653239.0,3600.0,1231.0,10053,2,2
2627,1586653239.0,3600.0,202.0,10047,2,2
2628,1586653239.0,3600.0,3186.0,11245,2,9
2629,1586653239.0,3600.0,1284.0,10583,2,9
2630,1586653239.0,3600.0,142.0,10508,2,9
2631,1586653239.0,3600.0,208.0,10053,2,9
2632,1586653239.0,3600.0,2923.0,11245,2,8
2633,1586653239.0,3600.0,132.0,10036,2,8
2634,1586653239.0,3600.0,150.0,10508,2,8
2635,1586653239.0,3600.0,239.0,10053,2,8
2636,1586653239.0,3600.0,40.0,10047,2,8
2637,1586653239.0,3600.0,1324.0,10583,2,8
2638,1586653239.0,3600.0,25.0,10583,2,17
2639,1586653239.0,3600.0,203.0,10567,2,18
2640,1586653239.0,3600.0,623.0,10395,2,10
2641,1586653239.0,3600.0,44509.0,10567,2,10
2642,1586653239.0,3600.0,3.0,10567,2,15
2643,1586653239.0,3600.0,52461.96292,10574,2,10
2644,1586653239.0,3600.0,3025.0,10567,2,17
2645,1586653239.0,3600.0,8256.0,10567,2,2
2646,1586653239.0,3600.0,1047.0,10567,2,6
2647,1586653239.0,3600.0,201.0,10574,2,6
2648,1586653239.0,3600.0,4323.0,10574,2,11
2649,1586653239.0,3600.0,5958.0,10574,2,7
2650,1586653239.0,3600.0,4223.0,10567,2,7
2651,1586653239.0,3600.0,4451.0,10574,2,18
2652,1586653239.0,3600.0,5815.0,10567,2,11
2653,1586653239.0,3600.0,11644.0,10574,2,2
2654,1586656839.0,3600.0,20834.03708,10574,2,10
2655,1586656839.0,3600.0,3331.0,10395,2,10
2656,1586656839.0,3600.0,14415.0,10053,2,10
2657,1586656839.0,3600.0,25235.0,11069,2,10
2658,1586656839.0,3600.0,187.0,11069,2,18
2659,1586656839.0,3600.0,23553.0,10449,2,10
2660,1586656839.0,3600.0,2244.0,10449,2,8
2661,1586656839.0,3600.0,4182.0,11069,2,8
2662,1586656839.0,3600.0,147.0,11069,2,11
2663,1586656839.0,3600.0,2422.0,10574,2,11
2664,1586656839.0,3600.0,222.0,10395,2,11
2665,1586656839.0,3600.0,1565.0,10449,2,9
2666,1586656839.0,3600.0,1380.0,10395,2,2
2667,1586656839.0,3600.0,7710.0,10574,2,2
2668,1586656839.0,3600.0,7290.0,10053,2,2
2669,1586656839.0,3600.0,8451.0,10449,2,2
2670,1586656839.0,3600.0,16500.0,11069,2,2
2671,1586656839.0,3600.0,1020.0,10449,2,11
2672,1586656839.0,3600.0,3196.0,11069,2,9
2673,1586656839.0,3600.0,267.0,10395,2,9
2674,1586656839.0,3600.0,1494.0,10574,2,9
2675,1586656839.0,3600.0,1372.0,10053,2,9
2676,1586656839.0,3600.0,2387.0,10574,2,8
2677,1586656839.0,3600.0,2172.0,10053,2,8
2678,1586656839.0,3600.0,402.0,10395,2,8
2679,1586656839.0,3600.0,7.0,11069,2,4
2680,1586656839.0,3600.0,16.0,11069,2,6
2681,1586656839.0,3600.0,21.0,10047,2,9
2682,1586656839.0,3600.0,42.0,10009,11,7
2683,1586656839.0,3600.0,63.0,10009,11,2
2684,1586656839.0,3600.0,160.0,10047,2,2
2685,1586656839.0,3600.0,34.0,10047,2,8
2686,1586656839.0,3600.0,12.0,10009,11,9
2687,1586656839.0,3600.0,1110.0,10449,2,7
2688,1586656839.0,3600.0,580.0,10053,2,7
2689,1586656839.0,3600.0,111.0,10047,2,7
2690,1586656839.0,3600.0,18.0,10009,11,11
2691,1586656839.0,3600.0,6.0,10081,11,11
2692,1586692841.0,3600.0,200.0,10047,2,10
2693,1586692841.0,3600.0,18522.0,10198,2,10
2694,1586692841.0,3600.0,135.0,10245,2,10
2695,1586692841.0,3600.0,5565.904029,10053,2,10
2696,1586692841.0,3600.0,25433.0,10265,2,10
2697,1586692841.0,3600.0,2043.0,10336,2,10
2698,1586692841.0,3600.0,443.244983,10053,2,7
2699,1586692841.0,3600.0,12.0,10289,2,7
2700,1586692841.0,3600.0,127.0,10336,2,8
2701,1586692841.0,3600.0,1542.0,10265,2,8
2702,1586692841.0,3600.0,7.0,10289,2,8
2703,1586692841.0,3600.0,18.0,10213,2,8
2704,1586696441.0,3600.0,10141.0,10265,2,10
2705,1586692841.0,3600.0,8.0,10245,2,8
2706,1586692841.0,3600.0,123.0,10053,2,8
2707,1586692841.0,3600.0,127.0,10289,2,10
2708,1586692841.0,3600.0,381.0,10449,2,10
2709,1586692841.0,3600.0,1151.0,10198,2,8
2710,1586692841.0,3600.0,20.0,11069,2,8
2711,1586692841.0,3600.0,2984.0,10198,2,7
2712,1586692841.0,3600.0,60.0,11069,2,7
2713,1586692841.0,3600.0,243.0,10336,2,7
2714,1586692841.0,3600.0,3695.0,10265,2,7
2715,1586692841.0,3600.0,13.0,10245,2,7
2716,1586692841.0,3600.0,33.0,10213,2,7
2717,1586696441.0,3600.0,168.0,11854,2,17
2718,1586692841.0,3600.0,322.0,10213,2,10
2719,1586692841.0,3600.0,610.0,11069,2,10
2720,1586692841.0,3600.0,804.0,10198,2,9
2721,1586692841.0,3600.0,64.0,10336,2,9
2722,1586692841.0,3600.0,990.0,10265,2,9
2723,1586692841.0,3600.0,114.470184,10053,2,9
2724,1586692841.0,3600.0,4.0,10245,2,9
2725,1586692841.0,3600.0,2.0,10289,2,9
2726,1586692841.0,3600.0,6.0,10213,2,9
2727,1586692841.0,3600.0,10.0,11069,2,9
2728,1586692841.0,3600.0,6765.0,10198,2,2
2729,1586692841.0,3600.0,126.0,11069,2,2
2730,1586692841.0,3600.0,552.0,10336,2,2
2731,1586692841.0,3600.0,8377.0,10265,2,2
2732,1586692841.0,3600.0,34.0,10245,2,2
2733,1586692841.0,3600.0,955.481688,10053,2,2
2734,1586692841.0,3600.0,32.0,10289,2,2
2735,1586692841.0,3600.0,73.0,10213,2,2
2736,1586692841.0,3600.0,1.0,10449,2,11
2737,1586692841.0,3600.0,4.0,11069,2,11
2738,1586696441.0,3600.0,403.0,10265,2,11
2739,1586696441.0,3600.0,762.0,10047,2,10
2740,1586696441.0,3600.0,75766.09596,10053,2,10
2741,1586696441.0,3600.0,5393.0,10508,2,10
2742,1586696441.0,3600.0,489.0,11854,2,10
2743,1586692841.0,3600.0,63.0,10265,4,11
2744,1586692841.0,3600.0,99.0,10265,2,11
2745,1586692841.0,3600.0,88.0,10198,2,11
2746,1586692841.0,3600.0,104.0,10122,11,11
2747,1586692841.0,3600.0,4.0,10336,2,11
2748,1586692841.0,3600.0,1.0,10213,2,11
2749,1586692841.0,3600.0,23.0,10449,2,7
2750,1586696441.0,3600.0,350.0,10047,2,2
2751,1586696441.0,3600.0,36.0,10245,2,2
2752,1586696441.0,3600.0,228.0,10245,2,10
2753,1586696441.0,3600.0,3786.0,10265,2,2
2754,1586696441.0,3600.0,759.0,10508,2,2
2755,1586696441.0,3600.0,1875.0,11855,2,2
2756,1586696441.0,3600.0,62.0,11854,2,2
2757,1586692841.0,3600.0,50.0,10449,2,2
2758,1586696441.0,3600.0,21600.086068,10053,2,2
2759,1586696441.0,3600.0,12522.0,11855,2,10
2760,1586696441.0,3600.0,668.0,10567,2,18
2761,1586696441.0,3600.0,1299.0,10567,2,10
2762,1586696441.0,3600.0,186.0,11855,4,11
2763,1586696441.0,3600.0,145.0,11855,2,11
2764,1586696441.0,3600.0,2054.0,10265,2,7
2765,1586696441.0,3600.0,373.0,10508,2,7
2766,1586696441.0,3600.0,935.0,11855,2,7
2767,1586696441.0,3600.0,12031.039884,10053,2,7
2768,1586696441.0,3600.0,29.0,11854,2,7
2769,1586696441.0,3600.0,182.0,10047,2,7
2770,1586696441.0,3600.0,18.0,10245,2,7
2771,1586696441.0,3600.0,539.0,10265,2,9
2772,1586696441.0,3600.0,116.0,10508,2,9
2773,1586696441.0,3600.0,282.0,11855,2,9
2774,1586692841.0,3600.0,7.0,10449,2,9
2775,1586696441.0,3600.0,1771.72714,10053,2,9
2776,1586696441.0,3600.0,8.0,11854,2,9
2777,1586696441.0,3600.0,41.0,10047,2,9
2778,1586696441.0,3600.0,4316.0,11858,2,10
2779,1586696441.0,3600.0,436.0,10567,2,2
2780,1586696441.0,3600.0,241.0,10567,2,7
2781,1586696441.0,3600.0,396.0,11859,2,7
2782,1586696441.0,3600.0,1035.0,11858,2,7
2783,1586696441.0,3600.0,353.0,10395,2,7
2784,1586696441.0,3600.0,600.0,11859,2,2
2785,1586696441.0,3600.0,1640.0,11858,2,2
2786,1586696441.0,3600.0,552.0,10395,2,2
2787,1586696441.0,3600.0,402.0,10265,4,11
2788,1586696441.0,3600.0,120.0,10395,2,11
2789,1586696441.0,3600.0,2121.0,11859,2,10
2790,1586696441.0,3600.0,1988.0,10395,2,10
2791,1586696441.0,3600.0,37.0,10567,2,6
2792,1586696441.0,3600.0,61.0,10567,2,9
2793,1586696441.0,3600.0,135.0,11858,2,9
2794,1586696441.0,3600.0,42.0,10395,2,9
2795,1586696441.0,3600.0,2.0,10245,2,9
2796,1586696441.0,3600.0,27.0,11859,2,9
2797,1586696441.0,3600.0,17.0,10567,2,11
2798,1586696441.0,3600.0,3072.0539,10053,2,8
2799,1586696441.0,3600.0,184.0,11858,2,8
2800,1586696441.0,3600.0,125.0,10085,2,8
2801,1586696441.0,3600.0,1702.0,10085,2,2
2802,1586696441.0,3600.0,94.0,11859,2,8
2803,1586696441.0,3600.0,64.0,10395,2,8
2804,1586696441.0,3600.0,7535.0,10085,2,10
2805,1586696441.0,3600.0,357.0,10085,2,7
2806,1586696441.0,3600.0,927.0,11863,2,9
2807,1586696441.0,3600.0,19439.0,11863,2,10
2808,1586696441.0,3600.0,145.0,10085,2,11
2809,1586696441.0,3600.0,5293.0,11863,2,2
2810,1586696441.0,3600.0,208.0,10085,2,9
2811,1586696441.0,3600.0,4895.0,11863,2,11
2812,1586696441.0,3600.0,21033.0,11866,2,10
2813,1586696441.0,3600.0,314.0,10053,2,11
2814,1586696441.0,3600.0,1094.0,11866,2,8
2815,1586696441.0,3600.0,436.0,11863,2,8
2816,1586696441.0,3600.0,9464.0,11866,2,2
2817,1586696441.0,3600.0,1689.0,11866,2,9
2818,1586696441.0,3600.0,314.0,10053,3,11
2819,1586696441.0,3600.0,5119.0,11866,2,11
2820,1586696441.0,3600.0,5900.0,11866,2,7
2821,1586696441.0,3600.0,2097.0,11863,2,7
2822,1586696441.0,3600.0,395.420104,10197,11,2
2823,1586700041.0,3600.0,148.0,10567,2,2
2824,1586700041.0,3600.0,36.579896,10197,11,2
2825,1586700041.0,3600.0,160.9461,10053,2,8
2826,1586700041.0,3600.0,20.0,10567,2,8
2827,1586700041.0,3600.0,271.715134,10053,2,7
2828,1586696441.0,3600.0,33.720412,10197,11,9
2829,1586700041.0,3600.0,10.0,10567,2,9
2830,1586696441.0,3600.0,89.674939,10197,11,7
2831,1586700041.0,3600.0,33.0,10567,2,7
2832,1586700041.0,3600.0,930.432246,10053,2,2
2833,1586700041.0,3600.0,8.325061,10197,11,7
2834,1586700041.0,3600.0,3.279589,10197,11,9
2835,1586700041.0,3600.0,100.802677,10053,2,9
2836,1586700041.0,3600.0,14906.0,10053,2,10
2837,1586700041.0,3600.0,16.0,10053,6,10
2838,1586700041.0,3600.0,10.0,10427,2,18
2839,1586700041.0,3600.0,16.0,10427,2,10
2840,1586700041.0,3600.0,7.0,10427,6,10
2841,1586700041.0,3600.0,2.0,11859,2,10
2842,1586700041.0,3600.0,720.0,10047,2,10
2843,1586700041.0,3600.0,101.0,10245,2,10
2844,1586700041.0,3600.0,2639.0,11334,2,10
2845,1586700041.0,3600.0,5840.0,11276,2,10
2846,1586700041.0,3600.0,16408.0,10395,2,10
2847,1586700041.0,3600.0,48.0,11276,2,9
2848,1586700041.0,3600.0,2.0,11859,2,9
2849,1586700041.0,3600.0,175.0,10272,2,2
2850,1586700041.0,3600.0,423.0,11276,2,2
2851,1586700041.0,3600.0,22.0,11859,2,2
2852,1586700041.0,3600.0,53.0,10272,2,7
2853,1586700041.0,3600.0,123.0,10047,2,7
2854,1586700041.0,3600.0,2.0,10245,2,7
2855,1586700041.0,3600.0,66.0,11334,2,7
2856,1586700041.0,3600.0,133.0,11276,2,7
2857,1586700041.0,3600.0,5.0,11859,2,7
2858,1586700041.0,3600.0,410.0,10047,2,2
2859,1586700041.0,3600.0,7.0,10245,2,2
2860,1586700041.0,3600.0,214.0,11334,2,2
2861,1586700041.0,3600.0,7820.0,10272,2,10
2862,1586700041.0,3600.0,7.0,11276,2,11
2863,1586700041.0,3600.0,31.0,10047,2,9
2864,1586700041.0,3600.0,24.0,11334,2,9
2865,1586700041.0,3600.0,20.0,10272,2,9
2866,1586700041.0,3600.0,3.0,11859,2,8
2867,1586700041.0,3600.0,49.0,10047,2,8
2868,1586700041.0,3600.0,63.0,11276,2,8
2869,1586700041.0,3600.0,34.0,11334,2,8
2870,1586700041.0,3600.0,27.0,10272,2,8
2871,1586700041.0,3600.0,923.0,10395,2,11
2872,1586703641.0,3600.0,3.0,10245,2,2
2873,1586703641.0,3600.0,1046.0,10395,2,7
2874,1586703641.0,3600.0,10571.0,10053,2,7
2875,1586703641.0,3600.0,23.0,10395,2,9
2876,1586703641.0,3600.0,723.0,10395,2,11
2877,1586703641.0,3600.0,1946.0,10395,2,2
2878,1586703641.0,3600.0,10.0,10047,2,2
2879,1586703641.0,3600.0,1213.0,10053,2,9
2880,1586703641.0,3600.0,17208.0,10053,2,2
2881,1586703641.0,3600.0,65.0,10245,2,10
2882,1586703641.0,3600.0,106749.0,10053,2,10
2883,1586703641.0,3600.0,12192.0,10395,2,10
2884,1586703641.0,3600.0,97.0,10395,2,8
2885,1586703641.0,3600.0,625.0,10053,2,8
2886,1586703641.0,3600.0,8212.0,10265,2,10
2887,1586703641.0,3600.0,182.0,10395,4,11
2888,1586703641.0,3600.0,956.0,10265,2,2
2889,1586703641.0,3600.0,807.0,10265,2,7
2890,1586703641.0,3600.0,3106.0,11854,2,2
2891,1586703641.0,3600.0,1169.0,10036,2,10
2892,1586703641.0,3600.0,2327.0,11854,2,6
2893,1586703641.0,3600.0,1646.0,11854,2,7
2894,1586703641.0,3600.0,68.0,10036,2,7
2895,1586703641.0,3600.0,77.0,10036,2,2
2896,1586703641.0,3600.0,3407.0,11854,2,17
2897,1586703641.0,3600.0,7639.0,11854,2,10
2898,1586703641.0,3600.0,1840.0,10508,2,10
2899,1586703641.0,3600.0,85.0,11854,2,15
2900,1586703641.0,3600.0,5929.0,11854,2,11
2901,1586703641.0,3600.0,1289.0,10198,2,7
2902,1586703641.0,3600.0,323.0,10508,2,2
2903,1586703641.0,3600.0,2463.0,10198,2,2
2904,1586703641.0,3600.0,48.0,10508,2,9
2905,1586703641.0,3600.0,4.0,10265,2,9
2906,1586703641.0,3600.0,20179.0,10198,2,10
2907,1586703641.0,3600.0,363.0,10198,2,9
2908,1586703641.0,3600.0,452.0,11854,2,9
2909,1586703641.0,3600.0,104.0,10363,2,10
2910,1586703641.0,3600.0,16.0,10363,2,2
2911,1586703641.0,3600.0,168.0,10508,2,7
2912,1586703641.0,3600.0,10.0,10363,2,7
2913,1586703641.0,3600.0,1784.0,10198,2,11
2914,1586703641.0,3600.0,1784.0,10198,4,11
2915,1586703641.0,3600.0,44.0,10047,2,10
2916,1586707241.0,3600.0,40.0,10265,2,7
2917,1586707241.0,3600.0,17.0,10047,2,7
2918,1586707241.0,3600.0,273.0,10053,2,7
2919,1586707241.0,3600.0,95.0,10265,2,2
2920,1586707241.0,3600.0,14.0,10245,2,2
2921,1586707241.0,3600.0,499.0,10047,2,10
2922,1586707241.0,3600.0,7171.0,10265,2,10
2923,1586707241.0,3600.0,49.0,10047,2,2
2924,1586707241.0,3600.0,1027.0,10053,2,2
2925,1586707241.0,3600.0,11.0,10265,2,9
2926,1586707241.0,3600.0,2456.0,10053,2,10
2927,1586707241.0,3600.0,228.0,10245,2,10
2928,1586707241.0,3600.0,2827.0,10395,2,10
2929,1586707241.0,3600.0,6.0,10245,2,7
2930,1586707241.0,3600.0,137.0,10395,2,11
2931,1586707241.0,3600.0,879.0,10395,4,11
2932,1586707241.0,3600.0,49.0,10395,2,9
2933,1586707241.0,3600.0,56.0,10053,2,9
2934,1586707241.0,3600.0,210.0,10053,2,8
2935,1586707241.0,3600.0,129.0,10395,2,8
2936,1586707241.0,3600.0,740.0,10395,2,2
2937,1586707241.0,3600.0,177.0,10395,2,7
2938,1586714441.0,3600.0,1883.0,11913,2,2
2939,1586714441.0,3600.0,36.0,11912,2,2
2940,1586714441.0,3600.0,20.0,10048,11,2
2941,1586714441.0,3600.0,1041.0,11913,2,7
2942,1586714441.0,3600.0,3806.072166,10053,2,7
2943,1586714441.0,3600.0,8928.0,11913,9,10
2944,1586714441.0,3600.0,8928.0,11913,2,10
2945,1586714441.0,3600.0,20276.664413,10053,9,10
2946,1586714441.0,3600.0,18.0,11912,2,7
2947,1586714441.0,3600.0,11.0,10048,11,7
2948,1586714441.0,3600.0,26854.664413,10053,2,10
2949,1586714441.0,3600.0,66.0,11913,2,11
2950,1586714441.0,3600.0,3.0,11912,2,11
2951,1586714441.0,3600.0,197.0,11913,2,9
2952,1586714441.0,3600.0,3.0,11912,2,9
2953,1586714441.0,3600.0,2.0,10048,11,9
2954,1586714441.0,3600.0,5125.192353,10053,2,2
2955,1586714441.0,3600.0,111.0,10053,2,9
2956,1586714441.0,3600.0,572.0,10198,9,10
2957,1586714441.0,3600.0,572.0,10198,2,10
2958,1586714441.0,3600.0,154.030236,11276,11,7
2959,1586718041.0,3600.0,69.969764,11276,11,7
2960,1586718041.0,3600.0,19863.335598,10053,9,10
2961,1586718041.0,3600.0,88.711636,11276,11,2
2962,1586718041.0,3600.0,4618.807648,10053,2,2
2963,1586714441.0,3600.0,549.431624,10053,2,8
2964,1586718041.0,3600.0,19863.335598,10053,2,10
2965,1586714441.0,3600.0,195.288364,11276,11,2
2966,1586718041.0,3600.0,644.568377,10053,2,8
2967,1586718041.0,3600.0,2150.927835,10053,2,7
2968,1586718041.0,3600.0,182.0,10053,2,9
2969,1586732441.0,3600.0,6471.0,10053,2,7
2970,1586728841.0,3600.0,53194.73582,10053,9,10
2971,1586725241.0,3600.0,46820.118534,10053,2,10
2972,1586732441.0,3600.0,27386.080282,10053,2,10
2973,1586728841.0,3600.0,53194.801185,10053,2,10
2974,1586725241.0,3600.0,46820.061002,10053,9,10
2975,1586732441.0,3600.0,27382.203178,10053,9,10
2976,1586736041.0,3600.0,66.0,10047,2,10
2977,1586736041.0,3600.0,2.0,10047,2,2
2978,1586750443.0,3600.0,675.0,10009,11,2
2979,1586761243.0,3600.0,58.0,11276,11,11
2980,1586761243.0,3600.0,178.0,11276,11,2
2981,1586772043.0,3600.0,56.0,10047,2,10
2982,1586775643.0,3600.0,297.0,10047,2,10
2983,1586775643.0,3600.0,65929.0,10265,2,10
2984,1586775643.0,3600.0,100.0,10245,2,10
2985,1586775643.0,3600.0,38856.940241,10053,2,10
2986,1586775643.0,3600.0,49736.0,10265,9,10
2987,1586775643.0,3600.0,8125.0,11855,2,10
2988,1586775643.0,3600.0,410.0,11855,2,2
2989,1586775643.0,3600.0,6022.0,10265,2,2
2990,1586775643.0,3600.0,3456.117729,10053,2,2
2991,1586775643.0,3600.0,6317.0,10265,2,7
2992,1586775643.0,3600.0,4489.260064,10053,2,7
2993,1586775643.0,3600.0,37117.940241,10053,9,10
2994,1586775643.0,3600.0,447.0,11855,2,7
2995,1586775643.0,3600.0,8125.0,11855,9,10
2996,1586775643.0,3600.0,37.0,10047,9,10
2997,1586775643.0,3600.0,82.0,11855,2,9
2998,1586775643.0,3600.0,778.0,10265,2,9
2999,1586775643.0,3600.0,64.0,10053,2,9
3000,1586775643.0,3600.0,1972.0,11858,9,10
3001,1586775643.0,3600.0,1972.0,11858,2,10
3002,1586775643.0,3600.0,964.0,10508,9,10
3003,1586775643.0,3600.0,964.0,10508,2,10
3004,1586775643.0,3600.0,312.0,11858,2,2
3005,1586775643.0,3600.0,184.0,10508,2,7
3006,1586775643.0,3600.0,311.0,11858,2,7
3007,1586775643.0,3600.0,184.0,10508,2,2
3008,1586779243.0,3600.0,107079.059766,10053,2,10
3009,1586779243.0,3600.0,107061.059766,10053,9,10
3010,1586779243.0,3600.0,2657.882271,10053,2,2
3011,1586779243.0,3600.0,6479.739935,10053,2,7
3012,1586782843.0,3600.0,10307.0,11276,2,10
3013,1586782843.0,3600.0,96.0,10245,2,10
3014,1586782843.0,3600.0,165339.0,10053,9,10
3015,1586782843.0,3600.0,166029.0,10053,2,10
3016,1586782843.0,3600.0,4554.0,10053,2,2
3017,1586782843.0,3600.0,9310.0,10053,2,7
3018,1586786443.0,3600.0,241.0,10363,2,10
3019,1586786443.0,3600.0,29261.0,10053,9,10
3020,1586786443.0,3600.0,819.0,10395,4,11
3021,1586786443.0,3600.0,606.0,10395,2,11
3022,1586786443.0,3600.0,1626.0,10047,2,10
3023,1586786443.0,3600.0,5304.0,10395,2,10
3024,1586786443.0,3600.0,143.0,10395,2,7
3025,1586786443.0,3600.0,56.0,10047,2,7
3026,1586786443.0,3600.0,129.0,10053,2,7
3027,1586786443.0,3600.0,98.0,10245,2,10
3028,1586786443.0,3600.0,40637.0,10053,2,10
3029,1586786443.0,3600.0,1041.0,10198,2,10
3030,1586786443.0,3600.0,203.0,10395,2,2
3031,1586786443.0,3600.0,81.0,10047,2,2
3032,1586786443.0,3600.0,4.0,10245,2,2
3033,1586786443.0,3600.0,184.0,10053,2,2
3034,1586790043.0,3600.0,94.0,10047,2,2
3035,1586790043.0,3600.0,4663.0,10047,2,10
3036,1586790043.0,3600.0,26.0,10047,2,7
3037,1586790043.0,3600.0,387.0,10055,2,10
3038,1586790043.0,3600.0,16.0,10055,2,2
3039,1586793643.0,3600.0,442.0,10047,2,10
3040,1586800843.0,3600.0,377.0,10047,2,10
3041,1586818843.0,3600.0,1031.0,10047,2,10
3042,1586826043.0,3600.0,15815.0,10272,2,10
3043,1586826043.0,3600.0,2089.0,10053,2,10
3044,1586826043.0,3600.0,11484.0,10248,2,10
3045,1586826043.0,3600.0,63.0,10363,2,10
3046,1586826043.0,3600.0,668.0,10047,2,10
3047,1586826043.0,3600.0,37.0,10245,2,10
3048,1586826043.0,3600.0,65.0,10369,2,7
3049,1586826043.0,3600.0,340.0,10369,2,10
3050,1586826043.0,3600.0,93.0,10053,2,9
3051,1586826043.0,3600.0,2.0,10363,2,9
3052,1586826043.0,3600.0,15.0,10369,2,9
3053,1586826043.0,3600.0,3033.0,10248,2,7
3054,1586826043.0,3600.0,892.0,10248,2,9
3055,1586826043.0,3600.0,1273.0,10272,2,9
3056,1586826043.0,3600.0,113.0,10198,2,9
3057,1586826043.0,3600.0,4.0,10245,2,9
3058,1586826043.0,3600.0,36.0,10047,2,9
3059,1586826043.0,3600.0,4215.0,10272,2,7
3060,1586826043.0,3600.0,180.0,10198,2,7
3061,1586826043.0,3600.0,20.0,10245,2,7
3062,1586826043.0,3600.0,137.0,10047,2,7
3063,1586826043.0,3600.0,257.0,10053,2,7
3064,1586826043.0,3600.0,9.0,10363,2,7
3065,1586826043.0,3600.0,1333.0,10508,2,10
3066,1586826043.0,3600.0,2640.0,10198,2,10
3067,1586826043.0,3600.0,8056.0,10248,2,2
3068,1586826043.0,3600.0,11223.0,10272,2,2
3069,1586826043.0,3600.0,518.0,10198,2,2
3070,1586826043.0,3600.0,65.0,10245,2,2
3071,1586826043.0,3600.0,362.0,10047,2,2
3072,1586826043.0,3600.0,735.0,10053,2,2
3073,1586826043.0,3600.0,30.0,10363,2,2
3074,1586826043.0,3600.0,177.0,10369,2,2
3075,1586826043.0,3600.0,7112.0,10248,2,11
3076,1586826043.0,3600.0,29.0,10508,2,7
3077,1586826043.0,3600.0,114.0,10508,2,2
3078,1586826043.0,3600.0,45.0,10508,2,9
3079,1586829643.0,3600.0,365.0,11276,11,2
3080,1586829643.0,3600.0,129.0,11276,11,11
3081,1586836845.0,3600.0,42.0,10009,11,11
3082,1586836845.0,3600.0,1536.0,10009,11,2
3083,1586836845.0,3600.0,156.0,10595,11,11
3084,1586836845.0,3600.0,102.0,10081,11,11
3085,1586862045.0,3600.0,600.0,10047,2,10
3086,1586865645.0,3600.0,1734.0,10047,2,10
3087,1586865645.0,3600.0,1290.0,10036,2,10
3088,1586865645.0,3600.0,895.0,10508,2,10
3089,1586865645.0,3600.0,40.0,10036,2,2
3090,1586865645.0,3600.0,18.0,10508,2,2
3091,1586869245.0,3600.0,1574.0,11245,2,2
3092,1586869245.0,3600.0,79.0,10248,2,2
3093,1586869245.0,3600.0,12.0,10053,2,9
3094,1586869245.0,3600.0,126.0,10,9,10
3095,1586869245.0,3600.0,653.0,10508,9,10
3096,1586869245.0,3600.0,653.0,10508,2,10
3097,1586869245.0,3600.0,2647.0,10047,2,10
3098,1586869245.0,3600.0,2497.0,10248,2,11
3099,1586869245.0,3600.0,164.0,10122,11,11
3100,1586869245.0,3600.0,269.0,11245,2,9
3101,1586869245.0,3600.0,13.0,10248,2,9
3102,1586869245.0,3600.0,20.0,10009,11,11
3103,1586869245.0,3600.0,186.0,11245,2,11
3104,1586869245.0,3600.0,36.0,10047,2,9
3105,1586869245.0,3600.0,114.0,10363,9,10
3106,1586869245.0,3600.0,114.0,10363,2,10
3107,1586869245.0,3600.0,8744.0,10248,9,10
3108,1586869245.0,3600.0,8744.0,10248,2,10
3109,1586869245.0,3600.0,2905.0,10053,2,10
3110,1586869245.0,3600.0,18296.0,11245,2,10
3111,1586869245.0,3600.0,255.0,10047,2,2
3112,1586869245.0,3600.0,92.0,10053,2,2
3113,1586869245.0,3600.0,17080.0,11245,9,10
3114,1586869245.0,3600.0,2100.0,10053,9,10
3115,1586869245.0,3600.0,1112.0,11245,2,7
3116,1586869245.0,3600.0,54.0,10248,2,7
3117,1586869245.0,3600.0,178.0,10047,2,7
3118,1586869245.0,3600.0,62.0,10053,2,7
3119,1586869245.0,3600.0,252.0,10369,9,10
3120,1586869245.0,3600.0,252.0,10369,2,10
3121,1586872845.0,3600.0,263.0,10047,2,10
3122,1586876445.0,3600.0,868.0,11276,11,2
3123,1586876445.0,3600.0,67.0,10047,2,2
3124,1586876445.0,3600.0,2282.0,10036,2,10
3125,1586876445.0,3600.0,3746.0,10508,2,10
3126,1586876445.0,3600.0,1008.0,10047,2,10
3127,1586876445.0,3600.0,144.0,10036,2,2
3128,1586876445.0,3600.0,286.0,10508,2,2
3129,1586876445.0,3600.0,84.0,10245,2,10
3130,1586876445.0,3600.0,1005.0,10053,2,10
3131,1586876445.0,3600.0,154.0,10508,2,7
3132,1586876445.0,3600.0,46.0,10036,2,7
3133,1586876445.0,3600.0,15.0,10047,2,7
3134,1586876445.0,3600.0,43.0,10053,2,7
3135,1586876445.0,3600.0,46.0,10508,2,9
3136,1586876445.0,3600.0,3.0,10245,2,2
3137,1586876445.0,3600.0,15.0,10036,2,9
3138,1586876445.0,3600.0,11.0,10053,2,9
3139,1586876445.0,3600.0,72.0,10053,2,2
3140,1586883645.0,3600.0,565.0,10047,2,10
3141,1586887245.0,3600.0,282.0,10047,2,10
3142,1586890845.0,3600.0,588.0,10047,2,10
3143,1586901645.0,3600.0,628.0,10047,2,10
3144,1586901645.0,3600.0,49562.0,10318,9,10
3145,1586901645.0,3600.0,89.0,10245,2,10
3146,1586901645.0,3600.0,972.0,10053,2,10
3147,1586901645.0,3600.0,51669.0,10318,2,10
3148,1586901645.0,3600.0,23.0,10053,2,7
3149,1586901645.0,3600.0,4.0,10047,2,7
3150,1586901645.0,3600.0,2464.0,10318,2,2
3151,1586901645.0,3600.0,20.0,10053,2,2
3152,1586901645.0,3600.0,2673.0,10318,2,7
3153,1586901645.0,3600.0,3.0,10047,2,2
3154,1586901645.0,3600.0,283.0,10318,2,9
3155,1586905245.0,3600.0,14539.0,11101,9,10
3156,1586905245.0,3600.0,8886.0,10053,2,10
3157,1586905245.0,3600.0,2827.0,11101,2,11
3158,1586905245.0,3600.0,5466.0,11101,2,2
3159,1586905245.0,3600.0,14539.0,11101,2,10
3160,1586905245.0,3600.0,8886.0,10053,9,10
3161,1586905245.0,3600.0,210.0,10427,9,10
3162,1586905245.0,3600.0,210.0,10427,2,10
3163,1586905245.0,3600.0,397.0,10053,2,9
3164,1586905245.0,3600.0,12.0,10427,2,9
3165,1586905245.0,3600.0,2795.0,11101,2,7
3166,1586905245.0,3600.0,2441.0,10053,2,2
3167,1586905245.0,3600.0,95.0,10427,2,2
3168,1586905245.0,3600.0,896.0,11101,2,9
3169,1586905245.0,3600.0,1245.0,10053,2,7
3170,1586905245.0,3600.0,48.0,10427,2,7
3171,1586905245.0,3600.0,1372.0,11101,2,8
3172,1586905245.0,3600.0,201.0,10053,2,8
3173,1586905245.0,3600.0,4.0,10427,2,8
3174,1586905245.0,3600.0,17.0,10427,2,6
3175,1586908845.0,3600.0,1559.0,12185,2,11
3176,1586908845.0,3600.0,116510.0,12185,9,10
3177,1586908845.0,3600.0,116510.0,12185,2,10
3178,1586908845.0,3600.0,26.0,10369,2,2
3179,1586908845.0,3600.0,10364.0,12185,2,2
3180,1586908845.0,3600.0,5333.0,10198,2,10
3181,1586908845.0,3600.0,3517.0,10053,2,2
3182,1586908845.0,3600.0,20067.0,12187,9,10
3183,1586908845.0,3600.0,27259.0,10053,2,10
3184,1586908845.0,3600.0,7593.0,11245,9,10
3185,1586908845.0,3600.0,7593.0,11245,2,10
3186,1586908845.0,3600.0,27259.0,10053,9,10
3187,1586908845.0,3600.0,5333.0,10198,9,10
3188,1586908845.0,3600.0,20067.0,12187,2,10
3189,1586908845.0,3600.0,1194.0,10198,2,2
3190,1586908845.0,3600.0,520.0,12187,2,2
3191,1586908845.0,3600.0,470.0,12186,9,10
3192,1586908845.0,3600.0,470.0,12186,2,10
3193,1586908845.0,3600.0,1800.0,11245,2,2
3194,1586908845.0,3600.0,97.0,12186,2,2
3195,1586944846.0,3600.0,88.0,10047,2,10
3196,1586952046.0,3600.0,164.0,10047,2,10
3197,1586955646.0,3600.0,514.0,11276,11,11
3198,1586955646.0,3600.0,291.0,11276,11,7
3199,1586955646.0,3600.0,95.0,10081,11,11
3200,1586955646.0,3600.0,93.0,10122,11,11
3201,1586955646.0,3600.0,144.0,10009,11,11
3202,1586959246.0,3600.0,259.0,10047,2,10
3203,1586966446.0,3600.0,3.0,10047,2,8
3204,1586966446.0,3600.0,108.0,10053,2,8
3205,1586966446.0,3600.0,3.0,10265,2,8
3206,1586966446.0,3600.0,167.0,10053,2,9
3207,1586966446.0,3600.0,643.0,10053,2,7
3208,1586966446.0,3600.0,3.0,10265,2,7
3209,1586966446.0,3600.0,5.0,10047,2,2
3210,1586966446.0,3600.0,1021.0,10053,2,2
3211,1586966446.0,3600.0,1.0,10265,2,9
3212,1586966446.0,3600.0,1.0,10047,2,7
3213,1586966446.0,3600.0,9.0,10265,2,2
3214,1586966446.0,3600.0,7213.0,10053,2,10
3215,1586966446.0,3600.0,7197.0,10053,9,10
3216,1586966446.0,3600.0,36.0,10009,11,7
3217,1586966446.0,3600.0,9.0,10009,11,9
3218,1586966446.0,3600.0,53.0,10009,11,2
3219,1586970046.0,3600.0,1032.0,10047,2,10
3220,1586970046.0,3600.0,8.0,10047,2,2
3221,1586970046.0,3600.0,128.0,11276,11,2
3222,1586970046.0,3600.0,83.0,10245,2,10
3223,1586970046.0,3600.0,1583.0,10198,2,10
3224,1586970046.0,3600.0,121.0,10198,2,11
3225,1586970046.0,3600.0,397.0,10053,2,10
3226,1586973646.0,3600.0,184.0,10055,2,10
3227,1586973646.0,3600.0,1452.0,10047,2,10
3228,1586980846.0,3600.0,917.0,10047,2,10
3229,1586984446.0,3600.0,469.0,10047,2,10
3230,1586984446.0,3600.0,6.0,10047,2,2
3231,1586988046.0,3600.0,872.0,10047,2,10
3232,1586988046.0,3600.0,462.0,10265,2,10
3233,1586988046.0,3600.0,318.0,10336,2,10
3234,1586988046.0,3600.0,71.0,10245,2,10
3235,1586988046.0,3600.0,1763.0,10053,2,10
3236,1586988046.0,3600.0,7.0,10265,2,7
3237,1586988046.0,3600.0,7.0,10336,2,2
3238,1586988046.0,3600.0,9.0,10265,2,2
3239,1586988046.0,3600.0,16.0,10047,2,2
3240,1586988046.0,3600.0,24.0,10053,2,2
3241,1586988046.0,3600.0,8.0,10047,2,7
3242,1586988046.0,3600.0,16.0,10053,2,7
3243,1586988046.0,3600.0,2.0,10336,2,11
3244,1587031248.0,3600.0,251.0,10047,2,10
3245,1587034848.0,3600.0,10891.0,10053,2,10
3246,1587034848.0,3600.0,69.0,10047,2,2
3247,1587034848.0,3600.0,10.0,10047,2,9
3248,1587034848.0,3600.0,5947.0,11855,2,10
3249,1587034848.0,3600.0,1916.0,10265,2,10
3250,1587034848.0,3600.0,56.0,10363,2,10
3251,1587034848.0,3600.0,853.0,10047,2,10
3252,1587034848.0,3600.0,23849.0,11855,4,11
3253,1587034848.0,3600.0,226.0,11069,2,18
3254,1587034848.0,3600.0,24967.0,11069,2,10
3255,1587034848.0,3600.0,24.0,10645,2,11
3256,1587034848.0,3600.0,15.0,10047,2,7
3257,1587034848.0,3600.0,9.0,10245,2,7
3258,1587034848.0,3600.0,4704.0,10053,2,2
3259,1587034848.0,3600.0,22.0,10363,2,2
3260,1587034848.0,3600.0,40.0,10569,2,2
3261,1587034848.0,3600.0,1087.0,10036,2,2
3262,1587034848.0,3600.0,15180.0,11069,2,2
3263,1587034848.0,3600.0,212.0,10198,2,2
3264,1587034848.0,3600.0,2261.0,10645,2,2
3265,1587034848.0,3600.0,84.0,10570,2,2
3266,1587034848.0,3600.0,816.0,10265,2,2
3267,1587034848.0,3600.0,3142.0,11855,2,2
3268,1587034848.0,3600.0,28.0,10245,2,2
3269,1587034848.0,3600.0,1967.0,11069,2,7
3270,1587034848.0,3600.0,321.0,10265,2,7
3271,1587034848.0,3600.0,1241.0,11855,2,7
3272,1587034848.0,3600.0,84.0,10198,2,7
3273,1587034848.0,3600.0,891.0,10645,2,7
3274,1587034848.0,3600.0,34.0,10570,2,7
3275,1587034848.0,3600.0,1834.0,10053,2,7
3276,1587034848.0,3600.0,8.0,10363,2,7
3277,1587034848.0,3600.0,14.0,10569,2,7
3278,1587034848.0,3600.0,429.0,10036,2,7
3279,1587034848.0,3600.0,235.0,10570,9,10
3280,1587034848.0,3600.0,235.0,10570,2,10
3281,1587034848.0,3600.0,838.0,10053,9,10
3282,1587034848.0,3600.0,3646.0,10645,9,10
3283,1587034848.0,3600.0,3646.0,10645,2,10
3284,1587034848.0,3600.0,3083.0,10036,9,10
3285,1587034848.0,3600.0,3083.0,10036,2,10
3286,1587034848.0,3600.0,2266.0,11069,2,9
3287,1587034848.0,3600.0,94.0,10265,2,9
3288,1587034848.0,3600.0,377.0,11855,2,9
3289,1587034848.0,3600.0,24.0,10198,2,9
3290,1587034848.0,3600.0,265.0,10645,2,9
3291,1587034848.0,3600.0,2.0,10245,2,9
3292,1587034848.0,3600.0,561.0,10053,2,9
3293,1587034848.0,3600.0,4.0,10569,2,9
3294,1587034848.0,3600.0,7.0,10570,2,9
3295,1587034848.0,3600.0,126.0,10036,2,9
3296,1587034848.0,3600.0,1034.0,10,9,10
3297,1587034848.0,3600.0,18958.0,11069,9,10
3298,1587034848.0,3600.0,98.0,10569,9,10
3299,1587034848.0,3600.0,98.0,10569,2,10
3300,1587034848.0,3600.0,10.0,11069,2,6
3301,1587034848.0,3600.0,2045.0,11855,2,11
3302,1587034848.0,3600.0,24.0,10081,11,11
3303,1587034848.0,3600.0,254.0,10122,11,11
3304,1587034848.0,3600.0,11.0,10047,2,8
3305,1587034848.0,3600.0,9.0,10245,2,8
3306,1587034848.0,3600.0,1184.0,10053,2,8
3307,1587034848.0,3600.0,662.0,11855,2,8
3308,1587034848.0,3600.0,201.0,10265,2,8
3309,1587034848.0,3600.0,6.0,10363,2,8
3310,1587034848.0,3600.0,855.0,11069,2,8
3311,1587034848.0,3600.0,9.0,10569,2,8
3312,1587034848.0,3600.0,18.0,10570,2,8
3313,1587034848.0,3600.0,285.0,10645,2,8
3314,1587034848.0,3600.0,241.0,10036,2,8
3315,1587034848.0,3600.0,46.0,10198,2,8
3316,1587034848.0,3600.0,768.0,10198,2,10
3317,1587034848.0,3600.0,2812.0,11069,2,11
3318,1587034848.0,3600.0,4609.533841,10567,2,11
3319,1587034848.0,3600.0,166.0,10567,2,18
3320,1587034848.0,3600.0,7411.343572,10567,9,10
3321,1587034848.0,3600.0,7411.343572,10567,2,10
3322,1587038448.0,3600.0,22912.656421,10567,9,10
3323,1587038448.0,3600.0,22912.656421,10567,2,10
3324,1587038448.0,3600.0,4407.0,10567,2,18
3325,1587038448.0,3600.0,13615.466172,10567,2,11
3326,1587038448.0,3600.0,8.0,10573,2,11
3327,1587038448.0,3600.0,54.0,12186,2,11
3328,1587038448.0,3600.0,8.0,10618,2,11
3329,1587038448.0,3600.0,24.0,11488,2,11
3330,1587038448.0,3600.0,3.0,10583,2,11
3331,1587038448.0,3600.0,488.0,10573,2,18
3332,1587038448.0,3600.0,8.0,10562,2,11
3333,1587038448.0,3600.0,27.0,10574,2,11
3334,1587038448.0,3600.0,6.0,10492,2,11
3335,1587038448.0,3600.0,328.0,10451,2,11
3336,1587038448.0,3600.0,6.0,12307,2,11
3337,1587038448.0,3600.0,2.0,11245,2,11
3338,1587038448.0,3600.0,29.0,10459,2,11
3339,1587038448.0,3600.0,90.0,10122,11,11
3340,1587038448.0,3600.0,9.0,10578,2,11
3341,1587038448.0,3600.0,5.0,10454,2,11
3342,1587038448.0,3600.0,2.0,12306,2,11
3343,1587038448.0,3600.0,4.0,11247,2,11
3344,1587034848.0,3600.0,62.0,10567,2,6
3345,1587038448.0,3600.0,1014.0,10567,2,6
3346,1587034848.0,3600.0,722.466661,10567,2,9
3347,1587038448.0,3600.0,1316.53334,10567,2,9
3348,1587038448.0,3600.0,1036.0,10053,2,9
3349,1587034848.0,3600.0,257.889684,10567,2,8
3350,1587038448.0,3600.0,901.110317,10567,2,8
3351,1587038448.0,3600.0,3336.0,10053,2,8
3352,1587038448.0,3600.0,177.0,11488,2,17
3353,1587038448.0,3600.0,53997.0,10053,9,10
3354,1587038448.0,3600.0,53734.0,10053,2,10
3355,1587038448.0,3600.0,319.0,12306,9,10
3356,1587038448.0,3600.0,319.0,12306,2,10
3357,1587038448.0,3600.0,266.0,11245,9,10
3358,1587038448.0,3600.0,266.0,11245,2,10
3359,1587038448.0,3600.0,597.0,11247,9,10
3360,1587038448.0,3600.0,597.0,11247,2,10
3361,1587038448.0,3600.0,87.0,11246,9,10
3362,1587038448.0,3600.0,87.0,11246,2,10
3363,1587038448.0,3600.0,237.0,10582,9,10
3364,1587038448.0,3600.0,237.0,10582,2,10
3365,1587038448.0,3600.0,523.0,10578,9,10
3366,1587038448.0,3600.0,523.0,10578,2,10
3367,1587038448.0,3600.0,599.0,10574,9,10
3368,1587038448.0,3600.0,599.0,10574,2,10
3369,1587038448.0,3600.0,770.0,11488,9,10
3370,1587038448.0,3600.0,770.0,11488,2,10
3371,1587038448.0,3600.0,616.0,10492,9,10
3372,1587038448.0,3600.0,616.0,10492,2,10
3373,1587038448.0,3600.0,234.0,10570,9,10
3374,1587038448.0,3600.0,234.0,10570,2,10
3375,1587038448.0,3600.0,665.0,10573,9,10
3376,1587038448.0,3600.0,665.0,10573,2,10
3377,1587038448.0,3600.0,486.0,10454,9,10
3378,1587038448.0,3600.0,486.0,10454,2,10
3379,1587038448.0,3600.0,540.0,10562,9,10
3380,1587038448.0,3600.0,540.0,10562,2,10
3381,1587038448.0,3600.0,272.0,10495,9,10
3382,1587038448.0,3600.0,272.0,10495,2,10
3383,1587038448.0,3600.0,445.0,10618,9,10
3384,1587038448.0,3600.0,445.0,10618,2,10
3385,1587038448.0,3600.0,300.0,10459,9,10
3386,1587038448.0,3600.0,300.0,10459,2,10
3387,1587038448.0,3600.0,491.0,10451,9,10
3388,1587038448.0,3600.0,491.0,10451,2,10
3389,1587038448.0,3600.0,550.0,10475,9,10
3390,1587038448.0,3600.0,550.0,10475,2,10
3391,1587038448.0,3600.0,335.0,10449,9,10
3392,1587038448.0,3600.0,335.0,10449,2,10
3393,1587034848.0,3600.0,4416.056507,10567,2,2
3394,1587038448.0,3600.0,8031.943501,10567,2,2
3395,1587038448.0,3600.0,13922.0,10053,2,2
3396,1587038448.0,3600.0,329.0,10583,9,10
3397,1587038448.0,3600.0,329.0,10583,2,10
3398,1587038448.0,3600.0,188.0,10584,9,10
3399,1587038448.0,3600.0,188.0,10584,2,10
3400,1587038448.0,3600.0,315.0,10449,2,2
3401,1587038448.0,3600.0,599.0,10451,2,2
3402,1587038448.0,3600.0,535.0,10475,2,2
3403,1587038448.0,3600.0,217.0,10570,2,2
3404,1587038448.0,3600.0,283.0,12307,2,2
3405,1587038448.0,3600.0,553.0,10562,2,2
3406,1587038448.0,3600.0,377.0,10583,2,2
3407,1587038448.0,3600.0,787.0,11488,2,2
3408,1587038448.0,3600.0,453.0,10574,2,2
3409,1587038448.0,3600.0,120.0,10197,2,2
3410,1587038448.0,3600.0,133.0,10493,2,2
3411,1587038448.0,3600.0,97.0,10227,2,2
3412,1587038448.0,3600.0,240.0,10582,2,2
3413,1587038448.0,3600.0,1122.0,12186,2,2
3414,1587038448.0,3600.0,258.0,10495,2,2
3415,1587038448.0,3600.0,220.0,10584,2,2
3416,1587038448.0,3600.0,570.0,11247,2,2
3417,1587038448.0,3600.0,246.0,11245,2,2
3418,1587038448.0,3600.0,440.0,10618,2,2
3419,1587038448.0,3600.0,307.0,12306,2,2
3420,1587038448.0,3600.0,636.0,10009,11,2
3421,1587038448.0,3600.0,49.0,10357,2,2
3422,1587038448.0,3600.0,1684.0,10560,2,2
3423,1587038448.0,3600.0,107.0,10353,2,2
3424,1587038448.0,3600.0,495.0,10578,2,2
3425,1587038448.0,3600.0,560.0,10492,2,2
3426,1587038448.0,3600.0,603.0,10573,2,2
3427,1587038448.0,3600.0,443.0,10454,2,2
3428,1587038448.0,3600.0,274.0,10459,2,2
3429,1587038448.0,3600.0,117.0,11246,2,2
3430,1587038448.0,3600.0,77.0,11486,2,2
3431,1587038448.0,3600.0,104.0,10336,2,2
3432,1587038448.0,3600.0,47.0,10508,2,2
3433,1587038448.0,3600.0,110.0,11863,2,2
3434,1587038448.0,3600.0,110.0,10496,2,2
3435,1587038448.0,3600.0,85.0,10213,2,2
3436,1587038448.0,3600.0,50.0,10085,2,2
3437,1587038448.0,3600.0,37.0,11858,2,2
3438,1587038448.0,3600.0,224.0,10493,9,10
3439,1587038448.0,3600.0,224.0,10493,2,10
3440,1587038448.0,3600.0,196.0,10496,9,10
3441,1587038448.0,3600.0,196.0,10496,2,10
3442,1587038448.0,3600.0,746.0,10560,9,10
3443,1587038448.0,3600.0,746.0,10560,2,10
3444,1587038448.0,3600.0,79.0,10357,9,10
3445,1587038448.0,3600.0,79.0,10357,2,10
3446,1587038448.0,3600.0,34.0,12309,9,10
3447,1587038448.0,3600.0,155.0,10227,9,10
3448,1587038448.0,3600.0,155.0,10227,2,10
3449,1587038448.0,3600.0,151.0,10213,9,10
3450,1587038448.0,3600.0,151.0,10213,2,10
3451,1587038448.0,3600.0,204.0,10197,9,10
3452,1587038448.0,3600.0,204.0,10197,2,10
3453,1587038448.0,3600.0,90.0,10085,9,10
3454,1587038448.0,3600.0,90.0,10085,2,10
3455,1587038448.0,3600.0,53.0,10395,9,10
3456,1587038448.0,3600.0,73.0,11858,9,10
3457,1587038448.0,3600.0,73.0,11858,2,10
3458,1587038448.0,3600.0,22.0,10449,2,9
3459,1587038448.0,3600.0,20.0,12307,2,9
3460,1587038448.0,3600.0,43.0,10562,2,9
3461,1587038448.0,3600.0,45.0,10451,2,9
3462,1587038448.0,3600.0,42.0,10475,2,9
3463,1587038448.0,3600.0,17.0,10582,2,9
3464,1587038448.0,3600.0,17.0,11245,2,9
3465,1587038448.0,3600.0,32.0,10618,2,9
3466,1587038448.0,3600.0,87.0,12186,2,9
3467,1587038448.0,3600.0,17.0,10495,2,9
3468,1587038448.0,3600.0,43.0,11247,2,9
3469,1587038448.0,3600.0,21.0,12306,2,9
3470,1587038448.0,3600.0,32.0,10574,2,9
3471,1587038448.0,3600.0,10.0,10493,2,9
3472,1587038448.0,3600.0,7.0,10227,2,9
3473,1587038448.0,3600.0,50.0,10009,11,9
3474,1587038448.0,3600.0,1.0,10357,2,9
3475,1587038448.0,3600.0,129.0,10560,2,9
3476,1587038448.0,3600.0,38.0,10578,2,9
3477,1587038448.0,3600.0,27.0,10583,2,9
3478,1587038448.0,3600.0,15.0,10584,2,9
3479,1587038448.0,3600.0,61.0,11488,2,9
3480,1587038448.0,3600.0,42.0,10492,2,9
3481,1587038448.0,3600.0,13.0,10570,2,9
3482,1587038448.0,3600.0,45.0,10573,2,9
3483,1587038448.0,3600.0,32.0,10454,2,9
3484,1587038448.0,3600.0,19.0,10459,2,9
3485,1587038448.0,3600.0,9.0,11246,2,9
3486,1587038448.0,3600.0,4.0,11486,2,9
3487,1587038448.0,3600.0,8.0,10336,2,9
3488,1587038448.0,3600.0,8.0,10353,2,9
3489,1587038448.0,3600.0,8.0,11863,2,9
3490,1587038448.0,3600.0,8.0,10496,2,9
3491,1587038448.0,3600.0,6.0,10213,2,9
3492,1587038448.0,3600.0,8.0,10197,2,9
3493,1587038448.0,3600.0,10349.0,10198,9,10
3494,1587038448.0,3600.0,10349.0,10198,2,10
3495,1587038448.0,3600.0,75.0,10357,2,11
3496,1587038448.0,3600.0,1.0,10227,2,11
3497,1587038448.0,3600.0,61.0,10560,2,11
3498,1587038448.0,3600.0,61.0,10583,2,8
3499,1587038448.0,3600.0,35.0,10584,2,8
3500,1587038448.0,3600.0,37.0,10582,2,8
3501,1587038448.0,3600.0,76.0,10578,2,8
3502,1587038448.0,3600.0,86.0,10574,2,8
3503,1587038448.0,3600.0,112.0,11488,2,8
3504,1587038448.0,3600.0,90.0,10492,2,8
3505,1587038448.0,3600.0,34.0,10570,2,8
3506,1587038448.0,3600.0,97.0,10573,2,8
3507,1587038448.0,3600.0,71.0,10454,2,8
3508,1587038448.0,3600.0,78.0,10562,2,8
3509,1587038448.0,3600.0,40.0,10495,2,8
3510,1587038448.0,3600.0,65.0,10618,2,8
3511,1587038448.0,3600.0,44.0,10459,2,8
3512,1587038448.0,3600.0,72.0,10451,2,8
3513,1587038448.0,3600.0,81.0,10475,2,8
3514,1587038448.0,3600.0,49.0,10449,2,8
3515,1587038448.0,3600.0,46.0,12306,2,8
3516,1587038448.0,3600.0,39.0,11245,2,8
3517,1587038448.0,3600.0,86.0,11247,2,8
3518,1587038448.0,3600.0,19.0,11246,2,8
3519,1587038448.0,3600.0,166.0,12186,2,8
3520,1587038448.0,3600.0,12.0,11486,2,8
3521,1587038448.0,3600.0,42.0,12307,2,8
3522,1587038448.0,3600.0,29.0,10336,2,8
3523,1587038448.0,3600.0,29.0,10353,2,8
3524,1587038448.0,3600.0,14.0,10508,2,8
3525,1587038448.0,3600.0,30.0,11863,2,8
3526,1587038448.0,3600.0,35.0,10493,2,8
3527,1587038448.0,3600.0,30.0,10496,2,8
3528,1587038448.0,3600.0,115.0,10560,2,8
3529,1587038448.0,3600.0,12.0,10357,2,8
3530,1587038448.0,3600.0,24.0,10227,2,8
3531,1587038448.0,3600.0,24.0,10213,2,8
3532,1587038448.0,3600.0,31.0,10197,2,8
3533,1587038448.0,3600.0,14.0,10085,2,8
3534,1587038448.0,3600.0,11.0,11858,2,8
3535,1587038448.0,3600.0,1201.0,12186,9,10
3536,1587038448.0,3600.0,1201.0,12186,2,10
3537,1587038448.0,3600.0,90.0,11486,9,10
3538,1587038448.0,3600.0,90.0,11486,2,10
3539,1587038448.0,3600.0,310.0,12307,9,10
3540,1587038448.0,3600.0,310.0,12307,2,10
3541,1587038448.0,3600.0,206.0,10336,9,10
3542,1587038448.0,3600.0,206.0,10336,2,10
3543,1587038448.0,3600.0,202.0,10353,9,10
3544,1587038448.0,3600.0,202.0,10353,2,10
3545,1587038448.0,3600.0,97.0,10508,9,10
3546,1587038448.0,3600.0,97.0,10508,2,10
3547,1587038448.0,3600.0,6.0,11866,9,10
3548,1587038448.0,3600.0,216.0,11863,9,10
3549,1587038448.0,3600.0,216.0,11863,2,10
3550,1587038448.0,3600.0,19.0,10289,9,10
3551,1587038448.0,3600.0,119.0,11488,2,6
3552,1587038448.0,3600.0,135.0,10573,2,6
3553,1587038448.0,3600.0,52.0,10449,2,7
3554,1587038448.0,3600.0,43.0,12307,2,7
3555,1587038448.0,3600.0,87.0,10562,2,7
3556,1587038448.0,3600.0,97.0,10451,2,7
3557,1587038448.0,3600.0,86.0,10475,2,7
3558,1587038448.0,3600.0,33.0,10570,2,7
3559,1587038448.0,3600.0,37.0,10582,2,7
3560,1587038448.0,3600.0,39.0,11245,2,7
3561,1587038448.0,3600.0,71.0,10618,2,7
3562,1587038448.0,3600.0,181.0,12186,2,7
3563,1587038448.0,3600.0,40.0,10495,2,7
3564,1587038448.0,3600.0,33.0,10584,2,7
3565,1587038448.0,3600.0,92.0,11247,2,7
3566,1587038448.0,3600.0,48.0,12306,2,7
3567,1587038448.0,3600.0,71.0,10574,2,7
3568,1587038448.0,3600.0,17.0,10197,2,7
3569,1587038448.0,3600.0,20.0,10493,2,7
3570,1587038448.0,3600.0,13.0,10227,2,7
3571,1587038448.0,3600.0,102.0,10009,11,7
3572,1587038448.0,3600.0,7.0,10357,2,7
3573,1587038448.0,3600.0,268.0,10560,2,7
3574,1587038448.0,3600.0,15.0,10353,2,7
3575,1587038448.0,3600.0,78.0,10578,2,7
3576,1587038448.0,3600.0,2155.0,10053,2,7
3577,1587038448.0,3600.0,61.0,10583,2,7
3578,1587038448.0,3600.0,126.0,11488,2,7
3579,1587038448.0,3600.0,91.0,10492,2,7
3580,1587038448.0,3600.0,96.0,10573,2,7
3581,1587038448.0,3600.0,72.0,10454,2,7
3582,1587038448.0,3600.0,42.0,10459,2,7
3583,1587038448.0,3600.0,16.0,11246,2,7
3584,1587038448.0,3600.0,11.0,11486,2,7
3585,1587038448.0,3600.0,14.0,10336,2,7
3586,1587038448.0,3600.0,8.0,10508,2,7
3587,1587038448.0,3600.0,16.0,11863,2,7
3588,1587038448.0,3600.0,16.0,10496,2,7
3589,1587038448.0,3600.0,12.0,10213,2,7
3590,1587038448.0,3600.0,8.0,10085,2,7
3591,1587038448.0,3600.0,4.0,11858,2,7
3592,1587038448.0,3600.0,5940.0,10990,9,10
3593,1587038448.0,3600.0,253.0,10363,9,10
3594,1587038448.0,3600.0,253.0,10363,2,10
3595,1587038448.0,3600.0,5940.0,10990,2,10
3596,1587042048.0,3600.0,161.0,10047,2,10
3597,1587042048.0,3600.0,81958.0,12185,9,10
3598,1587042048.0,3600.0,9764.0,10053,2,10
3599,1587042048.0,3600.0,2452.0,10265,2,10
3600,1587042048.0,3600.0,87.0,10496,2,10
3601,1587042048.0,3600.0,87131.0,12185,2,10
3602,1587042048.0,3600.0,75.0,10245,2,10
3603,1587042048.0,3600.0,246.0,10053,2,7
3604,1587042048.0,3600.0,4.0,10496,2,7
3605,1587042048.0,3600.0,131.0,10353,2,11
3606,1587042048.0,3600.0,13.0,10336,2,11
3607,1587042048.0,3600.0,74.0,10265,2,8
3608,1587042048.0,3600.0,20.0,10053,2,8
3609,1587042048.0,3600.0,5641.0,10369,2,10
3610,1587042048.0,3600.0,7894.0,10053,9,10
3611,1587042048.0,3600.0,1134.0,10336,9,10
3612,1587042048.0,3600.0,1134.0,10336,2,10
3613,1587042048.0,3600.0,5641.0,10369,9,10
3614,1587042048.0,3600.0,17893.0,12185,2,11
3615,1587042048.0,3600.0,2.0,10496,2,8
3616,1587042048.0,3600.0,822.0,12185,2,8
3617,1587042048.0,3600.0,119.0,10369,2,8
3618,1587042048.0,3600.0,4427.0,12185,2,7
3619,1587042048.0,3600.0,264.0,10369,2,7
3620,1587042048.0,3600.0,165.0,10265,2,7
3621,1587042048.0,3600.0,7353.0,12185,2,2
3622,1587042048.0,3600.0,440.0,10369,2,2
3623,1587042048.0,3600.0,272.0,10265,2,2
3624,1587042048.0,3600.0,414.0,10053,2,2
3625,1587042048.0,3600.0,7.0,10496,2,2
3626,1587042048.0,3600.0,589.0,12185,2,9
3627,1587042048.0,3600.0,67.0,10369,2,9
3628,1587042048.0,3600.0,41.0,10265,2,9
3629,1587042048.0,3600.0,9.0,10053,2,9
3630,1587042048.0,3600.0,45.0,10265,2,11
3631,1587042048.0,3600.0,581.0,10353,9,10
3632,1587042048.0,3600.0,581.0,10353,2,10
3633,1587042048.0,3600.0,114.0,10363,9,10
3634,1587042048.0,3600.0,114.0,10363,2,10
3635,1587042048.0,3600.0,19.0,10,9,10
3636,1587042048.0,3600.0,109.0,12185,2,15
3637,1587042048.0,3600.0,23.0,10508,2,2
3638,1587042048.0,3600.0,61.0,10047,2,2
3639,1587042048.0,3600.0,44.0,10508,2,10
3640,1587042048.0,3600.0,154.0,10009,11,11
3641,1587042048.0,3600.0,12.0,10508,2,7
3642,1587042048.0,3600.0,36.0,10047,2,7
3643,1587049248.0,3600.0,142.0,10053,2,9
3644,1587049248.0,3600.0,513.0,10053,2,7
3645,1587049248.0,3600.0,2147.476896,10567,2,10
3646,1587052848.0,3600.0,638.523111,10567,2,10
3647,1587052848.0,3600.0,1354.0,10053,9,10
3648,1587052848.0,3600.0,2621.0,11069,9,10
3649,1587049248.0,3600.0,4240.0,10053,9,10
3650,1587049248.0,3600.0,5506.0,10265,9,10
3651,1587049248.0,3600.0,5506.0,10265,2,10
3652,1587049248.0,3600.0,3.0,10055,9,10
3653,1587049248.0,3600.0,2147.476896,10567,9,10
3654,1587049248.0,3600.0,4240.0,10053,2,10
3655,1587049248.0,3600.0,168.0,10567,2,18
3656,1587052848.0,3600.0,638.523111,10567,9,10
3657,1587052848.0,3600.0,2621.0,11069,2,10
3658,1587049248.0,3600.0,190.0,11859,9,10
3659,1587049248.0,3600.0,190.0,11859,2,10
3660,1587049248.0,3600.0,4645.0,10395,9,10
3661,1587049248.0,3600.0,4645.0,10395,2,10
3662,1587049248.0,3600.0,1845.0,10053,2,2
3663,1587049248.0,3600.0,1798.0,10265,2,2
3664,1587049248.0,3600.0,668.292343,10567,2,2
3665,1587049248.0,3600.0,605.0,10265,2,7
3666,1587049248.0,3600.0,225.847355,10567,2,7
3667,1587052848.0,3600.0,67.152646,10567,2,7
3668,1587052848.0,3600.0,260.0,11069,2,7
3669,1587052848.0,3600.0,5755.0,12185,9,10
3670,1587052848.0,3600.0,1312.0,10053,2,10
3671,1587052848.0,3600.0,1770.0,10395,9,10
3672,1587052848.0,3600.0,1770.0,10395,2,10
3673,1587049248.0,3600.0,573.0,10395,2,7
3674,1587052848.0,3600.0,5755.0,12185,2,10
3675,1587052848.0,3600.0,179.0,10395,2,7
3676,1587049248.0,3600.0,20.0,11859,2,7
3677,1587052848.0,3600.0,130.0,10053,2,7
3678,1587052848.0,3600.0,505.0,12185,2,7
3679,1587049248.0,3600.0,1706.0,10395,2,2
3680,1587052848.0,3600.0,533.0,10395,2,2
3681,1587052848.0,3600.0,198.707659,10567,2,2
3682,1587052848.0,3600.0,776.0,11069,2,2
3683,1587049248.0,3600.0,61.0,11859,2,2
3684,1587052848.0,3600.0,390.0,10053,2,2
3685,1587052848.0,3600.0,1498.0,12185,2,2
3686,1587049248.0,3600.0,155.0,10395,2,9
3687,1587052848.0,3600.0,51.0,10395,2,9
3688,1587049248.0,3600.0,164.0,10265,2,9
3689,1587049248.0,3600.0,61.664807,10567,2,9
3690,1587052848.0,3600.0,18.335193,10567,2,9
3691,1587052848.0,3600.0,71.0,11069,2,9
3692,1587049248.0,3600.0,6.0,11859,2,9
3693,1587052848.0,3600.0,33.0,10053,2,9
3694,1587052848.0,3600.0,136.0,12185,2,9
3695,1587052848.0,3600.0,21.0,12185,2,17
3696,1587049248.0,3600.0,227.0,10053,2,8
3697,1587049248.0,3600.0,9.0,11859,2,8
3698,1587049248.0,3600.0,227.0,10395,2,8
3699,1587049248.0,3600.0,250.0,10265,2,8
3700,1587049248.0,3600.0,87.10154,10567,2,8
3701,1587052848.0,3600.0,25.898461,10567,2,8
3702,1587052848.0,3600.0,105.0,11069,2,8
3703,1587052848.0,3600.0,61.0,10053,2,8
3704,1587052848.0,3600.0,230.0,12185,2,8
3705,1587052848.0,3600.0,71.0,10395,2,8
3706,1587049248.0,3600.0,10.0,10567,2,6
3707,1587052848.0,3600.0,3.0,12185,2,6
3708,1587052848.0,3600.0,1.37514,10567,2,11
3709,1587052848.0,3600.0,12.0,11515,11,11
3710,1587052848.0,3600.0,15.0,11326,11,11
3711,1587049248.0,3600.0,75.0,10395,2,11
3712,1587052848.0,3600.0,9.0,12185,2,11
3713,1587052848.0,3600.0,8.0,11069,2,11
3714,1587052848.0,3600.0,13.0,10395,2,11
3715,1587049248.0,3600.0,48.0,10395,4,11
3716,1587049248.0,3600.0,4.624861,10567,2,11
