ID,timestamp,EndOffset,Power,RootNodeID
30037,1586838867.2725782,-10,8015,11
30038,1586840814.087311,26890675,4940,11
30039,1586861507.5629961,6734303,13884,50
30040,1586861508.0689862,4926672,9533,53
30041,1586867704.7702231,-7,6250,53
30042,1586868241.988009,-2,20064,11
30043,1586868242.1023722,-116,12610,53
30044,1586869328.1665132,860153,17022,50
30045,1586869328.372281,-2,9906,11
30046,1586869328.377172,2447210,8556,53
30047,1586870188.48668,1587101,5190,11
30048,1586870966.6156712,808793,33298,50
30049,1586872390.5055213,-1,21198,50
30050,1586872390.6267102,-26,15966,11
30051,1586872390.6277812,-27,12383,53
30052,1586872697.849997,-4,30126,50
30053,1586872698.265758,-3,45853,11
30054,1586872698.26797,-5,17151,53
30055,1586874508.0453281,5285638,12042,50
30056,1586874508.625565,5285130,5534,11
30057,1586874508.6304832,12700801,7946,53
30058,1586880367.2088902,-10,15702,50
30059,1586880367.4296331,-45,14485,11
30060,1586881165.9834142,9545852,10554,50
30061,1586881166.1840243,2458213,3160,11
30062,1586884751.0823803,635178,7610,11
30063,1586886287.0989842,922332,3626,11
30064,1586888151.5973902,-5,19450,11
30065,1586888151.6038013,-12,84367,53
30066,1586889012.1471362,-5,4132,11
30067,1586889012.1579401,-15,7756,53
30068,1586889913.2975862,-2,8565,11
30069,1586889913.2998543,-4,25773,53
30070,1586890711.9937782,-4,5161,11
30071,1586890711.9986992,-9,11796,53
30072,1586891347.4418602,-2,14870,50
30073,1586891347.616046,2252947,10731,11
30074,1586891347.629622,4957189,6962,53
30075,1586892699.246211,10099780,11628,50
30076,1586894605.091258,921560,6133,11
30077,1586896304.820087,-1,9446,11
30078,1586897288.074842,5511125,5187,11
30079,1586897288.077033,-4,11915,53
30080,1586898354.0803761,4445120,7913,53
30081,1586904599.9951692,-3,17998,50
30082,1586904600.1465793,-56,11047,11
30083,1586904600.1483912,-58,12939,53
30084,1586905040.941744,-1,27684,50
30085,1586905041.1505642,307749,16567,11
30086,1586905041.151587,-16,8464,53
30087,1586905348.8599882,0,23600,50
30088,1586905348.901348,-1,40159,53
30089,1586905658.2619042,-1,42074,50
30090,1586905658.489243,-26,56473,11
30091,1586905658.490007,-27,180310,53
30092,1586905966.830162,0,30514,50
30093,1586905967.150463,-7,29883,11
30094,1586905967.1567311,-13,88578,53
30095,1586906274.7815022,-4,23592,50
30096,1586906275.0783322,-17,20557,11
30097,1586906275.0799422,-18,25708,53
30098,1586906582.7117991,307834,18884,50
30099,1586906582.7874131,-1,31444,11
30100,1586906582.912383,923340,8936,53
30101,1586906890.707953,-21,10407,11
30102,1586907198.3238451,-1,24798,50
30103,1586907198.3758283,-1,3814,11
30104,1586907506.188795,-1,33534,50
30105,1586907506.2535553,-1,8197,11
30106,1586907818.5826652,-1,39744,50
30107,1586907818.6699371,-1,37847,11
30108,1586907818.6726902,-4,14630,53
30109,1586908350.993602,-1,46318,50
30110,1586908351.180202,-32,56180,11
30111,1586908351.1810942,-33,59775,53
30112,1586908661.2217402,308565,32310,50
30113,1586908661.2893791,-1,26586,11
30114,1586908661.290213,-2,36390,53
30115,1586908970.0735312,-29,58354,11
30116,1586908970.0742092,-30,27886,53
30117,1586909278.5418992,-1,49562,50
30118,1586909278.604793,-1,76484,11
30119,1586909278.605514,-1,15510,53
30120,1586909598.452042,-1,34990,50
30121,1586909598.544614,0,65956,11
30122,1586909598.545301,-1,27742,53
30123,1586910909.1193042,348296,18930,50
30124,1586910909.2918262,655425,17409,11
30125,1586910909.292294,-10,12769,53
30126,1586911257.5817022,-5,9473,53
30127,1586911564.638895,-8,33280,50
30128,1586911564.7184951,-1,37196,53
30129,1586911953.7781234,-2,22482,50
30130,1586911953.896614,-6,7825,11
30131,1586911953.903418,614801,13337,53
30132,1586912260.964867,307390,38564,50
30133,1586912261.1828732,-1,29728,11
30134,1586912568.7427359,-38,73717,11
30135,1586913654.4646962,-4,19072,50
30136,1586913654.6778102,-33,16986,11
30137,1586913654.6796713,-35,28356,53
30138,1586913815.570192,143440831,0,13
30139,1586913815.5741262,143440827,0,12
30140,1586913815.574289,14537,0,53
30141,1586913815.5759382,-121,0,50
30142,1586913815.5776353,14533,0,11
30143,1586913817.709497,-10,18874,50
30144,1586913830.3378034,-226,0,50
30145,1586914184.71034,-1,10654,50
30146,1586914184.7985592,-3,50825,11
30147,1586914184.7993221,318960,11272,53
30148,1586914239.3602533,-400714,18091,37
30149,1586914239.3725882,-400721,0,37
30150,1586914239.3800251,-338317,28215,37
30151,1586914239.386805,-338320,0,37
30152,1586914239.4711611,-150490,21638,37
30153,1586914239.4728503,-150489,981545,37
30154,1586914239.4745462,-54962,39211,37
30155,1586914239.4763932,-54958,7444,37
30156,1586914503.6878421,-1,70428,50
30157,1586914503.7715611,-12,94089,11
30158,1586914811.5169492,-1,108696,50
30159,1586914811.6122382,-6,73538,11
30160,1586914811.612782,-6,14738,53
30161,1586915060.4259362,-821454,45586,37
30162,1586915060.4456782,-814668,37905,37
30163,1586915060.4482632,-803258,26080,37
30164,1586915060.4705312,-383021,51895,37
30165,1586915060.4846382,-25511,29630,37
30166,1586915060.4892092,-25506,0,37
30167,1586915060.5883942,-534,23296,37
30168,1586915607.829379,-547769,0,37
30169,1586915607.843276,-442814,24856,37
30170,1586915607.8493881,-442816,0,37
30171,1586915607.856039,-348901,28227,37
30172,1586915607.8609262,-348901,0,37
30173,1586915607.869081,-206946,28396,37
30174,1586915607.8712142,-206937,0,37
30175,1586915607.8814871,-22945,23272,37
30176,1586915607.887608,-22948,1014818,37
30177,1586915786.457068,-167416,53368,37
30178,1586915786.4772372,-103919,29431,37
30179,1586915786.4847932,-103923,2024914,37
30180,1586915786.489501,-78731,70557,37
30181,1586915786.497581,-78734,0,37
30182,1586915786.4983702,-60442,30768,37
30183,1586915786.5028272,-60442,7985,37
30184,1586915786.508573,-429,28282,37
30185,1586916335.3206341,-549232,0,37
30186,1586916335.3314111,-485071,32449,37
30187,1586916335.3387733,-485076,1194075,37
30188,1586916335.3517022,-287433,34373,37
30189,1586916335.359424,-287434,6971,37
30190,1586916335.3625112,-256517,31568,37
30191,1586916335.3674011,-256516,0,37
30192,1586916335.3735151,-126731,22481,37
30193,1586916335.3784761,-126730,0,37
30194,1586916686.1993952,-1,16998,50
30195,1586916686.3145442,2068190,12245,11
30196,1586916686.316009,1759725,5206,53
30197,1586916910.992679,-576084,16194,37
30198,1586916910.996633,-576088,8080,48
30199,1586916911.0001903,-563488,142852,37
30200,1586916911.0007923,-563489,111231,48
30201,1586916911.038165,-225031,23565,37
30202,1586916911.051412,482807,0,48
30203,1586916911.0570593,-225045,8318,37
30204,1586916911.0620742,-176200,47041,37
30205,1586916911.0649972,-176192,0,37
30206,1586916911.0837982,-165000,27795,37
30207,1586916911.0844612,-164994,0,37
30208,1586917237.364655,-326612,21789,37
30209,1586917237.377855,-295522,27791,37
30210,1586917237.383147,-295524,1454850,37
30211,1586917237.3898492,-258341,54863,37
30212,1586917237.395839,-258341,7985,37
30213,1586917237.4033809,-88542,34139,37
30214,1586917237.408448,-88544,1144582,37
30215,1586917237.410925,-85331,22798,37
30216,1586917237.4151049,-37567,19611,37
30217,1586917740.913494,-504000,5180,37
30218,1586917740.9192061,-379268,8840,37
30219,1586917740.9263163,-379269,0,37
30220,1586917740.9301882,-347082,15985,37
30221,1586917740.935007,-347076,1839,37
30222,1586917740.9402642,-143054,18136,37
30223,1586917740.942593,-143056,6333,48
30224,1586917740.947596,-143052,0,37
30225,1586917740.9485602,2021025,0,48
30226,1586917740.9574842,-14278,58633,37
30227,1586917740.9611192,-14279,0,37
30228,1586918343.374542,-602736,122971,37
30229,1586918343.37869,-478336,29489,37
30230,1586918343.3834991,-478335,6655,37
30231,1586918343.388207,-384489,25652,37
30232,1586918343.391576,-384487,0,37
30233,1586918343.397684,-234564,28422,37
30234,1586918343.401664,-234556,0,37
30235,1586918343.405274,-201560,30901,37
30236,1586918343.4074512,-201555,0,37
30237,1586918445.9712963,43805956,11358,50
30238,1586918754.5065882,-1,9479,53
30239,1586919534.2635322,-1191160,17128,37
30240,1586919534.288126,-531417,25311,37
30241,1586919534.3059692,-531432,2195212,37
30242,1586919534.314806,-360434,39382,37
30243,1586919534.3326292,-360449,0,37
30244,1586919534.34242,-326528,21770,37
30245,1586919534.34697,-326527,5810,37
30246,1586920144.3022013,-610460,13977,37
30247,1586920144.321,-543633,31156,37
30248,1586920144.328576,-543636,0,37
30249,1586920144.3360243,-531744,30545,37
30250,1586920144.3444161,-382370,15740,37
30251,1586920144.353158,-215506,31387,37
30252,1586920144.355945,-215509,15487,48
30253,1586920144.360589,-215508,1225674,37
30254,1586920144.3621802,890429,0,48
30255,1586920144.364273,-181445,55746,37
30256,1586920144.3672552,-181445,987091,37
30257,1586920560.962907,2535247,6027,11
30258,1586920560.9640841,18090931,3500,53
30259,1586920782.550254,-286746,22042,37
30260,1586920782.5568123,-286744,0,37
30261,1586920782.5596962,-221956,24900,37
30262,1586920782.562129,-221952,6536,37
30263,1586920782.5661893,-156668,24000,37
30264,1586920782.5682292,-156667,1253273,37
30265,1586920782.5727372,-131773,74961,37
30266,1586920782.5771692,-131772,7320,37
30267,1586921461.0855691,-678849,28982,37
30268,1586921461.0922933,-667981,130647,37
30269,1586921461.100339,-426316,21505,37
30270,1586921461.107398,-426315,0,37
30271,1586921461.112988,-362355,5467,37
30272,1586921461.113949,-362356,18075,48
30273,1586921461.119575,-362350,0,37
30274,1586921461.1201131,1947612,0,48
30275,1586921461.124654,-172318,29852,37
30276,1586921461.129292,-172316,0,37
30277,1586921677.5064242,-216910,18302,37
30278,1586921677.515221,-156648,31960,37
30279,1586921677.5219152,-156649,0,37
30280,1586921677.525711,-88707,22791,37
30281,1586921677.5325003,-88704,0,37
30282,1586921677.5379941,-28763,30714,37
30283,1586921677.54357,-28763,0,37
30284,1586921677.546734,-21893,11827,37
30285,1586921677.5505352,-21889,0,37
30286,1586922365.8119252,-688820,34926,37
30287,1586922365.8153353,-558478,26348,37
30288,1586922365.819282,-558479,1098000,37
30289,1586922365.8235571,-357036,23118,37
30290,1586922365.8275552,-357031,0,37
30291,1586922365.8304071,-351625,152834,37
30292,1586922365.8325732,-351624,1038968,37
30293,1586922365.839723,-47102,24814,37
30294,1586922365.8405871,-47089,1061,37
30295,1586922863.136588,-497717,24928,37
30296,1586922863.1441991,-464690,62622,37
30297,1586922863.150386,-464690,0,37
30298,1586922863.1513522,-404676,29603,37
30299,1586922863.1575491,-404679,951600,37
30300,1586922863.16362,-126419,24010,37
30301,1586922863.1669822,-126416,0,37
30302,1586922863.16736,-42071,31770,37
30303,1586922863.167872,-42069,1109091,37
30304,1586923548.699626,-685946,51218,37
30305,1586923548.705878,-452948,22626,37
30306,1586923548.709611,-452948,1140558,37
30307,1586923548.715243,-190369,19178,37
30308,1586923548.71907,-190368,0,37
30309,1586923548.7217112,-139997,16924,37
30310,1586923548.7274861,-139994,2392,37
30311,1586923548.731702,-130256,7340,37
30312,1586923548.732968,-130257,34916,48
30313,1586923548.7380462,-130254,2408,37
30314,1586923548.738473,-130254,0,48
30315,1586924067.2751403,-479556,8435,37
30316,1586924067.2818792,-479563,12068,48
30317,1586924067.294579,-479571,0,37
30318,1586924067.296976,1703417,0,48
30319,1586924067.2996142,-469225,33921,37
30320,1586924067.3043082,-375531,23251,37
30321,1586924067.319683,-225982,9403,37
30322,1586924067.3252773,-225984,0,37
30323,1586924067.332106,-118143,22556,37
30324,1586924067.3374991,-118140,0,37
30325,1586924426.064763,-359342,7621,37
30326,1586924426.0709531,-175287,12020,37
30327,1586924426.0749311,-175282,0,37
30328,1586924426.0787442,-107511,7058,37
30329,1586924426.0844011,-107511,0,37
30330,1586924426.0885901,-47620,26508,37
30331,1586924426.092595,-47611,0,37
30332,1586924426.095006,-7354,14024,37
30333,1586924426.0991912,-7352,0,37
30334,1586925051.1394992,2147899,9111,11
30335,1586925051.281896,-625608,95363,37
30336,1586925051.2912421,-457533,26316,37
30337,1586925051.301165,-419592,6100,37
30338,1586925051.3106651,-419596,0,37
30339,1586925051.31644,-371606,14198,37
30340,1586925051.3208742,-371605,0,37
30341,1586925051.3287601,-189843,22134,37
30342,1586925051.426515,-189937,1145226,37
30343,1586925411.3242402,-360631,21473,37
30344,1586925411.3413234,-319749,6209,37
30345,1586925411.3478062,-319744,1525,37
30346,1586925411.3532152,-270648,6396,37
30347,1586925411.3691943,-132823,16165,37
30348,1586925411.3754523,-132820,0,37
30349,1586925411.379784,-72961,10314,37
30350,1586925411.3842332,-72954,0,37
30351,1586926084.33041,-673583,29051,37
30352,1586926084.343597,-313638,12712,37
30353,1586926084.34897,-313634,544543,37
30354,1586926084.3572803,-202717,33255,37
30355,1586926084.358459,-202718,6744,48
30356,1586926084.371025,-202728,2027600,37
30357,1586926084.37258,-202729,0,48
30358,1586926084.378912,-149040,48004,37
30359,1586926084.3808641,-149042,28628,48
30360,1586926084.384026,-149042,0,37
30361,1586926084.3853261,2066262,0,48
30362,1586926084.390162,-141702,76035,37
30363,1586926084.394277,-141703,0,37
30364,1586926494.279388,-410554,22004,37
30365,1586926494.282804,-255793,13926,37
30366,1586926494.285994,-255791,0,37
30367,1586926494.2898881,-225177,4335,37
30368,1586926494.311585,-195914,17264,37
30369,1586926494.315814,-195907,0,37
30370,1586926494.3199081,-184083,31168,37
30371,1586926494.3225691,-104615,12620,37
30372,1586927082.310567,-588625,9125,37
30373,1586927082.329928,-437661,29855,37
30374,1586927082.335474,-437656,2259,37
30375,1586927082.341332,-362302,18893,37
30376,1586927082.3483562,-362303,0,37
30377,1586927082.3540483,-180595,15801,37
30378,1586927082.357942,-180595,657873,37
30379,1586927082.362403,-125685,46970,37
30380,1586927082.366054,-125683,0,37
30381,1586927471.5020711,-389804,7979,37
30382,1586927471.5105062,-272929,11086,37
30383,1586927471.517743,-272931,0,37
30384,1586927471.5216222,-212932,5718,37
30385,1586927471.5295331,-177869,16755,37
30386,1586927471.535365,-177869,5014,37
30387,1586927471.538535,-28842,11012,37
30388,1586927471.5435672,-28844,0,37
30389,1586928006.675059,-535799,4034,37
30390,1586928006.679327,-484983,12388,37
30391,1586928006.6821032,-484980,0,37
30392,1586928006.6889951,-231702,14255,37
30393,1586928006.69267,-231700,0,37
30394,1586928006.695497,-84796,14037,37
30395,1586928006.6997051,-84798,1033412,37
30396,1586928006.705081,-74232,82820,37
30397,1586928006.7204123,-9868,18992,37
30398,1586928407.2708702,-401051,4686,37
30399,1586928407.2903533,-256647,17776,37
30400,1586928407.2949262,-256647,0,37
30401,1586928407.2983623,-188854,5904,37
30402,1586928407.2996912,-188856,36719,48
30403,1586928407.304634,-188855,0,37
30404,1586928407.3063412,2037305,0,48
30405,1586928407.3087273,-108565,19324,37
30406,1586928407.3121722,-108563,0,37
30407,1586928407.315447,-686,10918,37
30408,1586929078.495275,-671861,0,37
30409,1586929078.4997401,-630835,15164,37
30410,1586929078.503297,-630833,0,37
30411,1586929078.5070682,-320833,13861,37
30412,1586929078.5133252,-320835,964909,37
30413,1586929078.531869,-136387,17704,37
30414,1586929078.534514,-136386,1109091,37
30415,1586929078.5382242,-122230,88658,37
30416,1586929078.5421162,-122230,0,37
30417,1586929337.1158152,4705173,4478,11
30418,1586929676.045555,-598198,12988,37
30419,1586929676.0649152,-538312,23102,37
30420,1586929676.075551,-538320,0,37
30421,1586929676.097309,-471492,8305,37
30422,1586929676.174611,-471560,0,37
30423,1586929676.1792922,-339538,7855,37
30424,1586929676.1924052,-339546,15574,37
30425,1586929676.193328,-235563,20256,37
30426,1586929676.1961832,-235560,0,37
30427,1586930084.257544,-408714,11052,37
30428,1586930084.2637582,-312315,23630,37
30429,1586930084.2672482,-282651,2731,37
30430,1586930084.2771041,-279567,55828,37
30431,1586930084.2810712,-121968,10700,37
30432,1586930084.29531,-46564,41186,37
30433,1586930084.2986522,-46563,0,37
30434,1586930894.1545062,-810563,21659,37
30435,1586930894.159631,-796409,7012,37
30436,1586930894.180978,-449578,12508,37
30437,1586930894.1877832,-449576,0,37
30438,1586930894.199443,-186581,31539,37
30439,1586930894.201606,-186583,5172,48
30440,1586930894.2054882,-186582,0,37
30441,1586930894.207832,-186585,0,48
30442,1586930894.210472,-75309,11694,37
30443,1586930894.213345,-75312,8925,48
30444,1586930894.21495,-75310,0,37
30445,1586930894.2166142,2002369,0,48
30446,1586931277.496386,-383868,21997,37
30447,1586931277.515407,-296325,26311,37
30448,1586931277.519056,-296326,1052250,37
30449,1586931277.5239282,-279815,106319,37
30450,1586931277.5293832,-279811,0,37
30451,1586931277.537065,-259056,25508,37
30452,1586931277.541382,-219904,19835,37
30453,1586931277.544808,-97902,13013,37
30454,1586931277.547755,-97899,0,37
30455,1586931908.3066373,-631420,11321,37
30456,1586931908.3146892,-532713,14357,37
30457,1586931908.322515,-532714,0,37
30458,1586931908.3277721,-456985,7353,37
30459,1586931908.331583,-456983,0,37
30460,1586931908.334642,-321769,11676,37
30461,1586931908.3391562,-321767,0,37
30462,1586931908.349162,-218529,22881,37
30463,1586931908.3540893,-218531,1098000,37
30464,1586932387.32816,-429492,22324,37
30465,1586932387.3336992,-429493,0,37
30466,1586932387.3377151,-385986,11260,37
30467,1586932387.34198,-385987,1057333,37
30468,1586932387.345264,-369571,96238,37
30469,1586932387.3480492,-369569,0,37
30470,1586932387.352122,-246431,13380,37
30471,1586932387.3539162,-246422,0,37
30472,1586932978.531445,-324820,8814,37
30473,1586932978.544645,-324825,0,37
30474,1586932978.5493503,-230926,8124,37
30475,1586932978.5631921,-81981,12789,37
30476,1586932978.56836,-81981,6203,37
30477,1586932978.5720441,-60878,21069,37
30478,1586932978.5734062,-60879,16113,48
30479,1586932978.5806432,-60882,0,37
30480,1586932978.5823812,-60883,0,48
30481,1586933342.5849433,-364800,22093,37
30482,1586933342.586877,-364802,32825,48
30483,1586933342.587686,-340298,36459,37
30484,1586933342.588336,124998,0,48
30485,1586933342.5887632,-340295,2844889,37
30486,1586933342.589705,-321062,105320,37
30487,1586933342.590672,-321060,1132313,37
30488,1586933342.5912642,-235039,36265,37
30489,1586933342.5921001,-235032,0,37
30490,1586933342.5925922,-164013,9768,37
30491,1586933342.5931582,-164009,0,37
30492,1586933714.2279472,-246653,14958,37
30493,1586933714.236216,-246649,0,37
30494,1586933714.240946,-187184,9370,37
30495,1586933714.2414222,-187184,17154,48
30496,1586933714.279638,-187220,2038400,37
30497,1586933714.2813282,2143490,0,48
30498,1586933714.2867792,-51372,23611,37
30499,1586933714.289443,-51369,0,37
30500,1586933714.2929301,-9778,21936,37
30501,1586933714.296443,-9775,0,37
30502,1586933938.3450642,-225362,10393,37
30503,1586933938.353212,-224686,82557,37
30504,1586933938.3582392,-192535,11028,37
30505,1586933938.362195,-192528,0,37
30506,1586933938.366564,-109846,9690,37
30507,1586933938.368864,-109846,0,37
30508,1586933938.372101,-60515,15550,37
30509,1586933938.375379,-60507,0,37
30510,1586933938.380964,-737,8481,37
30511,1586934419.6766841,361496,1400,11
30512,1586934677.16151,-739512,0,37
30513,1586934677.164638,-635579,11674,37
30514,1586934677.16634,-635577,0,37
30515,1586934677.169439,-594648,66657,37
30516,1586934677.171508,-594644,0,37
30517,1586934677.1755571,-488621,24814,37
30518,1586934677.1783152,-488619,0,37
30519,1586934677.1841283,-258184,19517,37
30520,1586934677.187911,-258182,0,37
30521,1586935052.45893,-375916,14586,37
30522,1586935052.4665542,-271909,17834,37
30523,1586935052.4712281,-271909,0,37
30524,1586935052.476865,-216990,32030,37
30525,1586935052.4817262,-216989,0,37
30526,1586935052.4840431,-154685,4913,37
30527,1586935052.486529,-154681,0,37
30528,1586935052.489464,-25981,11523,37
30529,1586935052.4921122,-25978,0,37
30530,1586935141.2260022,-1,7044,11
30531,1586935499.4061913,359016,1146,11
30532,1586935793.288804,-741606,18687,37
30533,1586935793.297472,-652742,28721,37
30534,1586935793.3043451,-652745,0,37
30535,1586935793.3118472,-360800,10351,37
30536,1586935793.3160532,-360800,0,37
30537,1586935793.3188252,-294525,12605,37
30538,1586935793.3258643,-148852,8679,37
30539,1586935793.329513,-148849,3624,37
30540,1586935992.670414,-200169,11115,37
30541,1586935992.672627,-194957,47372,37
30542,1586935992.6779141,-194958,0,37
30543,1586935992.6809173,-134922,6581,37
30544,1586935992.68612,-134914,0,37
30545,1586935992.6898723,-83209,11386,37
30546,1586935992.690454,-83209,30251,48
30547,1586935992.704,-83218,0,37
30548,1586935992.7051182,-83219,0,48
30549,1586935992.7927432,-4235,28763,37
30550,1586935992.7938132,-4236,11181,48
30551,1586935992.794292,-4230,0,37
30552,1586935992.794675,1108034,0,48
30553,1586936230.8648543,-1,4863,11
30554,1586936474.5473433,-483195,10182,37
30555,1586936474.5538251,-482504,65952,37
30556,1586936474.5615292,-395095,9989,37
30557,1586936474.56531,-395093,5903,37
30558,1586936474.5707471,-244402,22029,37
30559,1586936474.575746,-244396,1858,37
30560,1586936474.578838,-119072,7616,37
30561,1586936474.588437,-781,12316,37
30562,1586936700.518486,1951377,1418,11
30563,1586937101.4825063,-627672,0,37
30564,1586937101.4863782,-401639,11427,37
30565,1586937101.4898481,-401638,0,37
30566,1586937101.493168,-343663,11073,37
30567,1586937101.496901,-343662,0,37
30568,1586937101.5167522,-283639,9792,37
30569,1586937101.5207171,-283632,0,37
30570,1586937101.5245123,-85030,14949,37
30571,1586937101.5283513,-85029,0,37
30572,1586937708.3218212,-607492,26649,37
30573,1586937708.338103,-538807,46021,37
30574,1586937708.339604,-538808,18417,48
30575,1586937708.3464932,-538811,0,37
30576,1586937708.348703,1821996,0,48
30577,1586937708.3543391,-536023,35184,37
30578,1586937708.358843,-331892,13021,37
30579,1586937708.364067,-282905,4820,37
30580,1586937708.3702292,-282905,0,37
30581,1586937708.3756332,-43906,13602,37
30582,1586937708.45474,-43974,462702,37
30583,1586937993.4461622,-285973,38917,37
30584,1586937993.4518952,-275726,77102,37
30585,1586937993.466299,-275734,6203,37
30586,1586937993.4741693,-215638,32792,37
30587,1586937993.480237,-215632,0,37
30588,1586937993.486536,-134856,24672,37
30589,1586937993.490293,-134857,1052250,37
30590,1586937993.4946933,-5071,24090,37
30591,1586937993.498446,-898,5229,37
30592,1586938652.0856872,-583648,10924,37
30593,1586938652.0920882,-583648,0,37
30594,1586938652.101933,-531040,9671,37
30595,1586938652.1062481,-531041,2072848,37
30596,1586938652.110321,-520332,109995,37
30597,1586938652.1167011,-320641,21345,37
30598,1586938652.1222482,-228670,5572,37
30599,1586938652.1262383,-228665,2316,37
30600,1586939079.40198,-428196,14821,37
30601,1586939079.413362,-415932,21899,37
30602,1586939079.426227,-361975,28690,37
30603,1586939079.4555411,-361994,0,37
30604,1586939079.467252,-275004,7281,37
30605,1586939079.477441,-275006,0,37
30606,1586939079.514164,-78066,15448,37
30607,1586939079.548659,-78098,0,37
30608,1586939079.5932722,-3,5392,11
30609,1586939079.596018,3824752,6646,53
30610,1586939412.008196,-333574,28986,37
30611,1586939412.101295,-296697,23552,37
30612,1586939412.1046753,-296696,0,37
30613,1586939412.1111882,-291242,151380,37
30614,1586939412.1155362,-291243,1120182,37
30615,1586939412.1202872,-271015,115028,37
30616,1586939412.123608,-271016,1077086,37
30617,1586939412.1289053,-107700,28547,37
30618,1586939412.131195,-107699,1147587,37
30619,1586939749.259037,-338025,37323,37
30620,1586939749.265678,-318620,74991,37
30621,1586939749.268559,-318616,0,37
30622,1586939749.282023,-218936,9118,37
30623,1586939749.29676,-111388,18823,37
30624,1586939749.302013,-111393,6555,48
30625,1586939749.307654,-111394,0,37
30626,1586939749.308968,-111395,0,48
30627,1586939749.31062,-51509,29547,37
30628,1586939749.312922,-51511,27940,48
30629,1586939749.31385,-51506,1607217,37
30630,1586939749.3144941,967097,0,48
30631,1586940598.586514,-850144,34509,37
30632,1586940598.5910962,-744689,9609,37
30633,1586940598.6148992,-744707,0,37
30634,1586940598.6211941,-599201,15252,37
30635,1586940598.625783,-599194,0,37
30636,1586940598.6293871,-437274,15873,37
30637,1586940598.6319,-437273,2278914,37
30638,1586940598.6374931,-94241,17323,37
30639,1586940598.641122,-94241,0,37
30640,1586940917.2038932,-9,10588,11
30641,1586940917.3408682,-319476,11537,37
30642,1586940917.3544352,-259603,44922,37
30643,1586940917.3618503,-259606,0,37
30644,1586940917.4454384,-201033,5100,37
30645,1586940917.4464862,-178135,19275,37
30646,1586940917.4478183,-178137,57265,48
30647,1586940917.4489803,-148046,12573,37
30648,1586940917.4497542,2286914,0,48
30649,1586940917.4503613,-117069,4731,37
30650,1586940917.4515014,-117064,0,37
30651,1586941558.7773633,-642342,15831,37
30652,1586941558.78335,-377245,9026,37
30653,1586941558.8055573,-377264,1827939,37
30654,1586941558.817348,-251398,36308,37
30655,1586941558.8228583,-251397,3453,37
30656,1586941558.8260393,-242917,96667,37
30657,1586941558.8302503,-242915,1313294,37
30658,1586941918.339492,-360461,22735,37
30659,1586941918.353621,-321504,36011,37
30660,1586941918.358118,-321504,0,37
30661,1586941918.363166,-300654,24441,37
30662,1586941918.3660212,-300652,0,37
30663,1586941918.384604,-253980,16870,37
30664,1586941918.3878682,-253978,0,37
30665,1586941918.391931,-120655,17940,37
30666,1586941918.3965082,-120650,0,37
30667,1586942564.268826,-362589,12104,37
30668,1586942564.28715,-362604,1077667,37
30669,1586942564.2947721,-312262,53651,37
30670,1586942564.3018,-312263,0,37
30671,1586942564.309034,-50484,11486,37
30672,1586942564.312802,-50483,6310,37
30673,1586942564.317033,-46445,21952,37
30674,1586942564.323648,-46445,0,37
30675,1586942904.3495812,7711803,6722,11
30676,1586943205.3061972,-627574,23046,37
30677,1586943205.3201323,-627582,0,37
30678,1586943205.325655,-577985,26340,37
30679,1586943205.333415,-577988,0,37
30680,1586943205.339219,-522437,5732,37
30681,1586943205.3466473,-522440,0,37
30682,1586943205.352477,-301983,17929,37
30683,1586943205.3587523,-301979,0,37
30684,1586943455.6045082,-251239,17544,37
30685,1586943455.6078951,-233792,35751,37
30686,1586943455.609807,-233794,19495,48
30687,1586943455.6176763,-233799,1076471,37
30688,1586943455.618485,-233799,0,48
30689,1586943455.6224082,-154805,33382,37
30690,1586943455.6232362,-154806,15813,48
30691,1586943455.6258502,-154796,1289,37
30692,1586943455.6271763,-154797,0,48
30693,1586943455.6311083,-71271,8221,37
30694,1586943455.632296,-71279,7328,48
30695,1586943455.633593,934729,0,48
30696,1586943455.63587,-50489,101651,37
30697,1586943455.6373043,-50488,1031455,37
30698,1586944184.953219,-730134,31630,37
30699,1586944184.966384,-707157,72094,37
30700,1586944184.9725761,-707157,0,37
30701,1586944184.978213,-647052,23004,37
30702,1586944184.9843361,-647052,6000,37
30703,1586944184.991964,-365637,18110,37
30704,1586944184.9963691,-365636,0,37
30705,1586944185.000632,-63657,10964,37
30706,1586944185.0043912,-63646,1031,37
30707,1586944765.1486192,2479306,3458,53
30708,1586944765.298706,-581322,20835,37
30709,1586944765.302868,-518171,28710,37
30710,1586944765.3207302,-518186,1345935,37
30711,1586944765.3264232,-374972,25033,37
30712,1586944765.329266,-374966,0,37
30713,1586944765.331823,-331024,9020,37
30714,1586944765.3345,-331026,26311,48
30715,1586944765.338523,-331025,0,37
30716,1586944765.340152,2021953,0,48
30717,1586944765.342082,-267659,23737,37
30718,1586944765.344401,-267656,0,37
30719,1586945288.727394,-524395,12738,37
30720,1586945288.7431402,-163396,19341,37
30721,1586945288.748006,-163396,6655,37
30722,1586945288.751358,-136885,23540,37
30723,1586945288.7547822,-136883,5545,37
30724,1586945288.758825,-123923,33393,37
30725,1586945288.764511,-123925,1003886,37
30726,1586945288.770549,-26651,26661,37
30727,1586945288.7754471,-26653,1132313,37
30728,1586945762.2962122,-474554,67055,37
30729,1586945762.309094,-364507,26712,37
30730,1586945762.3170462,-364509,0,37
30731,1586945762.3232412,-328697,25397,37
30732,1586945762.328622,-328700,1063688,37
30733,1586945762.3381972,-318384,81064,37
30734,1586945762.3419712,-304681,49259,37
30735,1586945762.346024,-275999,12702,37
30736,1586945762.3499103,-275998,0,37
30737,1586946283.116097,-521814,12979,37
30738,1586946283.120243,-432116,22934,37
30739,1586946283.123959,-432109,0,37
30740,1586946283.127603,-315695,12386,37
30741,1586946283.130953,-315695,1464000,37
30742,1586946283.137514,-160811,24747,37
30743,1586946283.141974,-160807,0,37
30744,1586946283.144426,-52846,12156,37
30745,1586946283.154122,-52852,0,37
30746,1586946788.1677501,-505884,8817,37
30747,1586946788.1731832,-462884,54389,37
30748,1586946788.176456,-462884,1544284,37
30749,1586946788.181642,-430319,69894,37
30750,1586946788.1848192,-430316,6536,37
30751,1586946788.1883461,-370306,30662,37
30752,1586946788.1927052,-370305,0,37
30753,1586946788.2143252,-319579,4913,37
30754,1586946788.21807,-319567,0,37
30755,1586947308.4880123,-521194,15116,37
30756,1586947308.4939132,-370184,11508,37
30757,1586947308.4957101,-370186,17564,48
30758,1586947308.5013702,-370185,0,37
30759,1586947308.5022593,664746,0,48
30760,1586947308.5085661,-254678,12078,37
30761,1586947308.5132551,-254673,2056,37
30762,1586947308.5166662,-161250,28168,37
30763,1586947308.5231853,-161251,7320,37
30764,1586947308.5283313,-146990,32606,37
30765,1586947308.5514631,-147008,0,37
30766,1586947777.326219,-399341,35737,37
30767,1586947777.36525,-399375,6203,37
30768,1586947777.366174,-387582,15361,37
30769,1586947777.3713622,-57981,37478,37
30770,1586947777.388669,-57994,8512,37
30771,1586947777.394506,-1097,28484,37
30772,1586948139.324083,-363022,0,37
30773,1586948139.3338113,-352792,99737,37
30774,1586948139.340806,-352795,1342000,37
30775,1586948139.3507042,-201082,30563,37
30776,1586948139.3543131,-201071,0,37
30777,1586948139.360292,-166117,22502,37
30778,1586948139.364615,-166116,0,37
30779,1586948139.3697832,-111130,50005,37
30780,1586948139.370582,-111130,19788,48
30781,1586948139.377309,-111125,0,37
30782,1586948139.378058,2563148,0,48
30783,1586949059.5681,3235606,6999,53
30784,1586950119.0051312,-1921653,24647,37
30785,1586950119.0428722,-1921680,0,37
30786,1586950119.1210592,-1501149,188742,37
30787,1586950119.1265173,-1501154,6927,38
30788,1586950119.1367202,-1501164,84704,47
30789,1586950119.1453762,-1080047,19099,37
30790,1586950119.1525712,-1080054,0,38
30791,1586950119.1567283,-1080058,0,47
30792,1586950119.167591,-658950,67990,37
30793,1586950119.1721442,163315,2221,38
30794,1586950119.1766572,-658959,8152,47
30795,1586950119.233921,-257746,95803,37
30796,1586950119.4225352,-257935,64185,47
30797,1586951476.0570383,819117,3379,11
30798,1586952806.9359472,-2524448,133849,37
30799,1586952806.9405322,-2524453,48661,47
30800,1586952807.0066113,-2104480,186591,37
30801,1586952807.0111923,-2104484,8996,38
30802,1586952807.0141044,-2104487,58724,47
30803,1586952807.0327463,-1683740,46694,37
30804,1586952807.0380201,-1683745,0,38
30805,1586952807.0402002,-1683747,6142,48
30806,1586952807.0436664,-1683751,6479,47
30807,1586952807.067429,-1263660,60954,37
30808,1586952807.071423,-1263664,2012,38
30809,1586952807.2725263,-502,0,48
30810,1586952807.2739673,-1263866,14928,47
30811,1586952807.2832263,-842750,89947,37
30812,1586952807.2851171,-842752,7049,38
30813,1586952807.2871442,-842754,30626,47
30814,1586952807.289381,420601,21559,37
30815,1586952807.2909331,840661,0,38
30816,1586952807.2922382,420599,0,47
30817,1586953565.6695013,-13,8025,11
30818,1586953565.6727333,-16,17350,53
30819,1586954180.338385,-44,16799,11
30820,1586954180.34066,-46,10749,53
30821,1586955140.1169112,-1912225,6137,48
30822,1586955140.1503053,-1492198,50917,37
30823,1586955140.1544924,187847,0,48
30824,1586955140.1623752,-1492210,5710,47
30825,1586955140.245376,-1053561,103997,37
30826,1586955140.2517223,4815529,1801,38
30827,1586955140.2579982,-1053574,144922,47
30828,1586955140.276617,-633215,79568,37
30829,1586955140.3033023,-633241,15565,47
30830,1586955140.3678122,-213279,222762,37
30831,1586955140.548922,-213460,161922,47
30832,1586955143.8352273,-25,54543,11
30833,1586955143.8385582,-29,54815,53
30834,1586955450.860591,-2,40495,11
30835,1586955450.8625422,-4,35739,53
30836,1586955757.952897,-20,11937,11
30837,1586955757.9554672,-23,17569,53
30838,1586956065.130783,-3,27152,11
30839,1586956065.1328802,-5,55078,53
30840,1586956803.231625,-17,15355,11
30841,1586956803.233901,-19,31191,53
30842,1586957520.084314,-4,24224,11
30843,1586957520.0864482,-6,35687,53
30844,1586957852.9966452,-2524994,156958,37
30845,1586957853.0026312,-2525000,117627,47
30846,1586957853.0470843,-2103385,105528,37
30847,1586957853.051989,-2103390,6203,48
30848,1586957853.0545752,-841316,0,47
30849,1586957853.074665,-1683298,25101,37
30850,1586957853.0797462,1682875,0,48
30851,1586957853.0901752,-1261825,9304,37
30852,1586957853.1215122,-841383,16725,37
30853,1586957853.1459792,-420283,53448,37
30854,1586957853.151576,-420289,65320,47
30855,1586958277.9827342,-33,47562,11
30856,1586958277.9845712,-35,30353,53
30857,1586958585.1328762,-2,17382,11
30858,1586958585.135314,-5,16971,53
30859,1586959240.5823493,-44,13973,11
30860,1586959240.5843992,-46,10831,53
30861,1586959772.743776,-12,26932,11
30862,1586959772.746009,-14,59436,53
30863,1586959955.852652,-2084020,99047,37
30864,1586959955.8667872,-2084034,72969,47
30865,1586959955.9310293,-1663231,167199,37
30866,1586959955.9354463,-1242744,66462,47
30867,1586959955.9883912,-1242797,133085,37
30868,1586959956.0092142,-841190,54208,37
30869,1586959956.0130901,-841193,69673,47
30870,1586959956.0869641,-420131,92853,37
30871,1586959956.236814,-420281,87673,47
30872,1586960347.277412,-12,3972,11
30873,1586960347.280033,-15,7171,53
30874,1586960961.765657,-14,17571,11
30875,1586960961.7676692,-16,29090,53
30876,1586961576.381084,-20,12919,11
30877,1586961576.3831062,-22,9715,53
30878,1586961793.3344102,-1837553,70512,37
30879,1586961793.3569782,-1837575,6141,48
30880,1586961793.3686132,-1837587,69983,47
30881,1586961793.449398,-1415549,180003,37
30882,1586961793.4552913,-1415555,9044,38
30883,1586961793.4642253,2418993,0,48
30884,1586961793.4685054,-1415568,104874,47
30885,1586961793.4754822,-995195,25473,37
30886,1586961793.4790602,-576024,0,38
30887,1586961793.4810913,-995200,5206,47
30888,1586961793.526401,-576072,111694,37
30889,1586961793.730339,-576276,165992,47
30890,1586961794.0156882,-137789,88258,37
30891,1586961794.0182822,-137791,3079,38
30892,1586961794.0222774,438205,1498,47
30893,1586961794.0250163,17654,19393,37
30894,1586961794.0271223,438200,0,38
30895,1586962252.1410213,-35,23175,11
30896,1586962252.1433392,-37,112746,53
30897,1586963071.32679,-10,16828,50
30898,1586963071.540837,-35,26580,11
30899,1586963071.544162,307347,16732,53
30900,1586963372.175479,-1560388,954276,37
30901,1586963372.202641,-1139975,24737,37
30902,1586963372.249344,-738307,85654,37
30903,1586963372.256009,-317150,2457,38
30904,1586963372.262548,-738320,111043,47
30905,1586963372.315196,-317209,182436,37
30906,1586963372.321282,-317215,124431,47
30907,1586963372.3346682,-179845,324,37
30908,1586963372.336556,-181129,9057,38
30909,1586963372.346187,-209,0,47
30910,1586963372.350887,-179861,348234,38
30911,1586963372.363834,-1356,16750,37
30912,1586963372.366179,-1358,4124,38
30913,1586963378.490044,1209317,10410,50
30914,1586963378.8949342,-3,11119,11
30915,1586963850.6998062,-48,3159,11
30916,1586963850.70156,-49,6951,53
30917,1586964588.321201,-39,18900,11
30918,1586964588.323153,-41,36708,53
30919,1586964936.020412,-14,15148,50
30920,1586964936.2222972,-4,43699,11
30921,1586964936.224247,-6,27651,53
30922,1586965473.0276241,-2100891,0,37
30923,1586965473.0392952,-2100902,358788,38
30924,1586965473.086914,-1680815,55743,37
30925,1586965473.0915172,-1680819,314,38
30926,1586965473.0962682,-1680824,658,47
30927,1586965473.157465,-1260699,147418,37
30928,1586965473.1598241,-1260702,10680,38
30929,1586965473.1643443,-1260706,18522,47
30930,1586965473.2252283,-840664,45776,37
30931,1586965473.4079862,23241683,0,38
30932,1586965473.409588,-840849,6152,48
30933,1586965473.4129062,-840852,75558,47
30934,1586965473.417171,-420817,66202,37
30935,1586965473.420197,1702263,0,48
30936,1586965473.4215083,-420821,107394,47
30937,1586965837.197013,1311063,11554,50
30938,1586965837.358251,-16,15446,11
30939,1586965837.360557,-18,40080,53
30940,1586966534.469665,-375,57335,11
30941,1586966534.472075,-378,94855,53
30942,1586966841.2246723,-5,10834,11
30943,1586966841.2266212,-6,45854,53
30944,1586967148.5432422,616732,0,11
30945,1586967148.5467863,-135,5589,53
30946,1586967457.090456,-12,15588,50
30947,1586967457.349934,-4,45148,53
30948,1586967576.106441,-2103187,104,37
30949,1586967576.109199,-2103190,0,47
30950,1586967576.131515,-1683070,47541,37
30951,1586967576.134852,-1261599,63757,47
30952,1586967576.1560702,-1261620,133073,37
30953,1586967576.1780381,-821479,117600,37
30954,1586967576.181283,-821482,46778,47
30955,1586967576.278021,-400594,32274,37
30956,1586967576.279092,21138812,0,47
30957,1586967765.150773,-2,43288,50
30958,1586967765.3140502,-37,33892,53
30959,1586968068.9534712,-8,37258,50
30960,1586968069.178267,-2,50857,11
30961,1586968069.181417,-5,24488,53
30962,1586968826.8309062,3810628,13524,50
30963,1586968827.3040042,306851,8050,11
30964,1586968827.309472,-61,17722,53
30965,1586969134.1608362,-5,25189,53
30966,1586969441.4168992,-31,2573,11
30967,1586969441.419183,-33,5208,53
30968,1586969679.3820863,-2083526,77130,37
30969,1586969679.3893633,-2083533,38179,48
30970,1586969679.469407,-1682488,149264,37
30971,1586969679.630114,-1682649,52273,48
30972,1586969679.6329172,841509,33099,37
30973,1586969679.6360402,841506,0,48
30974,1586969953.5098252,819301,8893,11
30975,1586969953.51194,-4,28189,53
30976,1586970772.814537,-2,15099,53
30977,1586971715.9661841,921735,12072,11
30978,1586971715.971131,-41,28433,53
30979,1586971783.479464,-842086,38580,37
30980,1586971783.484343,-842091,6149,48
30981,1586971783.531351,-413,32071,37
30982,1586971783.739916,2523504,0,48
30983,1586972637.724011,-21,22025,53
30984,1586972944.6449182,-2,18786,50
30985,1586972944.8563921,-4,47661,11
30986,1586972945.068469,-216,107178,53
30987,1586974212.7455182,-1588347,16240,37
30988,1586974212.821219,-1167638,30703,37
30989,1586974212.873334,935476,25753,37
30990,1586974747.8191133,4097065,10800,50
30991,1586974748.0396402,-30,9076,11
30992,1586974748.0424843,-33,25745,53
30993,1586975403.76975,-210,21801,11
30994,1586975403.7953181,-235,18612,53
30995,1586976286.3973792,-1558829,6148,48
30996,1586976286.430718,347180,0,48
30997,1586976286.4511871,-716978,15804,37
30998,1586976286.4732502,-544884,27715,37
30999,1586976286.483971,-544893,1647000,37
31000,1586976286.531477,-124436,37455,37
31001,1586976468.5140162,-28,4526,11
31002,1586976468.516242,-31,13006,53
31003,1586977390.4189353,2294408,9015,11
31004,1586977390.4231892,-20,29619,53
31005,1586978004.697345,-2,37401,53
31006,1586978272.9854112,-1689752,27463,37
31007,1586978273.003777,-1639405,10359,37
31008,1586978273.0096111,-1639398,516963,37
31009,1586978273.0619812,-1218914,35677,37
31010,1586978273.0680091,-1218920,6145,48
31011,1586978273.110083,-797715,30637,37
31012,1586978273.115901,3209154,0,48
31013,1586978273.165656,-376649,34866,37
31014,1586978845.4429102,-358,7401,53
31015,1586979684.64155,962597,15144,50
31016,1586979684.831062,-3,15807,53
31017,1586980422.2450752,-2104608,39149,37
31018,1586980422.3080122,-1683548,29714,37
31019,1586980422.4283323,-1262552,25675,37
31020,1586980422.485228,-841485,51064,37
31021,1586980422.5227203,-421274,26241,37
31022,1586980647.4585772,942173,3902,11
31023,1586980647.4615362,5224342,7336,53
31024,1586981589.4489682,4282132,11570,50
31025,1586982324.3543112,-1902395,20246,37
31026,1586982324.4081101,-1481434,31916,37
31027,1586982324.568417,-1061236,26885,37
31028,1586982324.59732,-842334,30272,37
31029,1586982324.6041892,-842334,856816,37
31030,1586982324.6676931,-622,30007,37
31031,1586982324.8430312,-422044,6145,48
31032,1586982655.324736,614725,6951,11
31033,1586984312.249756,1682841,0,48
31034,1586984312.302503,-1567259,35780,37
31035,1586984312.3421183,-1146055,30707,37
31036,1586984312.371154,-842271,25513,37
31037,1586984312.380003,-842235,740711,37
31038,1586984312.423739,-421655,22985,37
31039,1586984376.27867,-15,3369,11
31040,1586985011.17451,860629,11217,11
31041,1586986416.492557,-2104605,36351,37
31042,1586986416.5433302,-1683537,42508,37
31043,1586986416.590407,-1262584,27443,37
31044,1586986416.645598,-842209,45117,37
31045,1586986416.922174,-421831,38366,37
31046,1586986416.925417,615415,27778,37
31047,1586986416.9302769,-1645,6150,48
31048,1586986916.154685,-9,15218,50
31049,1586986916.341187,901183,6462,11
31050,1586986916.3441741,-10,19872,53
31051,1586987817.2670732,2579385,10598,50
31052,1586987817.5547643,-29,7116,53
31053,1586988392.894164,-98922,0,48
31054,1586988392.9118114,-1360563,1138721,37
31055,1586988392.959701,322132,27851,37
31056,1586989165.408865,-450316,6137,48
31057,1586989165.4322872,-29151,77323,37
31058,1586989165.4375432,68994063,2769,38
31059,1586989165.4406343,3146205,0,48
31060,1586989165.4420621,-29161,78481,47
31061,1586989165.4505253,-29167,1031455,37
31062,1586989165.451283,9361643,0,47
31063,1586989165.4522982,-1033,86338,37
31064,1586989165.4564202,-1034,1108457,37
31065,1586989165.4605093,7196,65771,37
31066,1586989165.4647682,7197,0,37
31067,1586989204.321228,-28,19601,11
31068,1586989204.323122,-30,34042,53
31069,1586989219.626352,-34764,59341,37
31070,1586989219.637371,-30124,98623,37
31071,1586989219.6547022,-30138,1833235,37
31072,1586989219.66047,-22383,79677,37
31073,1586989219.664959,-22385,0,37
31074,1586989219.669724,3596,69494,37
31075,1586989219.673145,3595,1009273,37
31076,1586989219.67791,15640,79486,37
31077,1586989219.681838,15641,0,37
31078,1586989342.056305,-102963,133880,37
31079,1586989342.0628,-92267,98239,37
31080,1586989342.068718,-92268,6536,37
31081,1586989342.08223,-46326,47348,37
31082,1586989342.085549,-46326,0,37
31083,1586989342.0896761,-36920,20809,37
31084,1586989342.0923963,-36917,0,37
31085,1586989342.0979042,255,28578,37
31086,1586989342.100995,255,1216065,37
31087,1586989480.9257803,-108978,67421,37
31088,1586989480.9317381,-108981,1052250,37
31089,1586989480.9360332,-104514,95677,37
31090,1586989480.9399092,-104514,2061758,37
31091,1586989480.943613,-82317,63308,37
31092,1586989480.9468632,-82316,2093611,37
31093,1586989480.9590602,9824,33150,37
31094,1586989480.9614341,9825,1026833,37
31095,1586989528.573185,-1,12729,11
31096,1586989528.5742602,-2,26804,53
31097,1586989847.4943092,-347103,79997,37
31098,1586989847.5144413,-299471,66554,37
31099,1586989847.5226982,-299475,368711,37
31100,1586989847.5284662,-259478,36730,37
31101,1586989847.5321732,-259479,2069771,37
31102,1586989847.5391402,-161965,24442,37
31103,1586989847.541645,-161962,0,37
31104,1586989847.5457892,-104980,9133,37
31105,1586989847.5509512,-104973,1952,37
31106,1586989872.4301312,-23,5480,11
31107,1586989872.4321892,524313,3187,53
31108,1586990155.0523582,-288260,29660,37
31109,1586990155.0568411,-195991,15373,37
31110,1586990155.060924,-195990,0,37
31111,1586990155.0651703,-152962,7145,37
31112,1586990155.0840452,-152974,0,37
31113,1586990155.0878332,-57529,22577,37
31114,1586990155.09095,-57527,0,37
31115,1586990155.0925703,-17148,11544,37
31116,1586990155.0963273,-17146,5155,37
31117,1586990396.746861,-1,14133,11
31118,1586990439.216323,-235362,17297,37
31119,1586990439.231892,-235367,1887,37
31120,1586990439.236274,-94464,16720,37
31121,1586990439.239655,-94460,0,37
31122,1586990439.245905,-69120,20450,37
31123,1586990439.249948,-69119,6778,37
31124,1586990439.253632,-42580,20103,37
31125,1586990439.256701,-42571,0,37
31126,1586991004.9897032,-1,13892,50
31127,1586991005.0687351,-5,8351,11
31128,1586991005.069261,1841813,6670,53
31129,1586991005.22019,-566259,18982,37
31130,1586991005.24547,-321744,43979,37
31131,1586991005.25183,-321746,6100,37
31132,1586991005.2562952,-313691,10307,37
31133,1586991005.2628002,-313692,5545,37
31134,1586991005.266076,-103896,18165,37
31135,1586991005.271989,-103897,0,37
31136,1586991005.2753162,-39838,17480,37
31137,1586991005.2787542,-39837,0,37
31138,1586991270.888492,-265859,16946,37
31139,1586991270.8933291,-232961,22375,37
31140,1586991270.893783,-232957,5903,37
31141,1586991270.894117,-172952,18167,37
31142,1586991270.8945692,-172946,0,37
31143,1586991270.8948822,-107398,21556,37
31144,1586991270.9002323,-107400,1052250,37
31145,1586991270.9036841,-54026,49819,37
31146,1586991270.905417,-54025,0,37
31147,1586991991.584996,6327210,10460,50
31148,1586991991.689365,6327402,5247,11
31149,1586992046.8890543,-776076,15703,37
31150,1586992046.895504,-768315,29114,37
31151,1586992046.9065123,-550168,24269,37
31152,1586992047.0075982,-540647,33293,37
31153,1586992047.0086372,-540642,0,37
31154,1586992047.009174,-316268,19926,37
31155,1586992047.012262,-316266,9548,37
31156,1586992047.0130782,-55516,22287,37
31157,1586992047.0140343,-55514,1021395,37
31158,1586992755.743664,-709067,83987,37
31159,1586992755.746685,-697793,22150,37
31160,1586992755.749466,-697789,0,37
31161,1586992755.7652261,-572106,15360,37
31162,1586992755.779206,-572115,1921500,37
31163,1586992755.787903,-444154,33433,37
31164,1586992755.7916842,-444146,1683,37
31165,1586992755.798687,-245687,16373,37
31166,1586992755.799583,-245687,3769,48
31167,1586992755.8105402,-245691,4067,37
31168,1586992755.813138,-245694,0,48
31169,1586993203.905189,-357243,18844,37
31170,1586993203.906413,-448212,1275,48
31171,1586993203.909053,-357247,10918,48
31172,1586993203.9119651,-357239,1458,37
31173,1586993203.9129632,1909746,0,48
31174,1586993203.9173841,-246068,22151,37
31175,1586993203.921333,-246067,0,37
31176,1586993203.925367,-186039,26874,37
31177,1586993203.9293342,-186038,589864,37
31178,1586993203.9450572,-82290,36506,37
31179,1586993203.9481492,-82282,0,37
31180,1586993977.9729853,4341119,2296,53
31181,1586993978.143942,-774300,9240,37
31182,1586993978.163055,-482057,27454,37
31183,1586993978.16749,-482056,6863,37
31184,1586993978.175172,-337389,22656,37
31185,1586993978.177444,-337385,0,37
31186,1586993978.1868331,-60216,22804,37
31187,1586993978.189294,-60211,0,37
31188,1586993978.193577,-293,28393,37
31189,1586994234.365386,-256455,0,37
31190,1586994234.381417,-224202,25988,37
31191,1586994234.398625,-224215,0,37
31192,1586994234.401619,-139699,8550,37
31193,1586994234.40715,-139702,1052250,37
31194,1586994234.417627,-65213,34741,37
31195,1586994234.419732,-65210,7705,37
31196,1586994234.4228282,-11717,26536,37
31197,1586994234.426778,-11717,1057333,37
31198,1586994878.162085,-644564,96692,37
31199,1586994878.182758,-184130,22867,37
31200,1586994878.2038321,-184146,0,37
31201,1586994878.208234,-57523,14833,37
31202,1586994878.2107692,-57521,0,37
31203,1586994878.21316,-19191,12713,37
31204,1586994878.2153172,-19190,964909,37
31205,1586995838.4505842,-960470,83306,37
31206,1586995838.464507,-900378,21193,37
31207,1586995838.465279,-900374,0,37
31208,1586995838.4657152,-724809,26370,37
31209,1586995838.4930043,-724833,2061758,37
31210,1586995838.4951262,-603438,28454,37
31211,1586995838.505239,-603448,12663,48
31212,1586995838.509437,-603447,0,37
31213,1586995838.5108302,-603449,0,48
31214,1586995838.5121002,-419,18000,37
31215,1586995838.5190532,1444799,2037,48
31216,1586996342.2139072,-504114,0,37
31217,1586996342.228003,-392678,14451,37
31218,1586996342.2381802,-392683,0,37
31219,1586996342.242896,-208417,16293,37
31220,1586996342.2497602,-208420,2017143,37
31221,1586996342.2568681,-79220,28098,37
31222,1586996342.2623281,-79222,1143750,37
31223,1586996720.0935922,-378198,39499,37
31224,1586996720.0989232,-257134,23821,37
31225,1586996720.1016831,-257131,0,37
31226,1586996720.1051502,-165231,18106,37
31227,1586996720.1094391,-165232,1017938,37
31228,1586996720.114647,-35058,36753,37
31229,1586996720.1197672,-35058,0,37
31230,1586996720.134025,-7676,20582,37
31231,1586996720.1389291,-7676,0,37
31232,1586997195.090116,-475828,20219,37
31233,1586997195.093974,-475124,13460,37
31234,1586997195.0985122,-396987,21165,37
31235,1586997195.10748,-337181,28932,37
31236,1586997195.1119401,-337180,0,37
31237,1586997195.3096411,-160158,28409,37
31238,1586997195.3121872,-160156,8133,37
31239,1586997195.312933,-153386,25944,37
31240,1586997758.0030322,-563062,22529,37
31241,1586997758.007677,-474693,40339,37
31242,1586997758.0105522,-474691,1544284,37
31243,1586997758.015113,-444158,54385,37
31244,1586997758.015984,-444159,41432,48
31245,1586997758.0490413,-444187,6536,37
31246,1586997758.0499492,-444188,0,48
31247,1586997758.0586853,-250185,24240,37
31248,1586997758.0620592,-250188,5959,48
31249,1586997758.063374,-250173,0,37
31250,1586997758.0637221,769030,0,48
31251,1586997758.072895,-209,23107,37
31252,1586998433.005982,-675139,998182,37
31253,1586998433.022643,-615121,51448,37
31254,1586998433.029429,-615122,0,37
31255,1586998433.040002,-319527,22841,37
31256,1586998433.043478,-319528,0,37
31257,1586998433.049695,-124533,17661,37
31258,1586998433.053358,-124532,1108457,37
31259,1586998433.0575151,-31122,27920,37
31260,1586998433.0598612,-31119,0,37
31261,1586998622.5873551,-9,38566,50
31262,1586998622.670816,-2,98831,11
31263,1586998622.674328,-6,5784,53
31264,1586998930.428621,-1,109338,50
31265,1586998930.547814,-26,109525,11
31266,1586998930.548462,-27,15912,53
31267,1586999120.580084,-628530,13067,37
31268,1586999120.5983052,-628543,8133,37
31269,1586999120.608225,-593518,12746,37
31270,1586999120.615935,-593521,0,37
31271,1586999120.635787,-173496,54204,37
31272,1586999120.6375341,-173497,4210,48
31273,1586999120.641601,59038859,296,47
31274,1586999120.6514971,-28694,29412,37
31275,1586999120.652842,1897049,0,48
31276,1586999120.6558523,-28694,6655,37
31277,1586999323.778215,-1,42942,50
31278,1586999324.023375,-20,51786,11
31279,1586999324.024119,-20,9042,53
31280,1586999447.2627692,-327038,54727,37
31281,1586999447.2822871,-283011,39468,37
31282,1586999447.2935543,-283018,0,37
31283,1586999447.300131,-234390,38894,37
31284,1586999447.3065763,-234384,152596,37
31285,1586999447.313496,-123798,38052,37
31286,1586999447.3182971,-123800,1143750,37
31287,1586999447.32266,-34506,35276,37
31288,1586999447.3260503,-34499,1718,37
31289,1586999650.2563953,700341,10216,50
31290,1586999650.308062,361646,10300,11
31291,1586999650.31011,700367,3635,53
31292,1586999813.362054,-349637,6330,37
31293,1586999813.371562,-260605,11864,37
31294,1586999813.389349,-163416,35849,37
31295,1586999813.3934631,-163416,1987000,37
31296,1586999813.3969312,-135334,64839,37
31297,1586999813.399892,-135332,6310,37
31298,1586999813.402738,-75275,30741,37
31299,1586999813.4050312,543118,3000,37
31300,1587000350.6794372,-1,6742,11
31301,1587000356.798717,-274,0,53
31302,1587000356.8002641,-276,0,50
31303,1587000356.8028312,-279,0,11
31304,1587000698.2497082,-9,10656,50
31305,1587000698.313086,0,31553,11
31306,1587000698.3144732,319769,2930,53
31307,1587000711.0988593,-349675,76120,37
31308,1587000711.1027231,-327069,29601,37
31309,1587000711.1255472,-327085,0,37
31310,1587000711.1302843,-73046,38625,37
31311,1587000711.1337843,-73040,557903,37
31312,1587000711.1383412,-55421,87810,37
31313,1587000711.143536,-55416,2080,37
31314,1587000711.1460302,-13050,31467,37
31315,1587000711.149857,-13048,0,37
31316,1587001017.9776292,-1,15680,50
31317,1587001018.0904582,-6,15650,11
31318,1587001093.340743,-382627,43064,37
31319,1587001093.3633504,-338471,28680,37
31320,1587001093.3682902,-338471,6906,37
31321,1587001093.3772054,-253642,66636,37
31322,1587001093.4673734,-253728,8318,37
31323,1587001093.4684312,-75779,15739,37
31324,1587001093.4703212,-75767,118592,37
31325,1587001093.4716372,-64863,26656,37
31326,1587001093.4722822,-64864,87332,48
31327,1587001093.4737554,-64860,6778,37
31328,1587001093.4741573,-64860,0,48
31329,1587001331.167272,35552022,10614,50
31330,1587001331.23173,-1,24393,11
31331,1587001331.2324371,-1,6372,53
31332,1587001638.1493871,0,17969,11
31333,1587001638.1502433,-1,9878,53
31334,1587001845.1345541,-752183,36422,37
31335,1587001845.1366382,-752185,5285,48
31336,1587001845.1546912,-596494,21244,37
31337,1587001845.158409,1559044,2184,48
31338,1587001845.1624203,-596496,0,37
31339,1587001845.1671371,-247267,27158,37
31340,1587001845.1698651,-247258,0,37
31341,1587001845.1814852,-207314,30523,37
31342,1587001845.185194,-207310,0,37
31343,1587001845.1895552,-187137,29272,37
31344,1587001845.192503,-187136,0,37
31345,1587002558.514403,-713615,15679,37
31346,1587002558.521524,-595587,28830,37
31347,1587002558.5252452,-595586,6310,37
31348,1587002558.529385,-423962,21279,37
31349,1587002558.5346613,-423962,0,37
31350,1587002558.5425901,-174445,14047,37
31351,1587002558.5433912,-174442,0,37
31352,1587002558.550527,-20646,30983,37
31353,1587002558.553754,-20645,7444,37
31354,1587003275.239319,-717152,14417,37
31355,1587003275.243642,-686425,54969,37
31356,1587003275.247636,-686426,976000,37
31357,1587003275.250729,-657218,49561,37
31358,1587003275.256382,-657218,0,37
31359,1587003275.2606652,-535311,26877,37
31360,1587003275.2633252,-535308,0,37
31361,1587003275.2702012,-231398,23204,37
31362,1587003275.275438,-231391,0,37
31363,1587003453.9475112,5884419,4687,11
31364,1587003453.9490852,1759262,4100,53
31365,1587003578.4778862,-303501,16283,37
31366,1587003578.5381181,-249697,33928,37
31367,1587003578.5390162,-249693,0,37
31368,1587003578.539714,-174353,27968,37
31369,1587003578.540615,-174337,418171,37
31370,1587003578.541433,-125009,45348,37
31371,1587003578.542079,-125010,28406,48
31372,1587003578.5433302,-125007,1021395,37
31373,1587003578.5438871,-125008,0,48
31374,1587003578.544325,-60457,31117,37
31375,1587003578.544933,-60458,15804,48
31376,1587003578.545484,-60454,962739,37
31377,1587003578.5459752,2405161,0,48
31378,1587004354.281784,-776255,42779,37
31379,1587004354.287727,-468373,27805,37
31380,1587004354.291202,-468371,0,37
31381,1587004354.2941072,-409487,19794,37
31382,1587004354.2978163,-409479,0,37
31383,1587004354.3027132,-139494,25192,37
31384,1587004354.3062763,-139483,0,37
31385,1587004354.3099222,-54137,21138,37
31386,1587004354.3143911,-54139,1029375,37
31387,1587004590.2812521,-236460,38882,37
31388,1587004590.289395,-167219,21105,37
31389,1587004590.296013,-167222,1885429,37
31390,1587004590.3014321,-156743,95235,37
31391,1587004590.3070493,-140330,47875,37
31392,1587004590.3119493,-112097,18952,37
31393,1587004590.3166132,-112093,2302,37
31394,1587004590.3209162,-52437,23371,37
31395,1587004590.3238292,-52434,0,37
31396,1587005541.5178132,0,7159,53
31397,1587005728.1451902,-1138335,30289,37
31398,1587005728.1615102,-815299,25799,37
31399,1587005728.17068,-815296,1430,37
31400,1587005728.1752622,-642569,17067,37
31401,1587005728.1797132,-642570,7957,37
31402,1587005728.1855202,-515354,13438,37
31403,1587005728.1911793,-515347,0,37
31404,1587005728.2243152,-94857,31084,37
31405,1587005728.2921453,-476,24972,37
31406,1587005984.1201742,27294772,3365,53
31407,1587006339.645122,-611823,5810,37
31408,1587006339.651325,-355951,29034,37
31409,1587006339.663837,-355956,0,37
31410,1587006339.667265,-218853,29951,37
31411,1587006339.6696591,-218855,14823,48
31412,1587006339.672824,-92531,24860,37
31413,1587006339.674387,-218855,0,48
31414,1587006339.683969,2283084,2692,48
31415,1587006339.695831,-92551,1031455,37
31416,1587006339.703073,-51149,49407,37
31417,1587006339.708274,-51149,7705,37
31418,1587007027.1590662,-687830,29704,37
31419,1587007027.163649,-682745,104289,37
31420,1587007027.2520692,-659845,42648,37
31421,1587007027.2542572,-656534,117336,37
31422,1587007027.2560172,-569338,33807,37
31423,1587007027.2573824,-569329,1937,37
31424,1587007027.2584343,-219434,26988,37
31425,1587007027.261249,-219431,0,37
31426,1587007484.206751,-431244,24219,37
31427,1587007484.2119431,-431235,0,37
31428,1587007484.2169862,-315383,19861,37
31429,1587007484.226047,-315387,0,37
31430,1587007484.231517,-129930,26416,37
31431,1587007484.2340202,-129930,2753125,37
31432,1587007484.237526,-66039,28491,37
31433,1587007484.2489352,-66040,0,37
31434,1587008190.4447782,-706576,24661,37
31435,1587008190.455306,-689543,84777,37
31436,1587008190.459824,-689544,0,37
31437,1587008190.4635842,-646710,22753,37
31438,1587008190.471785,-646713,0,37
31439,1587008190.4779773,-277693,25240,37
31440,1587008190.4841242,-277693,0,37
31441,1587008190.4878702,-79268,19370,37
31442,1587008190.4913762,-79266,6536,37
31443,1587008623.3182812,-410568,16256,37
31444,1587008623.326801,-410572,0,37
31445,1587008623.329885,-304919,19355,37
31446,1587008623.3332992,-304916,5810,37
31447,1587008623.3367782,-247473,21135,37
31448,1587008623.3406472,-247473,1132313,37
31449,1587008623.345293,-233299,61139,37
31450,1587008623.347515,-119646,13976,37
31451,1587009154.100109,-531331,31267,37
31452,1587009154.193513,-451330,15123,37
31453,1587009154.194757,-451332,16134,48
31454,1587009154.196067,-451328,0,37
31455,1587009154.196488,-451328,0,48
31456,1587009154.196858,-200489,17846,37
31457,1587009154.197633,-200489,4609,48
31458,1587009154.19915,-200487,1177565,37
31459,1587009154.1997051,2031564,0,48
31460,1587009154.200233,-124457,19700,37
31461,1587009154.200998,-124448,2889,37
31462,1587009154.2016091,-41423,27164,37
31463,1587009154.202364,-41418,0,37
31464,1587009410.0475583,-132121,21900,37
31465,1587009410.056427,-132126,978837,37
31466,1587009410.0611122,-72117,53732,37
31467,1587009410.083405,-72134,7320,37
31468,1587009410.084064,-30362,24791,37
31469,1587009410.0876923,-30356,2553,37
31470,1587009410.0911293,-10348,35110,37
31471,1587009410.0953903,-10349,1109091,37
31472,1587009862.3540092,-452685,73286,37
31473,1587009862.491199,-339885,29008,37
31474,1587009862.4922323,-339883,1020364,37
31475,1587009862.494173,-149582,23664,37
31476,1587009862.4948862,-149571,0,37
31477,1587009862.4952571,-110760,12553,37
31478,1587009862.4958692,-110755,0,37
31479,1587009862.496232,-54759,16098,37
31480,1587009862.4966712,-54747,987,37
31481,1587010480.6278281,-618832,11247,37
31482,1587010480.64394,-530613,33187,37
31483,1587010480.6494582,-530613,0,37
31484,1587010480.6633263,-242645,21781,37
31485,1587010480.669114,-242646,0,37
31486,1587010480.673062,-182762,20675,37
31487,1587010480.6770153,-182760,0,37
31488,1587010480.6798441,-168986,14494,37
31489,1587010480.683681,-168982,0,37
31490,1587010710.251897,-230205,20611,37
31491,1587010710.257802,-162385,27329,37
31492,1587010710.2608962,-162385,1098000,37
31493,1587010710.2904162,-97559,43551,37
31494,1587010710.294242,-97554,0,37
31495,1587010710.29638,-69604,20614,37
31496,1587010710.297732,-69603,0,37
31497,1587010710.302627,-54859,89837,37
31498,1587010710.304041,-54857,1119529,37
31499,1587011186.4278932,-117,9603,11
31500,1587011258.5942922,-548875,41515,37
31501,1587011258.605034,-512922,26300,37
31502,1587011258.6130931,-512919,0,37
31503,1587011258.621562,-421943,42569,37
31504,1587011258.6304002,-421948,14168,37
31505,1587011258.638008,-72885,21475,37
31506,1587011258.641055,-72876,0,37
31507,1587011258.6442943,-60669,21418,37
31508,1587011258.6449413,-60670,25642,48
31509,1587011258.6482592,-60667,1565234,37
31510,1587011258.6490061,-60668,0,48
31511,1587011845.4251323,-407963,17389,37
31512,1587011845.4298182,-587438,35133,48
31513,1587011845.433509,1757820,0,48
31514,1587011845.4370122,-407973,0,37
31515,1587011845.4484673,-395811,84794,37
31516,1587011845.4531622,-395804,0,37
31517,1587011845.4590821,-282548,18709,37
31518,1587011845.464718,-282551,1063688,37
31519,1587011845.470689,-33754,21629,37
31520,1587011845.474209,-33752,0,37
31521,1587012371.3546631,-258611,13772,37
31522,1587012371.3680491,-258622,0,37
31523,1587012371.371953,-213464,12927,37
31524,1587012371.37947,-213467,1041067,37
31525,1587012371.3866,-153458,39314,37
31526,1587012371.3897443,-153458,0,37
31527,1587012371.394063,-90671,19006,37
31528,1587012371.3961542,-90668,0,37
31529,1587012601.469432,-230736,19478,37
31530,1587012601.4749942,-189824,23162,37
31531,1587012601.4784472,-189817,0,37
31532,1587012601.486062,-168818,20141,37
31533,1587012601.4867432,-168810,2797,37
31534,1587012601.4899242,-147617,36303,37
31535,1587012601.4947731,-147619,1042545,37
31536,1587012601.5082083,-27696,26466,37
31537,1587012601.510827,-27693,0,37
31538,1587013118.6230412,-517625,79511,37
31539,1587013118.7044451,-405997,30042,37
31540,1587013118.705522,-405990,2577,37
31541,1587013118.7066493,-376040,21839,37
31542,1587013118.707698,-376039,0,37
31543,1587013118.708383,-137014,20033,37
31544,1587013118.7092452,-137010,6310,37
31545,1587013118.709928,-78073,23476,37
31546,1587013118.7106152,-78064,0,37
31547,1587013491.298906,0,4134,11
31548,1587013757.3159223,-639308,7893,37
31549,1587013757.334963,-579370,23354,37
31550,1587013757.345832,-579376,0,37
31551,1587013757.3542302,-444685,19160,37
31552,1587013757.360981,-444687,0,37
31553,1587013757.366601,-266701,17198,37
31554,1587013757.3727412,-266704,984714,37
31555,1587013757.3766103,-154125,21203,37
31556,1587013757.3810022,-154127,1052250,37
31557,1587014244.6476212,-487964,23909,37
31558,1587014244.6536183,-487970,16120,48
31559,1587014244.6600072,-377958,18456,37
31560,1587014244.6619122,1909965,0,48
31561,1587014244.6625772,-377952,0,37
31562,1587014244.668477,-166717,19604,37
31563,1587014244.67142,-166714,0,37
31564,1587014244.6753721,-106696,23060,37
31565,1587014244.679706,-106696,0,37
31566,1587014244.6829252,-31006,15593,37
31567,1587014244.6869462,-678,6421,37
31568,1587014938.936469,-450123,25134,37
31569,1587014938.940135,-450125,0,37
31570,1587014938.9493222,-315492,32374,37
31571,1587014938.956122,-315497,1728121,37
31572,1587014938.962718,-149296,31638,37
31573,1587014938.965827,-149291,0,37
31574,1587014938.972145,-32367,25121,37
31575,1587014938.9771252,-32367,0,37
31576,1587015414.2732651,-11,7437,11
31577,1587015514.831077,-476756,46170,37
31578,1587015514.834848,-476757,1317600,37
31579,1587015514.8405442,-416742,49876,37
31580,1587015514.8448162,-416741,0,37
31581,1587015514.854826,-101207,28204,37
31582,1587015514.9544582,-101300,6459,37
31583,1587015514.9551141,-94135,24463,37
31584,1587015514.9559102,-94130,0,37
31585,1587016034.2843742,-390721,26424,37
31586,1587016034.30586,-390740,1029375,37
31587,1587016034.3136582,-320671,47929,37
31588,1587016034.3191962,-320672,0,37
31589,1587016034.3250542,-260744,23161,37
31590,1587016034.328422,-260737,0,37
31591,1587016034.3343363,-252570,18702,37
31592,1587016034.341824,-36438,23984,37
31593,1587016534.9681323,-484846,19330,37
31594,1587016534.9747772,-476718,32305,37
31595,1587016534.978228,-380356,23825,37
31596,1587016534.981985,-380354,5903,37
31597,1587016534.9864783,-214193,22219,37
31598,1587016534.9873452,-214189,2046,48
31599,1587016534.9933453,-214195,0,37
31600,1587016534.9961643,-26407,10494,37
31601,1587016534.9981751,-26409,11227,48
31602,1587016535.0006692,-26406,6310,37
31603,1587016535.001512,805572,0,48
31604,1587017018.8003712,-484341,16681,37
31605,1587017018.8165112,-405192,33919,37
31606,1587017018.8218431,-405193,0,37
31607,1587017018.826045,-369246,23343,37
31608,1587017018.8337061,-369248,6310,37
31609,1587017018.8381002,-366105,33535,37
31610,1587017018.8421721,-363935,144617,37
31611,1587017018.8569472,-60793,34065,37
31612,1587017018.8592682,-60792,0,37
31613,1587017304.0801172,2535081,4202,11
31614,1587017514.343564,-496250,20736,37
31615,1587017514.351592,-476385,5386,37
31616,1587017514.365518,-301770,15370,37
31617,1587017514.3726292,-301766,0,37
31618,1587017514.379527,-210826,34985,37
31619,1587017514.481096,-210916,1155,37
31620,1587017514.485818,-173917,18112,37
31621,1587017514.486648,-173912,0,37
31622,1587017959.320372,-436668,17707,37
31623,1587017959.3259172,-445701,7467,48
31624,1587017959.3357391,1878597,0,48
31625,1587017959.340835,-436683,0,37
31626,1587017959.350348,-275449,27162,37
31627,1587017959.3546772,-275451,1074387,37
31628,1587017959.3595982,-105802,25297,37
31629,1587017959.364674,-105797,379309,37
31630,1587017959.3684282,-93061,4549,37
31631,1587017959.372355,-41274,20199,37
31632,1587018470.427927,-511836,61371,37
31633,1587018470.437374,-492436,30831,37
31634,1587018470.446593,-492442,10765,37
31635,1587018470.4548802,-257557,18453,37
31636,1587018470.4640281,-257561,6421,37
31637,1587018470.4708972,-34881,21252,37
31638,1587018470.4741492,-34878,7320,37
31639,1587018470.478756,-29950,16943,37
31640,1587018470.482955,-795,23555,37
31641,1587018938.8070002,-372263,28584,37
31642,1587018938.8158982,-372260,0,37
31643,1587018938.8209333,-357646,44770,37
31644,1587018938.8242822,-357645,2312698,37
31645,1587018938.8347201,-234732,28571,37
31646,1587018938.8387084,-234733,1063688,37
31647,1587018938.8465092,-60862,31527,37
31648,1587018938.8490443,-60861,1206136,37
31649,1587019723.5157812,-785463,23031,37
31650,1587019723.52605,-213981,27066,37
31651,1587019723.5359063,-213987,0,37
31652,1587019723.5399132,-128578,21394,37
31653,1587019723.5430923,-128578,2173030,37
31654,1587019723.5968401,-90062,46934,37
31655,1587019723.6929703,-90153,0,37
31656,1587020249.6641362,-526731,25389,37
31657,1587020249.6718102,-411751,44029,37
31658,1587020249.6774,-411743,0,37
31659,1587020249.683424,-351545,27575,37
31660,1587020249.684075,-351546,42927,48
31661,1587020249.7174592,-351572,0,37
31662,1587020249.7188191,775822,0,48
31663,1587020249.7216911,-280147,14602,37
31664,1587020249.724863,-280146,0,37
31665,1587020249.728094,-204169,15764,37
31666,1587020249.730793,-204169,1031455,37
31667,1587020249.9075613,-2,10925,11
31668,1587020743.950296,666682,6039,11
31669,1587020799.3966322,-410828,29484,37
31670,1587020799.4111962,-410837,0,37
31671,1587020799.411654,-285876,24809,37
31672,1587020799.4139931,-285875,1141920,37
31673,1587020799.418301,-236896,18580,37
31674,1587020799.420855,-236894,0,37
31675,1587020799.424606,-56230,12168,37
31676,1587020799.431076,-56234,1098000,37
31677,1587021410.7859101,-656963,105610,37
31678,1587021410.792905,-612610,36531,37
31679,1587021410.797802,-552844,64220,37
31680,1587021410.8008332,-552841,0,37
31681,1587021410.805356,-385268,22744,37
31682,1587021410.8127012,-385271,0,37
31683,1587021410.8170352,-270285,18255,37
31684,1587021410.8189502,-270287,12420,48
31685,1587021410.823882,-270286,0,37
31686,1587021410.8260202,2109770,0,48
31687,1587021410.8309722,-825,23661,37
31688,1587021818.9260912,-408915,0,37
31689,1587021818.9460602,-388432,34447,37
31690,1587021818.9547992,-388438,2007029,37
31691,1587021818.9633932,-353484,63445,37
31692,1587021818.9678922,-353484,8446,37
31693,1587021818.974955,-275321,23807,37
31694,1587021818.9788313,-275319,0,37
31695,1587021818.9857051,-60913,20608,37
31696,1587021818.988768,-60911,0,37
31697,1587021975.449111,-14,13469,11
31698,1587022613.645807,-795521,52165,37
31699,1587022613.651764,-638991,24486,37
31700,1587022613.655108,-638988,0,37
31701,1587022613.6571891,-632253,17700,37
31702,1587022613.6626182,-530501,23469,37
31703,1587022613.6661592,-374137,13639,37
31704,1587022613.669151,-374134,0,37
31705,1587022613.6710482,-344208,28954,37
31706,1587022613.674302,-344204,0,37
31707,1587022739.7155452,-19,5023,11
31708,1587023139.078679,-526094,20296,37
31709,1587023139.084289,-518040,23637,37
31710,1587023139.0894551,-484811,39136,37
31711,1587023139.0953712,-421030,34704,37
31712,1587023139.109271,-421038,0,37
31713,1587023139.115127,-360883,20710,37
31714,1587023139.1192272,-360882,0,37
31715,1587023139.127402,-221163,30525,37
31716,1587023139.132414,-221163,0,37
31717,1587023618.906562,1979986,8788,11
31718,1587023678.8647962,-747509,24118,37
31719,1587023678.9443321,-158349,18145,37
31720,1587023678.9454622,-158348,1194075,37
31721,1587023678.94614,-81465,28559,37
31722,1587023678.9466891,-81466,14687,48
31723,1587023678.948104,-81462,6100,37
31724,1587023678.94873,-81463,0,48
31725,1587023678.949144,-54503,62821,37
31726,1587023678.949964,-54504,47931,48
31727,1587023678.950354,-54500,1544063,37
31728,1587023678.950799,959098,0,48
31729,1587023678.9510322,-830,36636,37
31730,1587024424.3057833,-746183,947294,37
31731,1587024424.3229733,-686259,71549,37
31732,1587024424.3340921,-686259,478717,37
31733,1587024424.3441162,-620701,42210,37
31734,1587024424.355374,-620708,2154278,37
31735,1587024424.3618813,-314592,17810,37
31736,1587024424.363897,-314588,5903,37
31737,1587024424.367188,-162647,16865,37
31738,1587024424.3703,-162641,0,37
31739,1587024699.035128,-240615,18676,37
31740,1587024699.044805,-240621,1040211,37
31741,1587024699.051012,-172043,28194,37
31742,1587024699.058891,-172048,1040813,37
31743,1587024699.0677443,-132608,54725,37
31744,1587024699.072433,-132601,468897,37
31745,1587024699.077869,-61030,46590,37
31746,1587024699.082406,-61032,0,37
31747,1587025316.6594691,-492900,23698,37
31748,1587025316.6630511,-618477,21488,48
31749,1587025316.6687732,1691715,0,48
31750,1587025316.6739492,-492911,11806,37
31751,1587025316.67876,-293270,28908,37
31752,1587025316.681456,-293267,0,37
31753,1587025316.6843271,-286797,72364,37
31754,1587025316.6882582,-286798,2195212,37
31755,1587025316.708304,-173245,41409,37
31756,1587025316.7107031,-173242,6971,37
31757,1587025658.9034653,-342966,18564,37
31758,1587025658.9150162,-298512,5314,37
31759,1587025658.926093,-255506,19730,37
31760,1587025658.930401,-255496,1031,37
31761,1587025658.93402,-250570,125659,37
31762,1587025658.940216,-250573,1143750,37
31763,1587025658.9464312,-60808,18224,37
31764,1587025658.95504,-60807,0,37
31765,1587026524.1135972,-866084,17726,37
31766,1587026524.141375,-680203,22144,37
31767,1587026524.145319,-680204,1131273,37
31768,1587026524.1493392,-589090,36829,37
31769,1587026524.1523533,-589088,0,37
31770,1587026524.1593652,-343706,28610,37
31771,1587026524.1631742,-343701,0,37
31772,1587026524.1671991,-106221,18911,37
31773,1587026524.169259,-106216,0,37
31774,1587027009.247445,-485826,19312,37
31775,1587027009.254312,-451269,37932,37
31776,1587027009.25965,-451261,42503,37
31777,1587027009.266329,-391292,38690,37
31778,1587027009.2702222,-391292,0,37
31779,1587027009.276622,-269317,21896,37
31780,1587027009.279988,-269318,0,37
31781,1587027009.284827,-146442,23981,37
31782,1587027009.291296,-146443,835865,37
31783,1587027518.7918801,0,2740,11
31784,1587027754.5245042,-648092,25305,37
31785,1587027754.8055902,-648373,3468,48
31786,1587027754.8063383,-648368,12407,37
31787,1587027754.8069882,-648369,0,48
31788,1587027754.807249,-236830,31909,37
31789,1587027754.8076663,-236831,4792,48
31790,1587027754.808064,-236819,1099,37
31791,1587027754.8083143,710692,0,48
31792,1587027754.8085122,-176761,32437,37
31793,1587027754.8101861,-176758,0,37
31794,1587027754.8108232,-31372,31818,37
31795,1587027754.811602,-31367,0,37
31796,1587028195.3468952,-441545,32464,37
31797,1587028195.3549042,-431241,87231,37
31798,1587028195.3621671,-431245,1132313,37
31799,1587028195.3694792,-419055,92580,37
31800,1587028195.3736851,-171939,27973,37
31801,1587028195.381997,-171942,0,37
31802,1587028195.3870761,-46606,18997,37
31803,1587028195.3912642,-46603,0,37
31804,1587028631.3693612,-165873,21659,37
31805,1587028631.3748162,-165873,0,37
31806,1587028631.3792353,-133125,16200,37
31807,1587028631.3834133,-133129,31149,48
31808,1587028631.3856142,-133120,0,37
31809,1587028631.3867152,1690373,0,48
31810,1587028631.388955,-73162,16011,37
31811,1587028631.4016123,-73170,6778,37
31812,1587028631.4052172,12131,24044,37
31813,1587028631.405725,12136,6655,37
31814,1587028631.4089332,19344,63712,37
31815,1587029101.6438413,-450887,1829050,37
31816,1587029101.665687,-428484,70850,37
31817,1587029101.6735082,-428488,0,37
31818,1587029101.6789992,-344769,24558,37
31819,1587029101.6844993,-344772,0,37
31820,1587029101.6901882,-178378,32673,37
31821,1587029101.694067,-178378,1175636,37
31822,1587029101.6986442,-131209,42814,37
31823,1587029101.702908,-131208,0,37
31824,1587029438.8631382,0,6938,11
31825,1587029806.435226,-685601,27699,37
31826,1587029806.440833,-551933,17621,37
31827,1587029806.44475,-551931,0,37
31828,1587029806.462402,-348262,15945,37
31829,1587029806.466087,-348261,1187467,37
31830,1587029806.4717112,-288105,34618,37
31831,1587029806.4747462,-288098,1839,37
31832,1587029806.4791002,7662,16850,37
31833,1587029806.4831111,7661,0,37
31834,1587030399.0260541,-579842,92202,37
31835,1587030399.0326161,-573208,69122,37
31836,1587030399.043584,-455611,19165,37
31837,1587030399.048996,-455613,1183400,37
31838,1587030399.055303,-324589,28267,37
31839,1587030399.0616703,-324590,0,37
31840,1587030399.0659552,-77309,25289,37
31841,1587030399.0705242,-77310,8512,37
31842,1587030399.0766401,19122,24380,37
31843,1587030399.0773702,19121,11283,48
31844,1587030815.057064,-396844,976,37
31845,1587030815.0579553,-396844,0,48
31846,1587030815.0607302,-336839,23127,37
31847,1587030815.0631611,-336842,21534,48
31848,1587030815.066689,-336839,6203,37
31849,1587030815.0683272,1283901,0,48
31850,1587030815.0725381,-88582,24147,37
31851,1587030815.0759192,-88580,6536,37
31852,1587030815.0796402,-38633,27674,37
31853,1587030815.0846312,-13575,23836,37
31854,1587030815.0993552,-13584,0,37
31855,1587031324.1885543,1954703,3077,11
31856,1587031359.0393672,-395441,28797,37
31857,1587031359.1419702,-395539,1212375,37
31858,1587031359.143157,-332327,41944,37
31859,1587031359.143919,-332322,6310,37
31860,1587031359.1444812,-241094,26474,37
31861,1587031359.1458101,-241090,0,37
31862,1587031359.1465771,79145,21400,37
31863,1587031892.805593,-454507,0,37
31864,1587031892.810236,-378350,36848,37
31865,1587031892.815967,-378350,0,37
31866,1587031892.820245,-344215,12698,37
31867,1587031892.825175,-344216,1395375,37
31868,1587031892.8295732,-249328,36907,37
31869,1587031892.849422,-249343,0,37
31870,1587032319.007238,-406891,31167,37
31871,1587032319.016751,-336538,46211,37
31872,1587032319.026067,-336545,1087235,37
31873,1587032319.0340362,-220066,42126,37
31874,1587032319.039345,-220069,0,37
31875,1587032319.04254,-90031,37745,37
31876,1587032319.044944,-90033,9729,48
31877,1587032319.0487862,-90034,8318,37
31878,1587032319.050157,2179232,0,48
31879,1587032319.054484,-13655,29707,37
31880,1587032319.059091,-13657,989864,37
31881,1587032970.5399714,-632400,60887,37
31882,1587032970.5459201,-572046,31187,37
31883,1587032970.556653,-572054,951600,37
31884,1587032970.561675,-427126,23453,37
31885,1587032970.565288,-427125,4816,37
31886,1587032970.5739403,-397162,18732,37
31887,1587032970.576971,-397158,5382,37
31888,1587032970.5827193,-127107,18710,37
31889,1587032970.587613,-127098,471045,37
31890,1587033339.175383,-349332,18415,37
31891,1587033339.191553,-335223,83048,37
31892,1587033339.1999903,-335227,1656500,37
31893,1587033339.20652,-235104,29306,37
31894,1587033339.2099311,-235102,0,37
31895,1587033339.213046,-195782,26839,37
31896,1587033339.2186592,-195783,7444,37
31897,1587033339.2258263,-41059,23483,37
31898,1587033339.2301311,-41060,967867,37
31899,1587033551.5416582,-193241,23158,37
31900,1587033551.548648,-140803,4525,37
31901,1587033551.5570393,-140805,0,37
31902,1587033551.561916,-105225,6922,37
31903,1587033551.5652802,-105224,0,37
31904,1587033551.5721192,-93911,23424,37
31905,1587033551.5765033,-93910,0,37
31906,1587033551.5805793,-83362,28743,37
31907,1587033551.584815,-83361,0,37
31908,1587033917.056498,-346404,18374,37
31909,1587033917.0766542,-309346,23449,37
31910,1587033917.083846,-309348,6536,37
31911,1587033917.101406,-173655,29023,37
31912,1587033917.1064842,-173647,0,37
31913,1587033917.110917,-132648,21458,37
31914,1587033917.1145132,-132646,0,37
31915,1587033917.1206062,-17023,24631,37
31916,1587033917.1236644,-17022,1281000,37
31917,1587034919.4544592,-983285,38828,37
31918,1587034919.4738562,-905084,22074,37
31919,1587034919.6058083,-905207,0,37
31920,1587034919.687714,-854013,45543,37
31921,1587034919.6962402,-854017,0,37
31922,1587034919.703577,-823020,26087,37
31923,1587034919.7106652,-823022,0,37
31924,1587034919.7240622,-421441,14682,37
31925,1587035081.334362,-259,6783,11
31926,1587035081.338863,-264,13267,53
31927,1587036883.591344,-28,3391,11
31928,1587036883.5959451,-32,6630,53
31929,1587037443.683967,-2524279,24179,37
31930,1587037443.6896753,-2524285,6137,48
31931,1587037443.6996973,-2103175,37320,37
31932,1587037443.7006702,-162,0,48
31933,1587037443.7145212,-1260944,29774,37
31934,1587037443.7387624,-840251,23257,37
31935,1587037443.7719862,-420244,27099,37
31936,1587037456.7038832,-2,13762,50
31937,1587037457.0072792,-28,17610,11
31938,1587037457.009819,-31,31539,53
31939,1587037764.787579,307417,48402,50
31940,1587037764.9094272,-1,82270,11
31941,1587037764.910287,307562,149605,53
31942,1587038072.505623,-33,184243,11
31943,1587038379.844861,-4,37296,50
31944,1587038379.933805,0,74722,11
31945,1587038379.934775,-1,198110,53
31946,1587038687.227139,-4,52070,50
31947,1587038687.370851,-37,146284,11
31948,1587038687.3797112,-46,180857,53
31949,1587038995.110706,-12,38790,50
31950,1587038995.4661002,-2,230905,11
31951,1587038995.4741402,-10,75614,53
31952,1587039303.911293,-11,27486,50
31953,1587039304.486828,-182,200364,11
31954,1587039304.487999,-183,10756,53
31955,1587039547.309081,-2103770,32187,37
31956,1587039547.3405752,-841126,28437,37
31957,1587039547.346491,-1682654,6136,48
31958,1587039547.36434,-1261559,12274,48
31959,1587039547.3830853,-841169,65030,48
31960,1587039547.408929,-420767,34047,37
31961,1587039547.5061781,-420864,32676,48
31962,1587039611.3154252,-15,35440,50
31963,1587039611.573244,1802670,228193,11
31964,1587039611.5746362,-11,25857,53
31965,1587040898.160429,-1351155,169918,37
31966,1587040898.1763911,3698542,1618,48
31967,1587040898.2152743,-930477,77320,37
31968,1587040898.2970731,-510139,81522,37
31969,1587040898.2986271,752635,61460,37
31970,1587041414.0155191,1802098,11814,50
31971,1587041414.267159,-23,6387,53
31972,1587042492.2369843,-420795,75911,37
31973,1587043216.3647132,-93,43121,11
31974,1587043216.3662634,-95,14601,53
31975,1587043921.7559981,-1008737,72616,37
31976,1587043921.823402,-587807,60113,37
31977,1587043921.937329,-166679,65724,37
31978,1587044117.2317443,-8,26150,50
31979,1587044117.7061832,-31,92953,11
31980,1587044117.7071562,306993,35851,53
31981,1587044424.587481,1116141,40278,50
31982,1587044424.7020042,-1,96237,11
31983,1587045437.4156961,-1261033,62048,37
31984,1587045437.455537,-840736,76054,37
31985,1587045437.554958,-420587,57656,37
31986,1587045437.5561242,-420588,6149,48
31987,1587045540.994873,-108,163089,11
31988,1587045540.996973,-110,28436,53
31989,1587045848.6007822,3079392,17908,50
31990,1587045848.6632643,-1,51634,11
31991,1587045848.6641161,615750,13295,53
31992,1587046156.5258832,-4,32501,11
31993,1587046464.4165182,-1,67634,11
31994,1587046768.6698182,-1331665,72905,37
31995,1587046768.6848872,-1331680,0,48
31996,1587046768.713995,-71162,58769,37
31997,1587046768.7165942,-911566,4532,48
31998,1587046768.8444881,769837,0,48
31999,1587046772.1804652,-1,51703,11
32000,1587046772.1813073,4023292,17070,53
32001,1587047080.10461,-1,60698,11
32002,1587047388.0461602,-1,66271,11
32003,1587047695.9048042,307867,53103,11
32004,1587048311.6034172,-1,61066,11
32005,1587048379.9138412,-1261688,68165,37
32006,1587048379.9545102,-841272,62350,37
32007,1587048380.04958,-420948,74654,37
32008,1587048380.050717,-420950,6147,48
32009,1587048620.1935663,-1,66157,11
32010,1587048928.075689,-1,53530,11
32011,1587049235.9009123,307823,22522,50
32012,1587049235.9888942,-1,57148,11
32013,1587049543.9526143,-2,69866,11
32014,1587049759.6085653,-1380063,65543,37
32015,1587049759.6193743,-959706,0,48
32016,1587049759.6494293,-119065,58524,37
32017,1587049759.7702594,-539369,3235,48
32018,1587049759.7714882,2999712,0,48
32019,1587049851.5166802,943894,18150,50
32020,1587049851.691929,-5,51837,11
32021,1587050159.3957422,-1,64290,11
32022,1587050487.761022,307712,55149,11
32023,1587051088.6336102,-1027554,55052,37
32024,1587051088.797554,-625558,68157,37
32025,1587051088.7988162,-625504,417744,37
32026,1587051088.799714,-205212,73063,37
32027,1587051307.5702453,-3,27196,50
32028,1587051307.948534,-42,87398,11
32029,1587051307.9523172,-45,41513,53
32030,1587051614.8579383,-1,60022,50
32031,1587051615.0547981,-106,251710,11
32032,1587051615.0561912,328042,55322,53
32033,1587051942.624756,-10,47558,50
32034,1587051943.1307282,-32,64256,11
32035,1587052249.9943633,-6,33138,50
32036,1587052454.585824,-3665,0,37
32037,1587052454.598022,-3677,0,53
32038,1587052454.6051111,-3684,0,50
32039,1587052454.607296,-3687,0,11
32040,1587052461.389069,-3,49702,50
32041,1587052791.15312,-339931,86329,37
32042,1587052791.1826081,-31699,53985,37
32043,1587053081.2772393,-50,31468,50
32044,1587053091.1578922,-31671,23986,37
32045,1587053091.2191331,268184,4987,48
32046,1587053391.1172602,268288,31765,37
32047,1587053552.8978772,3703252,18732,50
32048,1587053552.974791,-2,10963,11
32049,1587053553.0956883,-123,12240,53
32050,1587053691.240511,1768177,0,48
32051,1587053860.4907732,3395910,2726,11
32052,1587053860.4915452,1281816,5794,53
32053,1587053991.1756153,268284,27341,37
32054,1587054591.2179222,-31787,15299,37
32055,1587054891.1914363,-31709,31793,37
32056,1587055190.9516451,-31457,26477,37
32057,1587055450.285309,1806115,9298,53
32058,1587055491.253131,-31835,23101,37
32059,1587055791.2875671,-31869,13463,37
32060,1587055791.312324,-31893,8614,48
32061,1587056091.2344513,-31808,22491,37
32062,1587056091.25107,568210,0,48
32063,1587056391.056972,-31535,12303,37
32064,1587056691.2841501,-167218,5651,37
32065,1587056691.2949762,-166934,342930,37
32066,1587056691.301114,-31839,8655,37
32067,1587056991.2253833,-31741,28651,37
32068,1587056991.227507,-31743,83870,48
32069,1587057291.298571,-31769,16300,37
32070,1587057291.3035583,868197,0,48
32071,1587057591.2548323,268179,25635,37
32072,1587058191.3135462,-31812,19194,37
