Z_PK,Z_ENT,Z_OPT,ZCHANGETYPE,ZENTITY,ZENTITYPK,ZTRANSACTIONID,ZCOLUMNS
1,16001,,0,11,1,1,
2,16001,,0,12,4,1,
3,16001,,0,1,4,1,
4,16001,,0,12,2,1,
5,16001,,0,1,2,1,
6,16001,,0,1,3,1,
7,16001,,0,6,3,1,
8,16001,,0,1,1,1,
9,16001,,0,1,6,2,
10,16001,,0,11,6,2,
11,16001,,0,12,5,2,
12,16001,,0,12,7,2,
13,16001,,0,1,5,2,
14,16001,,0,1,7,2,
15,16001,,0,16,1,3,
16,16001,,1,11,1,3,b'\x00\x00\x00\x00\x04\x00'
17,16001,,0,16,2,4,
18,16001,,1,11,1,4,b'\x00\x00\x00\x00\x04\x00'
19,16001,,1,1,1,5,b'\x10'
20,16001,,1,11,1,5,b'\x00\x00\x90\x00\x10\x00'
21,16001,,1,16,1,6,b'@'
22,16001,,1,16,2,7,b'@'
23,16001,,1,1,4,8,b'\x18'
24,16001,,1,12,2,8,b'\x00\x00\x08\x00\x00'
25,16001,,1,12,4,9,b'\x00\x00\x08\x00\x00'
26,16001,,1,1,2,9,b'\x18'
27,16001,,1,12,2,10,b'\x00\x00!\x00\x00'
28,16001,,1,12,4,11,b'\x00\x00!\x00\x00'
29,16001,,1,1,3,12,b'\x18'
30,16001,,1,6,3,12,b'\x00\x00 \x00'
31,16001,,1,1,4,13,b'$'
32,16001,,1,1,2,13,b'$'
33,16001,,1,1,3,13,b'$'
34,16001,,2,12,7,13,
35,16001,,2,11,6,13,
36,16001,,2,1,7,13,
37,16001,,2,1,6,13,
38,16001,,2,12,5,13,
39,16001,,2,1,5,13,
40,16001,,1,1,4,14,b'\x08'
41,16001,,1,12,2,14,b'\x00\x00\x08\x00\x00'
42,16001,,1,12,4,15,b'\x00\x00\x08\x00\x00'
43,16001,,1,1,2,15,b'\x08'
44,16001,,1,6,3,16,b'\x00\x00 \x00'
45,16001,,1,1,3,16,b'\x08'
46,16001,,0,15,1,17,
47,16001,,0,9,8,17,
48,16001,,0,1,8,17,
49,16001,,1,12,2,17,b'\x00\x00\x00\x00\x02'
50,16001,,1,11,1,17,b'\x00\x00\x00\x00\x00\x80'
51,16001,,1,1,8,18,b'$'
52,16001,,1,15,1,18,b'\x10'
53,16001,,1,9,8,18,b'\x00\x00\x00\x00\x01\x00\x00'
54,16001,,1,1,8,19,b'\x18'
55,16001,,1,9,8,19,b'\x00\x00\x04\x00\x00\x00\x00'
56,16001,,1,15,1,20,b'\x10'
57,16001,,1,9,8,20,b'\x00\x00\x00\x00\x01\x00\x80'
58,16001,,1,1,8,20,b'$'
59,16001,,1,1,8,21,b'$'
60,16001,,1,15,1,21,b'\x10'
61,16001,,1,9,8,21,b'\x00\x00\x00\x00\x01\x00\x00'
62,16001,,1,1,8,22,b'\x08'
63,16001,,1,9,8,22,b'\x00\x00\x04\x00\x00\x00\x00'
64,16001,,1,9,8,23,b'\x00\x00\x00\x00\x01\x02\x00'
65,16001,,1,1,8,23,b'$'
66,16001,,1,15,1,23,b'\x10'
67,16001,,1,9,8,24,b'\x00\x00\x04\x00\x00\x00\x00'
68,16001,,1,1,8,24,b'\x08'
69,16001,,1,1,8,25,b'$'
70,16001,,1,15,1,25,b'\x10'
71,16001,,1,9,8,25,b'\x00\x00\x00\x00\x01\x02\x00'
72,16001,,1,1,8,26,b'\x08'
73,16001,,1,9,8,26,b'\x00\x00\x04\x00\x00\x00\x00'
74,16001,,0,1,9,27,
75,16001,,0,4,9,27,
76,16001,,1,9,8,27,b'\x00\x00\x00\x00\x00\x00@'
77,16001,,1,15,1,28,b'\x10'
78,16001,,1,15,1,29,b'\x10'
79,16001,,1,9,8,29,b'\x00\x00\x00\x00\x01\x00\x00'
80,16001,,1,1,8,29,b'$'
81,16001,,1,1,9,29,b'$'
82,16001,,1,9,8,30,b'\x00\x00\x04\x00\x00\x00\x00'
83,16001,,1,1,8,30,b'\x08'
84,16001,,1,4,9,31,b'\x00\x00\x02\x00\x00\x00\x00\x00\x00'
85,16001,,1,1,9,31,b'\x18'
86,16001,,1,1,9,32,b'$'
87,16001,,1,4,9,32,b'\x00\x00\x00\x00\x00\x00\n\x00@'
88,16001,,1,1,8,32,b'$'
89,16001,,1,9,8,32,b'\x00\x00\x00\x00\x01\x00\x00'
90,16001,,1,9,8,33,b'\x00\x00\x04\x00\x00\x00\x00'
91,16001,,1,1,8,33,b'\x08'
92,16001,,1,4,9,34,b'\x00\x00\x02\x00\x00\x00\x00\x00\x00'
93,16001,,1,1,9,34,b'\x08'
94,16001,,1,1,9,35,b'$'
95,16001,,1,9,8,35,b'\x00\x00\x00\x00\x01\x00\x00'
96,16001,,1,4,9,35,b'\x00\x00\x00\x00\x00\x00\n\x00\x00'
97,16001,,1,1,8,35,b'$'
98,16001,,1,9,8,36,b'\x00\x00\x04\x00\x00\x00\x00'
99,16001,,1,1,8,36,b'\x08'
100,16001,,1,1,9,37,b'\x08'
101,16001,,1,4,9,37,b'\x00\x00\x02\x00\x00\x00\x00\x00\x00'
102,16001,,1,4,9,38,b'\x00\x00\x00\x00\x00\x00\n\x00\x00'
103,16001,,1,1,8,38,b'$'
104,16001,,1,1,9,38,b'$'
105,16001,,1,9,8,38,b'\x00\x00\x00\x00\x01\x00\x00'
106,16001,,1,1,8,39,b'\x08'
107,16001,,1,9,8,39,b'\x00\x00\x04\x00\x00\x00\x00'
108,16001,,1,4,9,40,b'\x00\x00\x02\x00\x00\x00\x00\x00\x00'
109,16001,,1,1,9,40,b'\x08'
110,16001,,1,1,8,41,b'$'
111,16001,,1,9,8,41,b'\x00\x00\x00\x00\x01\x00\x00'
112,16001,,1,1,9,41,b'$'
113,16001,,1,15,1,41,b'\x10'
114,16001,,1,4,9,41,b'\x00\x00\x80\x00\x00\x00\x00\x00@'
115,16001,,1,9,8,42,b'\x00\x00\x00\x00\x01\x00\x00'
116,16001,,1,1,8,42,b'$'
117,16001,,1,15,1,42,b'\x10'
118,16001,,1,9,8,43,b'\x00\x00\x04\x00\x00\x00\x00'
119,16001,,1,1,8,43,b'\x08'
120,16001,,1,4,9,44,b'\x00\x00\x02\x00\x00\x00\x00\x00\x00'
121,16001,,1,1,9,44,b'\x08'
122,16001,,1,15,1,45,b'\x10'
123,16001,,1,9,8,45,b'\x00\x00\x00\x00\x01\x00\x00'
124,16001,,1,1,8,45,b'$'
125,16001,,1,9,8,46,b'\x00\x00\x04\x00\x00\x00\x00'
126,16001,,1,1,8,46,b'\x08'
127,16001,,1,9,8,47,b'\x00\x00\x00\x00\x01\x02\x00'
128,16001,,1,1,8,47,b'$'
129,16001,,1,15,1,47,b'\x10'
130,16001,,1,9,8,48,b'\x00\x00\x04\x00\x00\x00\x00'
131,16001,,1,1,8,48,b'\x08'
132,16001,,1,15,1,49,b'\x10'
133,16001,,1,1,8,49,b'$'
134,16001,,1,9,8,49,b'\x00\x00\x00\x00\x01\x02\x00'
135,16001,,1,9,8,50,b'\x00\x00\x04\x00\x00\x00\x00'
136,16001,,1,1,8,50,b'\x08'
137,16001,,1,1,8,51,b'$'
138,16001,,1,15,1,51,b'\x10'
139,16001,,1,9,8,51,b'\x00\x00\x00\x00\x01\x02\x00'
140,16001,,1,1,8,52,b'\x08'
141,16001,,1,9,8,52,b'\x00\x00\x04\x00\x00\x00\x00'
142,16001,,1,16,2,53,b'@'
143,16001,,1,16,1,54,b'@'
144,16001,,1,12,2,55,b'\x00\x00\x08\x00\x00'
145,16001,,0,16,3,56,
146,16001,,1,11,1,56,b'\x00\x00\x00\x00\x04\x00'
147,16001,,0,16,4,57,
148,16001,,1,11,1,57,b'\x00\x00\x00\x00\x04\x00'
149,16001,,0,9,10,58,
150,16001,,0,1,10,58,
151,16001,,0,15,2,58,
152,16001,,1,12,2,58,b'\x00\x00\x00\x00\x02'
153,16001,,1,11,1,58,b'\x00\x00\x00\x00\x00\x80'
154,16001,,1,9,10,59,b'\x00\x00\x04\x00\x00\x00\x00'
155,16001,,1,1,10,59,b'\x18'
156,16001,,1,15,2,60,b'\x10'
157,16001,,1,1,10,60,b'$'
158,16001,,1,9,10,60,b'\x00\x00\x00\x00\x01\x00\x80'
159,16001,,1,15,2,61,b'\x10'
160,16001,,1,9,10,61,b'\x00\x00\x00\x00\x01\x00\x80'
161,16001,,1,1,10,61,b'$'
162,16001,,1,9,10,62,b'\x00\x00\x04\x00\x00\x00\x00'
163,16001,,1,1,10,62,b'\x08'
164,16001,,1,15,2,63,b'\x10'
165,16001,,1,9,10,63,b'\x00\x00\x00\x00\x01\x00\x80'
166,16001,,1,1,10,63,b'$'
167,16001,,1,1,10,64,b'\x08'
168,16001,,1,9,10,64,b'\x00\x00\x04\x00\x00\x00\x00'
169,16001,,1,9,10,65,b'\x00\x00\x00\x00\x01\x00\x80'
170,16001,,1,15,2,65,b'\x10'
171,16001,,1,1,10,65,b'$'
172,16001,,1,9,10,66,b'\x00\x00\x04\x00\x00\x00\x00'
173,16001,,1,1,10,66,b'\x08'
174,16001,,1,15,2,67,b'\x10'
175,16001,,1,9,10,67,b'\x00\x00\x00\x00\x01\x00\x80'
176,16001,,1,1,10,67,b'$'
177,16001,,1,1,10,68,b'$'
178,16001,,1,9,10,68,b'\x00\x00\x00\x00\x01\x00\x00'
179,16001,,1,15,2,68,b'\x10'
180,16001,,1,9,10,69,b'\x00\x00\x04\x00\x00\x00\x00'
181,16001,,1,1,10,69,b'\x08'
182,16001,,1,15,2,70,b'\x10'
183,16001,,1,9,10,70,b'\x00\x00\x00\x00\x01\x00\x00'
184,16001,,1,1,10,70,b'$'
185,16001,,1,1,10,71,b'\x08'
186,16001,,1,9,10,71,b'\x00\x00\x04\x00\x00\x00\x00'
187,16001,,1,1,10,72,b'$'
188,16001,,1,9,10,72,b'\x00\x00\x00\x00\x01\x02\x00'
189,16001,,1,15,2,72,b'\x10'
190,16001,,1,9,10,73,b'\x00\x00\x04\x00\x00\x00\x00'
191,16001,,1,1,10,73,b'\x08'
192,16001,,1,15,2,74,b'\x10'
193,16001,,1,1,10,74,b'$'
194,16001,,1,9,10,74,b'\x00\x00\x00\x00\x01\x02\x00'
195,16001,,1,9,10,75,b'\x00\x00\x04\x00\x00\x00\x00'
196,16001,,1,1,10,75,b'\x08'
197,16001,,1,1,10,76,b'$'
198,16001,,1,15,2,76,b'\x10'
199,16001,,1,9,10,76,b'\x00\x00\x00\x00\x01\x02\x00'
200,16001,,1,9,10,77,b'\x00\x00\x04\x00\x00\x00\x00'
201,16001,,1,1,10,77,b'\x08'
202,16001,,1,16,2,78,b'@'
203,16001,,1,16,1,79,b'@'
204,16001,,1,16,3,80,b'@'
205,16001,,1,1,1,81,b'$'
206,16001,,1,11,1,81,b'\x03\x00 \x04\x00\x00'
207,16001,,1,1,1,82,b'\x08'
208,16001,,1,11,1,82,b'\x00\x00\x10\x00\x00\x00'
209,16001,,0,15,3,83,
210,16001,,0,9,11,83,
211,16001,,0,1,11,83,
212,16001,,1,12,2,83,b'\x00\x00\x00\x00\x02'
213,16001,,1,11,1,83,b'\x00\x00\x00\x00\x00\x80'
214,16001,,1,15,2,84,b'\x10'
215,16001,,1,9,10,84,b'\x00\x01\x00\x00\x00\x00\x00'
216,16001,,1,1,10,85,b'$'
217,16001,,1,12,4,85,b'\x00\x00\x00\x00\x02'
218,16001,,1,9,10,85,b' \x00\x00\x08\x00\x00\x00'
219,16001,,1,12,2,85,b'\x00\x00\x00\x00\x02'
220,16001,,1,9,10,86,b'\x00\x00\x04\x00\x00\x00\x00'
221,16001,,1,1,10,86,b'\x08'
222,16001,,1,1,11,87,b'\x18'
223,16001,,1,9,11,87,b'\x00\x00\x04\x00\x00\x00\x00'
224,16001,,1,9,10,88,b'\x00\x00\x00\x08\x00\x00\x00'
225,16001,,1,9,11,88,b'\x00\x00\x00\x00\x00\x80\x00'
226,16001,,1,16,2,89,b'@'
227,16001,,1,16,1,90,b'@'
228,16001,,1,12,4,91,b'\x00\x00\x08\x00\x00'
229,16001,,1,16,3,92,b'@'
230,16001,,1,12,4,93,b'\x00\x00\x00\x00\x02'
231,16001,,1,11,1,93,b'\x00\x00\x00\x00\x00\x80'
232,16001,,2,1,10,93,
233,16001,,2,9,10,93,
234,16001,,2,15,2,93,
235,16001,,0,12,12,94,
236,16001,,0,1,12,94,
237,16001,,1,11,1,94,b'\x00\x00\x00\x00\x08@'
238,16001,,1,12,12,95,b'\x00\x00\x08\x00\x00'
239,16001,,1,1,12,95,b'\x18'
240,16001,,1,12,12,96,b'\x00\x00!\x00\x00'
241,16001,,0,9,13,97,
242,16001,,0,1,13,97,
243,16001,,0,15,4,97,
244,16001,,1,11,1,97,b'\x00\x00\x00\x00\x00\x80'
245,16001,,1,12,12,97,b'\x00\x00\x00\x00\x02'
246,16001,,1,1,13,98,b'\x18'
247,16001,,1,9,13,98,b'\x00\x00\x04\x00\x00\x00\x00'
248,16001,,1,15,4,99,b'\x10'
249,16001,,1,9,13,99,b'\x00\x00\x00\x00\x01\x00\x80'
250,16001,,1,1,13,99,b'$'
251,16001,,1,9,13,100,b'\x00\x00\x04\x00\x00\x00\x00'
252,16001,,1,1,13,100,b'\x08'
253,16001,,1,15,4,101,b'\x10'
254,16001,,1,9,13,101,b'\x00\x00\x00\x00\x01\x00\x80'
255,16001,,1,1,13,101,b'$'
256,16001,,1,1,13,102,b'\x08'
257,16001,,1,9,13,102,b'\x00\x00\x04\x00\x00\x00\x00'
258,16001,,1,9,13,103,b'\x00\x00\x00\x00\x01\x00\x80'
259,16001,,1,15,4,103,b'\x10'
260,16001,,1,1,13,103,b'$'
261,16001,,1,1,13,104,b'\x08'
262,16001,,1,9,13,104,b'\x00\x00\x04\x00\x00\x00\x00'
263,16001,,1,9,13,105,b'\x00\x00\x00\x00\x01\x00\x00'
264,16001,,1,15,4,105,b'\x10'
265,16001,,1,1,13,105,b'$'
266,16001,,1,9,13,106,b'\x00\x00\x00\x00\x01\x00\x00'
267,16001,,1,1,13,106,b'$'
268,16001,,1,15,4,106,b'\x10'
269,16001,,1,9,13,107,b'\x00\x00\x04\x00\x00\x00\x00'
270,16001,,1,1,13,107,b'\x08'
271,16001,,1,9,13,108,b'\x00\x00\x00\x00\x01\x02\x00'
272,16001,,1,15,4,108,b'\x10'
273,16001,,1,1,13,108,b'$'
274,16001,,1,1,13,109,b'\x08'
275,16001,,1,9,13,109,b'\x00\x00\x04\x00\x00\x00\x00'
276,16001,,1,9,13,110,b'\x00\x00\x00\x00\x01\x02\x00'
277,16001,,1,1,13,110,b'$'
278,16001,,1,15,4,110,b'\x10'
279,16001,,1,1,13,111,b'\x08'
280,16001,,1,9,13,111,b'\x00\x00\x04\x00\x00\x00\x00'
281,16001,,1,1,13,112,b'$'
282,16001,,1,9,13,112,b'\x00\x00\x00\x00\x01\x02\x00'
283,16001,,1,15,4,112,b'\x10'
284,16001,,1,1,13,113,b'$'
285,16001,,1,9,13,113,b'\x00\x00\x00\x00\x01\x02\x00'
286,16001,,1,15,4,113,b'\x10'
287,16001,,1,9,13,114,b'\x00\x00\x04\x00\x00\x00\x00'
288,16001,,1,1,13,114,b'\x08'
289,16001,,1,9,13,115,b'\x00\x00\x00\x00\x01\x02\x00'
290,16001,,1,1,13,115,b'$'
291,16001,,1,15,4,115,b'\x10'
292,16001,,1,9,13,116,b'\x00\x00\x04\x00\x00\x00\x00'
293,16001,,1,1,13,116,b'\x08'
294,16001,,1,15,4,117,b'\x10'
295,16001,,1,1,13,117,b'$'
296,16001,,1,9,13,117,b'\x00\x00\x00\x00\x01\x02\x00'
297,16001,,1,9,13,118,b'\x00\x00\x04\x00\x00\x00\x00'
298,16001,,1,1,13,118,b'\x08'
299,16001,,1,15,4,119,b'\x10'
300,16001,,1,1,13,119,b'$'
301,16001,,1,9,13,119,b'\x00\x00\x00\x00\x01\x02\x00'
302,16001,,1,1,13,120,b'\x08'
303,16001,,1,9,13,120,b'\x00\x00\x04\x00\x00\x00\x00'
304,16001,,1,1,13,121,b'$'
305,16001,,1,9,13,121,b'\x00\x00\x00\x00\x01\x02\x00'
306,16001,,1,15,4,121,b'\x10'
307,16001,,1,1,13,122,b'\x08'
308,16001,,1,9,13,122,b'\x00\x00\x04\x00\x00\x00\x00'
309,16001,,1,1,13,123,b'$'
310,16001,,1,15,4,123,b'\x10'
311,16001,,1,9,13,123,b'\x00\x00\x00\x00\x01\x02\x00'
312,16001,,1,9,13,124,b'\x00\x00\x00\x00\x01\x02\x00'
313,16001,,1,1,13,124,b'$'
314,16001,,1,15,4,124,b'\x10'
315,16001,,1,1,13,125,b'\x08'
316,16001,,1,9,13,125,b'\x00\x00\x04\x00\x00\x00\x00'
317,16001,,1,16,2,126,b'@'
318,16001,,1,16,1,127,b'@'
319,16001,,1,12,12,128,b'\x00\x00\x08\x00\x00'
320,16001,,1,16,3,129,b'@'
321,16001,,0,1,14,130,
322,16001,,0,9,14,130,
323,16001,,0,15,5,130,
324,16001,,1,11,1,130,b'\x00\x00\x00\x00\x00\x80'
325,16001,,1,12,12,130,b'\x00\x00\x00\x00\x02'
326,16001,,1,15,4,131,b'\x10'
327,16001,,1,9,13,131,b'\x00\x01\x00\x00\x00\x00\x00'
328,16001,,1,12,4,132,b'\x00\x00\x00\x00\x02'
329,16001,,1,9,13,132,b' \x00\x00\x08\x00\x00\x00'
330,16001,,1,12,12,132,b'\x00\x00\x00\x00\x02'
331,16001,,1,1,13,132,b'$'
332,16001,,1,9,13,133,b'\x00\x00\x04\x00\x00\x00\x00'
333,16001,,1,1,13,133,b'\x08'
334,16001,,1,1,14,134,b'\x18'
335,16001,,1,9,14,134,b'\x00\x00\x04\x00\x00\x00\x00'
336,16001,,1,9,13,135,b'\x00\x00\x00\x08\x00\x00\x00'
337,16001,,1,9,14,135,b'\x00\x00\x00\x00\x00\x80\x00'
338,16001,,1,16,2,136,b'@'
339,16001,,1,16,1,137,b'@'
340,16001,,1,16,3,138,b'@'
341,16001,,1,11,1,139,b'\x00\x00\x00\x00\x00\x80'
342,16001,,1,9,8,139,b'\x00\x00\x00\x00\x00\x00@'
343,16001,,1,12,4,139,b'\x00\x00\x00\x00\x02'
344,16001,,2,15,4,139,
345,16001,,2,1,13,139,
346,16001,,2,9,13,139,
347,16001,,2,1,9,139,
348,16001,,2,4,9,139,
349,16001,,1,16,1,140,b'@'
350,16001,,1,16,2,141,b'@'
351,16001,,1,16,2,142,b'@'
352,16001,,1,16,1,143,b'@'
353,16001,,1,16,1,144,b'@'
354,16001,,1,16,2,145,b'@'
