Z_PK,Z_ENT,Z_OPT,ZAUTHORTS,ZBUNDLEIDTS,ZCONTEXTNAMETS,ZPROCESSIDTS,ZTIMESTAMP,ZAUTHOR,ZBUNDLEID,ZCONTEXTNAME,ZPROCESSID,ZQUERYGEN
1,16002,,,1,,2,606520107.710506,,,,,
2,16002,,3.0,4,6.0,5,607048586.459362,,,,,
3,16002,,,4,,5,607048587.393057,,,,,
4,16002,,,4,,5,607048587.417198,,,,,
5,16002,,,4,,5,607048587.45585,,,,,
6,16002,,,4,,5,607048587.517204,,,,,
7,16002,,,4,,5,607048587.567099,,,,,
8,16002,,,4,,5,607048588.480637,,,,,
9,16002,,,4,,5,607048588.498841,,,,,
10,16002,,,4,,5,607048588.510238,,,,,
11,16002,,,4,,5,607048588.522526,,,,,
12,16002,,,4,,5,607048588.530153,,,,,
13,16002,,3.0,4,6.0,5,607048597.90137,,,,,
14,16002,,,4,,5,607048599.36785,,,,,
15,16002,,,4,,5,607048599.386488,,,,,
16,16002,,,4,,5,607048599.390308,,,,,
17,16002,,3.0,4,6.0,5,607048612.641726,,,,,
18,16002,,3.0,4,6.0,5,607048613.349789,,,,,
19,16002,,,4,,5,607048614.883691,,,,,
20,16002,,3.0,4,6.0,5,607048617.598772,,,,,
21,16002,,3.0,4,6.0,5,607048618.558969,,,,,
22,16002,,,4,,5,607048619.838195,,,,,
23,16002,,3.0,4,6.0,5,607048622.41023,,,,,
24,16002,,,4,,5,607048623.631044,,,,,
25,16002,,3.0,4,6.0,5,607048624.196339,,,,,
26,16002,,,4,,5,607048625.483073,,,,,
27,16002,,3.0,4,6.0,5,607048631.180331,,,,,
28,16002,,3.0,4,6.0,5,607048631.196322,,,,,
29,16002,,3.0,4,6.0,5,607048631.736472,,,,,
30,16002,,,4,,5,607048633.051056,,,,,
31,16002,,,4,,5,607048633.057667,,,,,
32,16002,,,4,,5,607048639.892966,,,,,
33,16002,,,4,,5,607048641.288368,,,,,
34,16002,,,4,,5,607048641.294595,,,,,
35,16002,,,4,,5,607048641.915745,,,,,
36,16002,,,4,,5,607048643.2755,,,,,
37,16002,,,4,,5,607048643.28543,,,,,
38,16002,,,4,,5,607048644.335762,,,,,
39,16002,,,4,,5,607048645.667821,,,,,
40,16002,,,4,,5,607048645.67261,,,,,
41,16002,,3.0,4,6.0,5,607048652.081666,,,,,
42,16002,,3.0,4,6.0,5,607048652.940233,,,,,
43,16002,,,4,,5,607048654.280418,,,,,
44,16002,,,4,,5,607048654.286349,,,,,
45,16002,,3.0,4,6.0,5,607048655.446433,,,,,
46,16002,,,4,,5,607048656.721101,,,,,
47,16002,,3.0,4,6.0,5,607048657.303577,,,,,
48,16002,,,4,,5,607048658.498164,,,,,
49,16002,,3.0,4,6.0,5,607048660.224432,,,,,
50,16002,,,4,,5,607048661.516293,,,,,
51,16002,,3.0,4,6.0,5,607048663.87423,,,,,
52,16002,,,4,,5,607048665.195166,,,,,
53,16002,,,4,,5,607048722.116482,,,,,
54,16002,,,4,,5,607048722.126688,,,,,
55,16002,,,4,,5,607048722.286424,,,,,
56,16002,,,4,,5,607048722.290993,,,,,
57,16002,,,4,,5,607048722.296823,,,,,
58,16002,,3.0,4,6.0,5,607048954.661175,,,,,
59,16002,,,4,,5,607048955.941186,,,,,
60,16002,,3.0,4,6.0,5,607048957.852063,,,,,
61,16002,,3.0,4,6.0,5,607048958.931025,,,,,
62,16002,,,4,,5,607048959.153529,,,,,
63,16002,,3.0,4,6.0,5,607048959.608451,,,,,
64,16002,,,4,,5,607048960.840905,,,,,
65,16002,,3.0,4,6.0,5,607048961.910172,,,,,
66,16002,,,4,,5,607048963.157176,,,,,
67,16002,,3.0,4,6.0,5,607048963.3832,,,,,
68,16002,,3.0,4,6.0,5,607048964.573798,,,,,
69,16002,,,4,,5,607048964.728212,,,,,
70,16002,,3.0,4,6.0,5,607048965.18476,,,,,
71,16002,,,4,,5,607048966.461138,,,,,
72,16002,,3.0,4,6.0,5,607048968.041798,,,,,
73,16002,,,4,,5,607048969.398314,,,,,
74,16002,,3.0,4,6.0,5,607048973.303083,,,,,
75,16002,,,4,,5,607048974.675223,,,,,
76,16002,,3.0,4,6.0,5,607048977.2834,,,,,
77,16002,,,4,,5,607048978.671328,,,,,
78,16002,,,4,,5,607049110.769241,,,,,
79,16002,,,4,,5,607049110.776142,,,,,
80,16002,,,4,,5,607049110.87147,,,,,
81,16002,,3.0,4,6.0,5,607049138.255303,,,,,
82,16002,,,4,,5,607049139.858823,,,,,
83,16002,,3.0,4,6.0,5,607049140.179235,,,,,
84,16002,,3.0,4,6.0,5,607049140.185223,,,,,
85,16002,,3.0,4,6.0,5,607049140.218303,,,,,
86,16002,,,4,,5,607049142.257146,,,,,
87,16002,,,4,,5,607049142.263674,,,,,
88,16002,,3.0,4,6.0,5,607049154.40529,,,,,
89,16002,,,4,,5,607049267.783595,,,,,
90,16002,,,4,,5,607049267.806722,,,,,
91,16002,,,4,,5,607049267.925608,,,,,
92,16002,,,4,,5,607049267.929057,,,,,
93,16002,,,4,,5,607049267.952124,,,,,
94,16002,,3.0,4,6.0,5,607049272.027166,,,,,
95,16002,,,4,,5,607049273.380703,,,,,
96,16002,,,4,,5,607049273.391547,,,,,
97,16002,,3.0,4,6.0,5,607049320.780991,,,,,
98,16002,,,4,,5,607049322.251511,,,,,
99,16002,,3.0,4,6.0,5,607049322.68512,,,,,
100,16002,,,4,,5,607049324.010679,,,,,
101,16002,,3.0,4,6.0,5,607049325.310179,,,,,
102,16002,,,4,,5,607049326.63094,,,,,
103,16002,,3.0,4,6.0,5,607049327.419531,,,,,
104,16002,,,4,,5,607049328.720424,,,,,
105,16002,,3.0,4,6.0,5,607049333.723239,,,,,
106,16002,,3.0,4,6.0,5,607049334.277252,,,,,
107,16002,,,4,,5,607049335.602418,,,,,
108,16002,,3.0,4,6.0,5,607049337.937482,,,,,
109,16002,,,4,,5,607049339.247122,,,,,
110,16002,,3.0,4,6.0,5,607049341.297968,,,,,
111,16002,,,4,,5,607049342.61995,,,,,
112,16002,,3.0,4,6.0,5,607049343.096398,,,,,
113,16002,,3.0,4,6.0,5,607049344.197516,,,,,
114,16002,,,4,,5,607049345.562738,,,,,
115,16002,,3.0,4,6.0,5,607049346.338256,,,,,
116,16002,,,4,,5,607049347.749151,,,,,
117,16002,,3.0,4,6.0,5,607049348.005144,,,,,
118,16002,,,4,,5,607049349.330785,,,,,
119,16002,,3.0,4,6.0,5,607049349.463452,,,,,
120,16002,,,4,,5,607049350.799149,,,,,
121,16002,,3.0,4,6.0,5,607049351.677305,,,,,
122,16002,,,4,,5,607049352.92229,,,,,
123,16002,,3.0,4,6.0,5,607049353.307846,,,,,
124,16002,,3.0,4,6.0,5,607049353.958733,,,,,
125,16002,,,4,,5,607049355.181521,,,,,
126,16002,,,4,,5,607049411.718682,,,,,
127,16002,,,4,,5,607049411.732235,,,,,
128,16002,,,4,,5,607049411.847239,,,,,
129,16002,,,4,,5,607049411.851276,,,,,
130,16002,,3.0,4,6.0,5,607049432.239934,,,,,
131,16002,,3.0,4,6.0,5,607049432.24632,,,,,
132,16002,,3.0,4,6.0,5,607049432.274386,,,,,
133,16002,,,4,,5,607049434.105955,,,,,
134,16002,,,4,,5,607049434.111852,,,,,
135,16002,,3.0,4,6.0,5,607049441.221329,,,,,
136,16002,,,4,,5,607740889.407843,,,,,
137,16002,,,4,,5,607740889.44139,,,,,
138,16002,,,4,,5,607740889.728364,,,,,
139,16002,,,4,,5,607740889.769489,,,,,
140,16002,,,4,,5,608499118.177407,,,,,
141,16002,,,4,,5,608499118.199837,,,,,
142,16002,,,4,,5,608499120.776072,,,,,
143,16002,,,4,,5,608499120.785845,,,,,
144,16002,,,4,,5,608731881.848976,,,,,
145,16002,,,4,,5,608731881.860655,,,,,
