nodeno,parentnode
2,1467
3,1317
4,1317
5,1317
6,1607
7,1607
8,1264
9,1264
10,1264
11,661
12,5732
13,264
14,6100
15,6100
16,1467
17,1467
18,1317
19,1317
20,1317
21,1317
22,4602
23,1264
24,630
25,6100
26,6100
27,138
28,1467
29,43
30,1314
31,1317
32,138
33,630
34,630
35,264
36,661
37,1314
38,286
39,1467
40,140
41,772
42,1081
43,3989
44,286
45,772
46,140
47,140
48,140
49,140
50,140
51,43
52,264
53,286
54,140
55,286
56,772
57,772
58,140
59,43
60,264
61,286
62,286
63,140
64,772
65,772
66,1467
67,3989
68,1569
69,1569
70,43
71,43
72,43
73,264
74,661
75,264
76,6100
77,286
78,140
79,286
80,772
81,772
82,772
83,140
84,1569
85,43
86,370
87,286
88,286
89,286
90,772
91,1082
92,772
93,140
94,1467
95,43
96,43
97,661
98,1246
99,264
100,286
101,91
102,772
103,772
104,772
105,380
106,205
107,226
108,43
109,43
110,630
111,630
112,1246
113,1246
114,286
115,286
116,561
117,91
118,772
119,772
120,380
121,91
122,43
123,661
124,630
125,264
126,561
127,168
128,772
129,772
130,91
131,226
132,91
133,91
134,380
135,91
136,264
137,264
138,2136
139,91
140,1082
141,772
142,772
143,772
144,91
145,205
146,226
147,91
148,91
149,264
150,91
151,286
152,140
153,772
154,772
155,380
156,91
157,205
158,226
159,514
160,264
161,561
162,772
163,772
164,772
165,772
166,772
167,140
168,2013
169,140
170,140
171,140
172,140
173,140
174,630
175,661
176,1246
177,561
178,561
179,226
180,140
181,168
182,168
183,168
184,168
185,168
186,140
187,264
188,264
189,381
190,168
191,168
192,168
193,168
194,168
195,168
196,168
197,168
198,168
199,140
200,140
201,264
202,561
203,226
204,381
205,2013
206,381
207,381
208,380
209,380
210,380
211,380
212,226
213,226
214,91
215,91
216,91
217,91
218,630
219,264
220,91
221,381
222,380
223,380
224,226
225,205
226,1082
227,91
228,91
229,630
230,630
231,264
232,226
233,381
234,381
235,205
236,205
237,380
238,91
239,91
240,630
241,661
242,1246
243,561
244,561
245,381
246,381
247,381
248,380
249,380
250,205
251,380
252,380
253,91
254,91
255,91
256,91
257,630
258,661
259,514
260,661
261,661
262,1246
263,264
264,1081
265,205
266,381
267,381
268,380
269,380
270,380
271,380
272,380
273,205
274,380
275,226
276,226
277,630
278,42
279,514
280,473
281,1246
282,1246
283,91
284,381
285,205
286,2013
287,381
288,381
289,381
290,205
291,205
292,205
293,205
294,226
295,226
296,91
297,514
298,473
299,473
300,473
301,795
302,381
303,381
304,381
305,1082
306,381
307,205
308,205
309,205
310,205
311,226
312,1246
313,1140
314,1467
315,1467
316,1467
317,1317
318,1317
319,1317
320,43
321,138
322,138
323,1264
324,1264
325,1264
326,1248
327,1140
328,1467
329,1467
330,1467
331,1317
332,1264
333,138
334,1264
335,1248
336,1248
337,6100
338,381
339,205
340,381
341,205
342,381
343,466
344,466
345,466
346,579
347,91
348,630
349,988
350,514
351,514
352,473
353,561
354,381
355,419
356,561
357,419
358,466
359,466
360,205
361,579
362,226
363,579
364,579
365,226
366,226
367,226
368,226
369,514
370,2136
371,661
372,661
373,473
374,473
375,473
376,561
377,205
378,466
379,419
380,2013
381,2013
382,205
383,205
384,205
385,205
386,226
387,630
388,630
389,798
390,514
391,1246
392,473
393,561
394,561
395,561
396,795
397,795
398,795
399,205
400,466
401,205
402,205
403,205
404,205
405,226
406,798
407,514
408,661
409,473
410,473
411,561
412,466
413,419
414,795
415,419
416,419
417,305
418,466
419,2013
420,579
421,579
422,579
423,305
424,652
425,630
426,514
427,661
428,1246
429,561
430,561
431,419
432,652
433,419
434,419
435,579
436,419
437,419
438,419
439,579
440,579
441,579
442,419
443,579
444,652
445,652
446,305
447,370
448,514
449,661
450,561
451,419
452,419
453,419
454,419
455,466
456,419
457,419
458,419
459,419
460,419
461,419
462,419
463,419
464,419
465,419
466,2013
467,305
468,305
469,305
470,661
471,798
472,1246
473,1081
474,473
475,473
476,795
477,795
478,795
479,795
480,652
481,795
482,652
483,466
484,466
485,466
486,466
487,466
488,466
489,579
490,579
491,305
492,305
493,988
494,370
495,798
496,514
497,42
498,42
499,610
500,610
501,1246
502,795
503,466
504,466
505,466
506,466
507,466
508,466
509,1082
510,652
511,305
512,514
513,514
514,2136
515,610
516,473
517,473
518,610
519,473
520,795
521,620
522,652
523,509
524,579
525,579
526,579
527,579
528,652
529,652
530,305
531,630
532,798
533,798
534,42
535,610
536,509
537,509
538,652
539,579
540,579
541,509
542,579
543,652
544,652
545,798
546,473
547,879
548,473
549,705
550,610
551,610
552,610
553,473
554,473
555,509
556,509
557,652
558,509
559,509
560,509
561,2013
562,579
563,509
564,579
565,305
566,305
567,879
568,705
569,610
570,473
571,473
572,610
573,610
574,509
575,652
576,509
577,509
578,509
579,2013
580,509
581,652
582,652
583,370
584,798
585,798
586,798
587,798
588,473
589,473
590,473
591,610
592,473
593,610
594,509
595,509
596,509
597,509
598,509
599,509
600,509
601,652
602,305
603,305
604,798
605,798
606,798
607,879
608,473
609,879
610,1081
611,705
612,705
613,705
614,705
615,509
616,509
617,652
618,509
619,509
620,1082
621,509
622,652
623,652
624,652
625,652
626,652
627,305
628,798
629,798
630,2136
631,42
632,42
633,879
634,879
635,705
636,610
637,610
638,705
639,509
640,509
641,509
642,509
643,509
644,509
645,509
646,509
647,509
648,652
649,652
650,652
651,652
652,1082
653,509
654,370
655,798
656,798
657,798
658,42
659,42
660,879
661,1081
662,705
663,705
664,705
665,795
666,795
667,1022
668,1022
669,1022
670,1022
671,652
672,652
673,652
674,652
675,305
676,370
677,798
678,42
679,879
680,879
681,879
682,705
683,705
684,705
685,705
686,705
687,1022
688,652
689,1022
690,1022
691,620
692,652
693,652
694,305
695,305
696,798
697,798
698,42
699,42
700,879
701,879
702,879
703,610
704,705
705,1081
706,652
707,1022
708,620
709,1022
710,1022
711,620
712,620
713,305
714,305
715,370
716,988
717,798
718,798
719,798
720,798
721,42
722,42
723,42
724,879
725,879
726,705
727,705
728,705
729,705
730,705
731,705
732,1022
733,620
734,1022
735,620
736,620
737,652
738,652
739,652
740,305
741,305
742,370
743,798
744,798
745,879
746,879
747,705
748,705
749,1140
750,1379
751,1379
752,1140
753,1314
754,1314
755,1467
756,1467
757,1317
758,4602
759,138
760,1264
761,1264
762,1264
763,1264
764,1264
765,264
766,1248
767,264
768,6100
769,1467
770,1379
771,1379
772,2013
773,1379
774,1379
775,1140
776,1140
777,1314
778,1569
779,1696
780,43
781,138
782,138
783,1264
784,1264
785,1248
786,264
787,264
788,264
789,1022
790,1022
791,620
792,1022
793,1022
794,620
795,2013
796,620
797,798
798,2136
799,798
800,798
801,42
802,879
803,879
804,705
805,705
806,705
807,1022
808,620
809,1022
810,1022
811,620
812,620
813,620
814,620
815,620
816,620
817,988
818,370
819,370
820,798
821,798
822,42
823,879
824,705
825,705
826,829
827,1022
828,620
829,1082
830,620
831,620
832,620
833,620
834,620
835,620
836,620
837,370
838,988
839,798
840,798
841,705
842,1022
843,829
844,869
845,869
846,829
847,829
848,829
849,829
850,829
851,988
852,988
853,798
854,879
855,879
856,879
857,705
858,705
859,1022
860,869
861,869
862,869
863,829
864,829
865,829
866,829
867,829
868,829
869,1082
870,829
871,988
872,988
873,938
874,938
875,1111
876,1096
877,42
878,879
879,1081
880,705
881,705
882,869
883,869
884,869
885,869
886,869
887,869
888,869
889,869
890,829
891,370
892,988
893,988
894,938
895,1111
896,1096
897,1096
898,42
899,42
900,42
901,1022
902,906
903,869
904,869
905,869
906,1082
907,869
908,869
909,869
910,869
911,869
912,869
913,869
914,988
915,988
916,938
917,1111
918,1096
919,1096
920,42
921,879
922,705
923,705
924,906
925,906
926,906
927,906
928,906
929,906
930,906
931,906
932,906
933,906
934,906
935,370
936,988
937,938
938,2136
939,1111
940,1096
941,1096
942,42
943,42
944,42
945,42
946,879
947,879
948,705
949,906
950,906
951,906
952,906
953,906
954,1082
955,906
956,906
957,906
958,906
959,370
960,370
961,988
962,988
963,988
964,1111
965,1096
966,42
967,42
968,42
969,42
970,42
971,879
972,906
973,906
974,906
975,1080
976,906
977,906
978,906
979,906
980,906
981,906
982,370
983,988
984,938
985,938
986,988
987,1111
988,2136
989,988
990,42
991,42
992,42
993,42
994,42
995,42
996,42
997,42
998,879
999,1080
1000,906
1001,1080
1002,1080
1003,954
1004,906
1005,906
1006,906
1007,906
1008,370
1009,938
1010,938
1011,938
1012,938
1013,1111
1014,1111
1015,988
1016,1096
1017,42
1018,906
1019,1186
1020,1080
1021,1080
1022,2013
1023,1080
1024,1186
1025,1186
1026,954
1027,370
1028,938
1029,988
1030,938
1031,1111
1032,1111
1033,988
1034,1213
1035,1080
1036,1080
1037,1080
1038,1080
1039,1080
1040,1186
1041,1186
1042,988
1043,938
1044,1111
1045,988
1046,1213
1047,1080
1048,1080
1049,1186
1050,1080
1051,1186
1052,954
1053,954
1054,938
1055,938
1056,938
1057,1111
1058,988
1059,1096
1060,1213
1061,1080
1062,1080
1063,1080
1064,1080
1065,1186
1066,1186
1067,1186
1068,954
1069,938
1070,938
1071,1111
1072,988
1073,1213
1074,1080
1075,1080
1076,1080
1077,1080
1078,1080
1079,1186
1080,1082
1081,1
1082,1
1083,1186
1084,954
1085,954
1086,938
1087,938
1088,938
1089,988
1090,1080
1091,1080
1092,1080
1093,1186
1094,954
1095,938
1096,2136
1097,938
1098,1111
1099,1111
1100,1213
1101,1213
1102,1213
1103,1080
1104,1080
1105,1080
1106,1186
1107,1186
1108,954
1109,938
1110,938
1111,2136
1112,938
1113,1213
1114,1213
1115,1080
1116,1080
1117,1186
1118,1186
1119,1186
1120,1186
1121,954
1122,954
1123,938
1124,938
1125,1213
1126,1213
1127,1080
1128,1186
1129,1080
1130,954
1131,954
1132,1213
1133,1213
1134,1394
1135,1394
1136,1394
1137,1379
1138,1140
1139,1140
1140,2013
1141,1379
1142,1140
1143,1467
1144,43
1145,43
1146,43
1147,43
1148,138
1149,1264
1150,1264
1151,1264
1152,1264
1153,1248
1154,264
1155,264
1156,1394
1157,1394
1158,1379
1159,1379
1160,1140
1161,1140
1162,1314
1163,1569
1164,43
1165,138
1166,1264
1167,1264
1168,661
1169,661
1170,1186
1171,954
1172,1213
1173,1096
1174,1213
1175,954
1176,1213
1177,1213
1178,1080
1179,954
1180,954
1181,1111
1182,1111
1183,1096
1184,1186
1185,1186
1186,1082
1187,954
1188,1111
1189,1096
1190,1213
1191,954
1192,954
1193,1111
1194,1213
1195,1096
1196,954
1197,954
1198,954
1199,1111
1200,1096
1201,1096
1202,1186
1203,1186
1204,1186
1205,954
1206,1111
1207,1096
1208,1096
1209,1111
1210,1096
1211,1096
1212,1096
1213,2136
1214,1096
1215,1096
1216,1096
1217,954
1218,1096
1219,1096
1220,954
1221,1096
1222,1096
1223,1096
1224,954
1225,1096
1226,1096
1227,1186
1228,1096
1229,1096
1230,1186
1231,954
1232,954
1233,1096
1234,1394
1235,1394
1236,1379
1237,1379
1238,1379
1239,1379
1240,1379
1241,1314
1242,43
1243,138
1244,1264
1245,1248
1246,1081
1247,264
1248,1081
1249,264
1250,1394
1251,1394
1252,1394
1253,1140
1254,1379
1255,1140
1256,1314
1257,1314
1258,1467
1259,43
1260,43
1261,43
1262,138
1263,138
1264,2136
1265,1264
1266,630
1267,264
1268,954
1269,954
1270,1186
1271,954
1272,1186
1273,954
1274,1186
1275,1186
1276,1186
1277,1186
1278,1186
1279,1346
1280,1394
1281,1394
1282,1140
1283,1140
1284,1314
1285,1467
1286,138
1287,661
1288,630
1289,661
1290,264
1291,1394
1292,1379
1293,1346
1294,1346
1295,1140
1296,1314
1297,1314
1298,1314
1299,1467
1300,43
1301,43
1302,43
1303,138
1304,1526
1305,630
1306,264
1307,264
1308,1346
1309,1346
1310,1346
1311,1346
1312,1379
1313,1314
1314,2013
1315,1467
1316,43
1317,3989
1318,138
1319,1526
1320,1526
1321,1413
1322,1413
1323,1413
1324,264
1325,264
1326,1346
1327,1346
1328,1346
1329,1346
1330,1346
1331,1379
1332,1379
1333,1379
1334,1379
1335,1467
1336,1467
1337,43
1338,43
1339,138
1340,138
1341,1413
1342,1413
1343,1413
1344,264
1345,1379
1346,2013
1347,1346
1348,1379
1349,1346
1350,1346
1351,1379
1352,772
1353,43
1354,43
1355,1526
1356,1413
1357,1413
1358,1413
1359,1346
1360,1346
1361,1346
1362,1346
1363,1379
1364,1467
1365,43
1366,1413
1367,1413
1368,630
1369,630
1370,630
1371,630
1372,630
1373,1413
1374,1346
1375,1346
1376,1346
1377,1346
1378,1346
1379,2013
1380,1379
1381,1467
1382,140
1383,43
1384,43
1385,630
1386,630
1387,630
1388,630
1389,630
1390,1246
1391,1346
1392,1346
1393,1346
1394,2013
1395,1346
1396,1346
1397,1346
1398,772
1399,140
1400,1569
1401,43
1402,661
1403,661
1404,1317
1405,1248
1406,1248
1407,1248
1408,5732
1409,1538
1410,1959
1411,4602
1412,1413
1413,2136
1414,1413
1415,1264
1416,1264
1417,1248
1418,6100
1419,6100
1420,5732
1421,4602
1422,1467
1423,1569
1424,1317
1425,1317
1426,1317
1427,1317
1428,4602
1429,1607
1430,1449
1431,1526
1432,1264
1433,1264
1434,1248
1435,1248
1436,1248
1437,6100
1438,6057
1439,4602
1440,1317
1441,1317
1442,1449
1443,4602
1444,1449
1445,1449
1446,1526
1447,1264
1448,1526
1449,2136
1450,1264
1451,1317
1452,1317
1453,1607
1454,1449
1455,1449
1456,1449
1457,1264
1458,1264
1459,1264
1460,1248
1461,5732
1462,1569
1463,1569
1464,1569
1465,1638
1466,5705
1467,3989
1468,5705
1469,1638
1470,1638
1471,1638
1472,1696
1473,1538
1474,3385
1475,3385
1476,1526
1477,1526
1478,1680
1479,1680
1480,1680
1481,6057
1482,1736
1483,3385
1484,1538
1485,1569
1486,1569
1487,1696
1488,5705
1489,1638
1490,1696
1491,3385
1492,3385
1493,3385
1494,1526
1495,1680
1496,1680
1497,4622
1498,1607
1499,6093
1500,1569
1501,1538
1502,5705
1503,5705
1504,1638
1505,1696
1506,3385
1507,3385
1508,3385
1509,1526
1510,1526
1511,1526
1512,1680
1513,1680
1514,1680
1515,6100
1516,4622
1517,1607
1518,6093
1519,4622
1520,5705
1521,1696
1522,1696
1523,3385
1524,3385
1525,3385
1526,2136
1527,3385
1528,1680
1529,1680
1530,1680
1531,4622
1532,6100
1533,1607
1534,3385
1535,1538
1536,5705
1537,4622
1538,1081
1539,1879
1540,3385
1541,3385
1542,3385
1543,3385
1544,3385
1545,1680
1546,1680
1547,6053
1548,6053
1549,4622
1550,6093
1551,1538
1552,1569
1553,5705
1554,1538
1555,1696
1556,1604
1557,1604
1558,1665
1559,1665
1560,1665
1561,1665
1562,6053
1563,4622
1564,1607
1565,1607
1566,1538
1567,1538
1568,1638
1569,3989
1570,1696
1571,1696
1572,1696
1573,1696
1574,1696
1575,1604
1576,1604
1577,1604
1578,1665
1579,1665
1580,1665
1581,1665
1582,4622
1583,6053
1584,6053
1585,6053
1586,6100
1587,1248
1588,1607
1589,1607
1590,6093
1591,1538
1592,1538
1593,1638
1594,1696
1595,1879
1596,1879
1597,1879
1598,1879
1599,1604
1600,1604
1601,1665
1602,1665
1603,1665
1604,2136
1605,1665
1606,6053
1607,2136
1608,6053
1609,1111
1610,4622
1611,1604
1612,1604
1613,1538
1614,1538
1615,1569
1616,1569
1617,1696
1618,1879
1619,1879
1620,1604
1621,1604
1622,1604
1623,1665
1624,1665
1625,1665
1626,1665
1627,1665
1628,6053
1629,6053
1630,1779
1631,2222
1632,1736
1633,1604
1634,1538
1635,1538
1636,1696
1637,1696
1638,3989
1639,1879
1640,1879
1641,1879
1642,1604
1643,1604
1644,1604
1645,1665
1646,1665
1647,1665
1648,6053
1649,6053
1650,1736
1651,1604
1652,1604
1653,1604
1654,1538
1655,1538
1656,1569
1657,1696
1658,1696
1659,67
1660,1604
1661,1604
1662,1665
1663,1665
1664,1665
1665,2136
1666,6053
1667,1779
1668,1736
1669,1845
1670,1538
1671,1879
1672,1604
1673,1604
1674,1729
1675,1729
1676,1729
1677,1729
1678,1729
1679,2151
1680,2136
1681,2151
1682,1779
1683,1736
1684,1604
1685,1538
1686,1569
1687,1696
1688,1696
1689,1879
1690,1879
1691,1879
1692,67
1693,1879
1694,1879
1695,1879
1696,3989
1697,1879
1698,1803
1699,1803
1700,1803
1701,1729
1702,1729
1703,1729
1704,1729
1705,1729
1706,2151
1707,2151
1708,1736
1709,1736
1710,1604
1711,1845
1712,1604
1713,1604
1714,1538
1715,1538
1716,1696
1717,1696
1718,1879
1719,67
1720,67
1721,67
1722,1803
1723,1803
1724,1803
1725,1729
1726,1729
1727,1729
1728,1729
1729,3386
1730,2151
1731,2098
1732,2098
1733,1997
1734,1736
1735,1736
1736,2136
1737,1845
1738,1845
1739,1845
1740,1845
1741,67
1742,1569
1743,1569
1744,1879
1745,1879
1746,1879
1747,1803
1748,1929
1749,1929
1750,1929
1751,2151
1752,2159
1753,1997
1754,1997
1755,1736
1756,1736
1757,1736
1758,1845
1759,1845
1760,1604
1761,2004
1762,67
1763,1569
1764,1638
1765,1638
1766,1879
1767,67
1768,1879
1769,1803
1770,1803
1771,1929
1772,1929
1773,1929
1774,1929
1775,2151
1776,1779
1777,2098
1778,2098
1779,1081
1780,1997
1781,1997
1782,1736
1783,1845
1784,1604
1785,2094
1786,67
1787,67
1788,1569
1789,1569
1790,5705
1791,1638
1792,5705
1793,2012
1794,1638
1795,67
1796,1879
1797,1879
1798,67
1799,67
1800,1803
1801,1803
1802,1929
1803,3386
1804,1929
1805,1929
1806,1929
1807,1929
1808,2151
1809,2151
1810,2098
1811,1997
1812,1997
1813,2135
1814,2135
1815,1845
1816,1604
1817,67
1818,3989
1819,67
1820,5705
1821,5705
1822,1638
1823,5705
1824,1696
1825,1879
1826,1879
1827,1879
1828,67
1829,67
1830,67
1831,67
1832,1803
1833,1803
1834,1929
1835,1929
1836,1929
1837,2222
1838,2098
1839,1997
1840,1997
1841,2241
1842,2241
1843,1845
1844,2094
1845,3386
1846,2088
1847,2088
1848,1569
1849,5705
1850,5705
1851,1638
1852,1879
1853,1818
1854,2088
1855,2088
1856,1803
1857,1803
1858,1929
1859,1929
1860,1929
1861,1929
1862,2159
1863,2098
1864,2098
1865,2241
1866,2094
1867,2094
1868,2094
1869,1818
1870,67
1871,1818
1872,1818
1873,5705
1874,5705
1875,1638
1876,1696
1877,2088
1878,2088
1879,3989
1880,1803
1881,1929
1882,1929
1883,1929
1884,1929
1885,2425
1886,2425
1887,2098
1888,1997
1889,2135
1890,2241
1891,2241
1892,1845
1893,2094
1894,1467
1895,1317
1896,1449
1897,1449
1898,6057
1899,1526
1900,1526
1901,1248
1902,6100
1903,1607
1904,1449
1905,1569
1906,1317
1907,1449
1908,1449
1909,1449
1910,1449
1911,1264
1912,1526
1913,1248
1914,1607
1915,4602
1916,1818
1917,1818
1918,1818
1919,1818
1920,67
1921,5705
1922,1696
1923,1696
1924,1879
1925,1879
1926,2088
1927,2088
1928,1803
1929,3386
1930,1803
1931,1803
1932,1929
1933,1929
1934,1929
1935,1929
1936,2098
1937,2222
1938,2159
1939,2098
1940,1997
1941,1997
1942,2135
1943,2135
1944,2241
1945,1845
1946,1845
1947,1845
1948,2094
1949,2094
1950,2088
1951,1818
1952,1818
1953,1818
1954,1818
1955,1818
1956,1538
1957,67
1958,1538
1959,1081
1960,1638
1961,1638
1962,2251
1963,2251
1964,2251
1965,1879
1966,2088
1967,1803
1968,1803
1969,1803
1970,1803
1971,1803
1972,1803
1973,2222
1974,2159
1975,2159
1976,1997
1977,2241
1978,2241
1979,2135
1980,1845
1981,1845
1982,1845
1983,2409
1984,67
1985,2309
1986,1638
1987,2251
1988,1879
1989,2088
1990,1803
1991,1803
1992,1803
1993,1803
1994,1803
1995,1803
1996,1997
1997,1081
1998,2098
1999,2241
2000,2241
2001,2241
2002,1845
2003,2236
2004,3386
2005,2236
2006,67
2007,2409
2008,2309
2009,5705
2010,1638
2011,1638
2012,3989
2013,1
2014,2251
2015,2094
2016,2094
2017,2094
2018,2094
2019,2094
2020,2094
2021,2222
2022,1779
2023,2159
2024,2098
2025,1997
2026,1997
2027,2135
2028,2241
2029,2236
2030,2236
2031,2236
2032,2409
2033,2409
2034,2309
2035,67
2036,1638
2037,2251
2038,2088
2039,2088
2040,2094
2041,2094
2042,2094
2043,2094
2044,2094
2045,2094
2046,2222
2047,2222
2048,2098
2049,2098
2050,1997
2051,1997
2052,2135
2053,2241
2054,2241
2055,2236
2056,2236
2057,2309
2058,2409
2059,2409
2060,1638
2061,2251
2062,2251
2063,2251
2064,2088
2065,2094
2066,2094
2067,2094
2068,2094
2069,2151
2070,2222
2071,2222
2072,2222
2073,2098
2074,1997
2075,1997
2076,1997
2077,1997
2078,2135
2079,2236
2080,2236
2081,2236
2082,2236
2083,2236
2084,2236
2085,2309
2086,2409
2087,2309
2088,3989
2089,2309
2090,2251
2091,2088
2092,2094
2093,2094
2094,3386
2095,2094
2096,2151
2097,2222
2098,1081
2099,2159
2100,2159
2101,1997
2102,2159
2103,1997
2104,1997
2105,2135
2106,2241
2107,2241
2108,2236
2109,2236
2110,2236
2111,2236
2112,2088
2113,2577
2114,2409
2115,2309
2116,2309
2117,3482
2118,2088
2119,2094
2120,2094
2121,2094
2122,2151
2123,2222
2124,1779
2125,2222
2126,2159
2127,2159
2128,1997
2129,2159
2130,1997
2131,1997
2132,1997
2133,1997
2134,2241
2135,3386
2136,1
2137,2241
2138,2236
2139,2236
2140,2236
2141,2309
2142,2309
2143,1638
2144,1638
2145,2251
2146,2094
2147,2094
2148,2094
2149,2151
2150,2151
2151,3386
2152,2222
2153,1779
2154,2425
2155,2222
2156,2159
2157,2159
2158,2159
2159,1081
2160,2159
2161,2159
2162,2159
2163,2159
2164,2159
2165,2159
2166,2159
2167,2135
2168,2236
2169,2236
2170,2236
2171,2094
2172,2409
2173,2088
2174,2309
2175,2309
2176,1638
2177,2088
2178,2088
2179,1803
2180,2236
2181,2004
2182,2665
2183,2553
2184,2151
2185,1779
2186,2512
2187,2425
2188,2222
2189,2222
2190,2222
2191,2222
2192,2222
2193,2222
2194,2222
2195,2222
2196,2222
2197,2222
2198,2135
2199,2135
2200,2135
2201,2241
2202,2241
2203,2236
2204,2236
2205,2088
2206,2409
2207,2309
2208,2409
2209,2309
2210,2309
2211,1638
2212,1638
2213,2251
2214,2309
2215,2004
2216,2004
2217,2665
2218,2553
2219,2151
2220,1779
2221,2222
2222,1081
2223,2425
2224,2222
2225,2222
2226,2222
2227,2222
2228,2222
2229,2222
2230,2222
2231,2222
2232,2222
2233,2159
2234,2135
2235,2135
2236,3386
2237,2135
2238,2241
2239,2241
2240,2241
2241,3386
2242,2241
2243,2241
2244,2409
2245,2577
2246,2822
2247,2309
2248,3482
2249,3482
2250,2251
2251,3989
2252,2409
2253,2822
2254,2004
2255,2004
2256,2553
2257,2632
2258,2425
2259,2425
2260,2159
2261,2159
2262,2328
2263,2159
2264,2159
2265,2159
2266,2159
2267,2328
2268,2328
2269,2608
2270,2135
2271,2135
2272,2135
2273,2365
2274,2365
2275,2365
2276,2236
2277,2822
2278,2409
2279,1538
2280,3482
2281,3482
2282,2822
2283,2004
2284,2004
2285,2553
2286,2151
2287,2512
2288,1779
2289,2512
2290,2425
2291,2425
2292,2159
2293,2159
2294,2328
2295,2159
2296,2159
2297,2328
2298,2159
2299,2608
2300,2365
2301,2365
2302,2365
2303,2365
2304,2236
2305,2409
2306,2409
2307,2689
2308,2309
2309,3989
2310,2309
2311,3482
2312,2251
2313,2004
2314,2553
2315,2151
2316,1779
2317,2425
2318,2425
2319,2425
2320,2328
2321,2328
2322,2328
2323,2328
2324,2328
2325,2328
2326,2328
2327,2328
2328,1081
2329,2135
2330,2608
2331,2815
2332,3241
2333,2365
2334,2365
2335,2365
2336,2365
2337,2365
2338,2365
2339,2088
2340,2409
2341,2309
2342,2309
2343,2309
2344,2251
2345,2251
2346,2822
2347,2438
2348,2004
2349,2004
2350,2665
2351,2553
2352,1779
2353,2425
2354,2425
2355,2425
2356,2328
2357,2328
2358,2328
2359,2328
2360,2328
2361,2328
2362,2328
2363,2608
2364,2438
2365,3386
2366,2438
2367,2438
2368,2365
2369,2365
2370,2365
2371,2438
2372,2365
2373,2689
2374,2689
2375,2309
2376,2309
2377,2309
2378,1538
2379,2251
2380,1538
2381,2004
2382,2004
2383,2004
2384,2553
2385,2151
2386,4622
2387,1779
2388,1779
2389,2512
2390,2425
2391,2328
2392,2328
2393,2328
2394,2328
2395,2328
2396,2328
2397,2328
2398,2438
2399,2438
2400,2438
2401,2438
2402,2438
2403,2365
2404,2438
2405,2822
2406,2309
2407,1538
2408,2309
2409,3989
2410,2309
2411,2583
2412,2583
2413,2583
2414,3482
2415,2251
2416,1538
2417,2004
2418,2553
2419,2553
2420,1779
2421,1779
2422,1779
2423,2512
2424,2512
2425,1081
2426,2425
2427,2425
2428,2425
2429,2425
2430,2425
2431,2425
2432,2425
2433,2425
2434,2438
2435,2438
2436,2438
2437,2438
2438,3386
2439,2438
2440,2438
2441,2822
2442,2309
2443,2309
2444,2309
2445,2583
2446,2583
2447,5705
2448,2004
2449,2665
2450,2553
2451,2632
2452,2512
2453,2425
2454,2425
2455,2425
2456,2425
2457,2425
2458,2425
2459,2328
2460,2608
2461,2608
2462,2608
2463,2815
2464,2797
2465,2583
2466,2309
2467,2822
2468,2309
2469,2309
2470,2004
2471,2665
2472,2553
2473,4622
2474,1779
2475,2632
2476,2632
2477,2512
2478,2512
2479,2512
2480,2512
2481,2328
2482,2425
2483,2425
2484,2425
2485,2425
2486,2425
2487,2328
2488,2438
2489,2438
2490,2608
2491,2815
2492,2438
2493,2689
2494,2309
2495,2309
2496,2583
2497,2830
2498,2830
2499,2583
2500,2251
2501,2004
2502,2553
2503,2553
2504,2151
2505,2632
2506,2632
2507,2632
2508,2512
2509,2512
2510,2512
2511,2512
2512,1081
2513,2425
2514,2328
2515,2425
2516,2425
2517,2438
2518,2438
2519,2438
2520,2815
2521,2815
2522,2438
2523,2438
2524,1317
2525,1449
2526,1449
2527,1449
2528,1526
2529,1607
2530,1607
2531,4602
2532,4602
2533,5705
2534,6069
2535,1449
2536,1449
2537,1449
2538,6057
2539,1526
2540,1526
2541,1264
2542,4602
2543,2822
2544,2577
2545,2309
2546,2830
2547,2930
2548,2583
2549,2830
2550,2822
2551,2004
2552,2004
2553,3386
2554,2665
2555,2665
2556,2151
2557,2632
2558,2632
2559,2632
2560,2512
2561,2512
2562,2676
2563,2512
2564,2512
2565,2512
2566,2512
2567,2512
2568,2512
2569,2512
2570,2512
2571,2512
2572,2438
2573,2438
2574,2815
2575,2815
2576,2689
2577,3989
2578,2577
2579,2577
2580,2577
2581,2583
2582,2583
2583,3571
2584,2830
2585,2583
2586,2830
2587,2822
2588,2004
2589,2004
2590,2665
2591,2665
2592,2632
2593,2632
2594,2632
2595,2632
2596,2512
2597,2512
2598,2676
2599,2512
2600,2512
2601,2512
2602,2512
2603,2608
2604,2438
2605,2608
2606,2608
2607,2815
2608,3386
2609,2822
2610,2577
2611,2577
2612,2577
2613,2577
2614,2583
2615,2930
2616,2930
2617,2583
2618,2830
2619,2830
2620,2822
2621,2004
2622,2665
2623,2665
2624,2151
2625,4622
2626,2632
2627,2632
2628,2632
2629,2632
2630,2632
2631,2676
2632,4418
2633,2676
2634,2676
2635,2676
2636,2843
2637,2843
2638,2843
2639,2843
2640,2843
2641,2328
2642,2608
2643,2608
2644,2815
2645,2815
2646,2438
2647,2583
2648,2577
2649,2689
2650,2689
2651,2577
2652,2577
2653,2930
2654,2583
2655,2583
2656,2583
2657,2830
2658,2830
2659,2822
2660,2004
2661,2665
2662,2665
2663,4622
2664,2665
2665,3386
2666,2632
2667,2632
2668,2676
2669,2676
2670,2676
2671,2676
2672,2843
2673,2843
2674,2843
2675,2843
2676,4418
2677,2940
2678,2843
2679,2843
2680,2328
2681,2608
2682,2815
2683,2689
2684,2309
2685,2577
2686,2577
2687,2577
2688,2577
2689,3989
2690,2930
2691,2930
2692,2830
2693,2830
2694,2583
2695,3237
2696,2004
2697,2004
2698,3145
2699,3145
2700,2905
2701,2151
2702,2151
2703,4622
2704,4622
2705,2632
2706,2632
2707,2632
2708,2843
2709,2843
2710,2843
2711,2843
2712,2843
2713,2608
2714,2815
2715,2608
2716,2815
2717,2815
2718,2689
2719,3237
2720,2689
2721,2689
2722,2689
2723,2689
2724,2583
2725,2930
2726,2583
2727,2830
2728,2830
2729,2583
2730,2830
2731,3237
2732,2689
2733,3041
2734,2797
2735,3546
2736,3145
2737,2905
2738,3041
2739,2151
2740,2632
2741,2632
2742,2676
2743,2632
2744,2632
2745,2843
2746,2843
2747,2843
2748,2843
2749,2438
2750,2608
2751,2608
2752,2815
2753,2815
2754,2689
2755,2930
2756,2583
2757,3482
2758,2830
2759,2830
2760,2830
2761,3237
2762,2689
2763,3041
2764,2940
2765,2797
2766,3041
2767,2797
2768,3145
2769,2905
2770,2151
2771,2151
2772,2151
2773,2940
2774,2676
2775,2632
2776,2632
2777,2632
2778,2632
2779,2632
2780,2632
2781,2632
2782,2608
2783,2815
2784,2689
2785,2689
2786,2930
2787,2930
2788,2583
2789,2583
2790,2830
2791,2830
2792,3237
2793,2940
2794,3041
2795,2797
2796,3145
2797,3386
2798,2905
2799,2905
2800,2905
2801,2905
2802,3543
2803,2930
2804,2676
2805,2843
2806,2843
2807,2843
2808,2843
2809,2843
2810,2843
2811,2940
2812,3585
2813,3585
2814,2608
2815,3386
2816,3585
2817,2940
2818,2940
2819,2438
2820,2689
2821,2689
2822,3989
2823,2689
2824,2689
2825,2930
2826,2583
2827,2930
2828,3482
2829,2830
2830,3989
2831,2830
2832,2830
2833,2797
2834,2797
2835,3145
2836,3145
2837,2905
2838,2905
2839,2905
2840,3543
2841,3543
2842,2843
2843,4418
2844,2843
2845,2843
2846,2843
2847,2843
2848,2843
2849,2843
2850,2608
2851,3585
2852,2940
2853,3241
2854,3571
2855,3241
2856,2689
2857,3237
2858,2689
2859,3241
2860,3241
2861,2930
2862,2930
2863,3482
2864,2830
2865,2830
2866,3041
2867,3760
2868,3145
2869,2905
2870,3543
2871,3543
2872,3543
2873,2930
2874,2676
2875,2676
2876,2676
2877,2676
2878,2676
2879,3241
2880,2676
2881,2843
2882,3585
2883,3585
2884,3585
2885,2940
2886,2689
2887,2689
2888,2689
2889,2689
2890,3132
2891,3540
2892,3241
2893,2854
2894,2854
2895,2930
2896,2830
2897,2830
2898,2830
2899,3540
2900,2583
2901,2797
2902,2797
2903,2940
2904,3145
2905,3386
2906,3145
2907,3145
2908,2905
2909,2905
2910,3543
2911,3543
2912,3241
2913,3312
2914,2993
2915,2993
2916,2993
2917,3241
2918,2676
2919,2676
2920,2676
2921,2940
2922,2676
2923,2676
2924,2676
2925,2843
2926,2843
2927,2940
2928,2940
2929,3241
2930,3571
2931,3540
2932,3540
2933,2854
2934,3482
2935,2830
2936,2830
2937,2830
2938,3241
2939,2940
2940,3571
2941,2797
2942,3041
2943,3546
2944,3145
2945,3145
2946,3543
2947,3543
2948,3543
2949,3041
2950,3041
2951,3241
2952,2676
2953,2993
2954,3241
2955,2993
2956,2993
2957,2843
2958,2993
2959,3241
2960,2993
2961,2843
2962,2843
2963,2993
2964,3276
2965,3585
2966,2940
2967,2940
2968,2940
2969,3540
2970,3237
2971,2689
2972,3540
2973,3540
2974,2930
2975,3021
2976,2830
2977,2830
2978,2830
2979,3241
2980,3241
2981,2797
2982,3145
2983,3145
2984,3145
2985,2905
2986,3543
2987,3543
2988,3241
2989,2993
2990,2993
2991,2993
2992,2993
2993,4418
2994,2993
2995,2993
2996,2993
2997,2993
2998,2993
2999,3241
3000,2993
3001,2993
3002,2993
3003,2993
3004,2993
3005,2940
3006,2993
3007,2993
3008,2993
3009,2993
3010,2993
3011,2940
3012,2940
3013,2940
3014,2689
3015,3540
3016,2689
3017,3241
3018,2583
3019,2854
3020,3482
3021,3989
3022,3482
3023,3021
3024,3021
3025,3041
3026,2797
3027,3041
3028,2797
3029,3145
3030,3145
3031,3543
3032,3041
3033,3543
3034,3041
3035,3241
3036,3264
3037,3312
3038,3103
3039,3103
3040,3103
3041,3571
3042,3241
3043,3103
3044,3103
3045,3103
3046,3103
3047,3117
3048,3117
3049,3117
3050,3117
3051,3117
3052,3117
3053,3117
3054,3117
3055,3117
3056,3117
3057,3117
3058,3117
3059,3117
3060,3117
3061,2940
3062,3117
3063,3276
3064,2940
3065,3585
3066,2940
3067,2940
3068,2940
3069,3540
3070,3237
3071,2689
3072,3540
3073,3540
3074,2689
3075,2689
3076,3241
3077,2854
3078,2854
3079,2854
3080,3482
3081,3482
3082,3021
3083,3021
3084,3237
3085,3237
3086,2797
3087,3145
3088,2905
3089,3145
3090,2905
3091,3041
3092,3543
3093,3041
3094,3543
3095,3448
3096,3623
3097,3264
3098,3103
3099,3103
3100,3103
3101,3103
3102,3103
3103,4418
3104,3103
3105,3103
3106,3117
3107,3117
3108,3117
3109,3117
3110,3117
3111,3117
3112,3117
3113,3117
3114,3117
3115,3117
3116,3117
3117,4418
3118,3117
3119,3117
3120,3117
3121,3117
3122,3117
3123,3117
3124,3117
3125,3585
3126,3585
3127,2930
3128,3241
3129,3540
3130,3540
3131,3540
3132,3989
3133,3540
3134,3132
3135,2930
3136,2854
3137,2583
3138,2854
3139,3482
3140,3021
3141,3021
3142,3237
3143,2797
3144,2797
3145,3386
3146,2797
3147,3546
3148,3198
3149,3041
3150,3546
3151,3198
3152,3543
3153,3198
3154,3198
3155,3312
3156,3312
3157,3312
3158,3264
3159,3226
3160,3226
3161,3226
3162,3226
3163,3226
3164,3226
3165,3226
3166,3226
3167,3226
3168,3226
3169,3226
3170,3226
3171,3226
3172,3226
3173,3226
3174,3226
3175,3226
3176,3226
3177,3276
3178,3585
3179,2854
3180,2689
3181,3540
3182,3237
3183,3540
3184,3540
3185,3132
3186,3485
3187,2854
3188,2854
3189,2583
3190,3021
3191,3021
3192,2583
3193,3021
3194,3237
3195,2797
3196,2797
3197,3198
3198,5048
3199,3198
3200,3543
3201,3198
3202,3198
3203,3198
3204,3198
3205,3198
3206,3198
3207,3198
3208,3198
3209,3198
3210,3198
3211,3198
3212,3198
3213,3198
3214,3198
3215,3198
3216,3198
3217,3198
3218,3198
3219,3198
3220,3198
3221,3198
3222,3198
3223,3198
3224,3198
3225,3198
3226,4418
3227,3198
3228,3276
3229,3585
3230,3668
3231,3132
3232,3237
3233,3132
3234,3237
3235,3237
3236,3132
3237,3989
3238,3668
3239,2854
3240,3485
3241,3571
3242,2854
3243,2583
3244,3482
3245,3021
3246,3237
3247,5096
3248,2797
3249,3543
3250,3448
3251,3448
3252,3448
3253,3448
3254,3264
3255,3264
3256,3264
3257,3264
3258,3264
3259,3264
3260,3264
3261,3264
3262,3264
3263,3264
3264,4418
3265,3264
3266,3264
3267,3264
3268,3264
3269,3264
3270,3264
3271,3264
3272,3264
3273,3264
3274,3264
3275,3276
3276,3386
3277,3276
3278,4291
3279,2940
3280,3485
3281,3132
3282,3237
3283,3237
3284,3237
3285,3237
3286,3668
3287,2583
3288,2854
3289,2930
3290,3021
3291,3482
3292,3021
3293,3237
3294,3546
3295,2797
3296,3546
3297,3448
3298,3485
3299,3668
3300,3623
3301,3312
3302,3312
3303,3312
3304,3312
3305,3312
3306,3312
3307,3312
3308,3312
3309,3312
3310,3312
3311,3312
3312,4418
3313,3312
3314,3312
3315,3312
3316,3312
3317,3312
3318,3312
3319,3312
3320,3312
3321,3264
3322,3276
3323,4291
3324,3678
3325,3678
3326,3678
3327,3485
3328,3237
3329,3132
3330,3237
3331,3237
3332,3237
3333,3132
3334,3485
3335,2854
3336,2854
3337,2583
3338,3021
3339,2583
3340,3021
3341,3021
3342,3237
3343,2797
3344,3546
3345,3543
3346,3448
3347,3363
3348,3363
3349,3363
3350,3363
3351,3668
3352,3363
3353,3363
3354,3363
3355,3363
3356,3363
3357,3363
3358,3363
3359,3363
3360,3363
3361,3363
3362,3363
3363,5048
3364,3363
3365,3363
3366,3363
3367,3363
3368,3363
3369,3363
3370,3363
3371,3363
3372,3363
3373,3363
3374,3363
3375,3363
3376,3276
3377,4291
3378,3678
3379,3678
3380,1467
3381,6069
3382,6069
3383,6069
3384,1449
3385,2136
3386,1
3387,1449
3388,1449
3389,1526
3390,1526
3391,6057
3392,1607
3393,1607
3394,6057
3395,5732
3396,1467
3397,5705
3398,6069
3399,6069
3400,6069
3401,4602
3402,1607
3403,4602
3404,4602
3405,1526
3406,1526
3407,1526
3408,6057
3409,1248
3410,6100
3411,1959
3412,4622
3413,1607
3414,5732
3415,4602
3416,3668
3417,3237
3418,3237
3419,3132
3420,3485
3421,2854
3422,2854
3423,2854
3424,3482
3425,3482
3426,3021
3427,3237
3428,4079
3429,2905
3430,3546
3431,3543
3432,3862
3433,3448
3434,3448
3435,3448
3436,3623
3437,3668
3438,3623
3439,3508
3440,3363
3441,3508
3442,3508
3443,3508
3444,3508
3445,3363
3446,3508
3447,3508
3448,5048
3449,3508
3450,3363
3451,3363
3452,3363
3453,3363
3454,3363
3455,3363
3456,3363
3457,3508
3458,3363
3459,3508
3460,3363
3461,3276
3462,4291
3463,4291
3464,4291
3465,3678
3466,3678
3467,3678
3468,3668
3469,3237
3470,3132
3471,3132
3472,3882
3473,3132
3474,3132
3475,3485
3476,2854
3477,2854
3478,3021
3479,2854
3480,3482
3481,3021
3482,3989
3483,3237
3484,3668
3485,3571
3486,5396
3487,5396
3488,3546
3489,2905
3490,2905
3491,3546
3492,3862
3493,3448
3494,3448
3495,3363
3496,3623
3497,3508
3498,3508
3499,3508
3500,3508
3501,3508
3502,3508
3503,3508
3504,3508
3505,3508
3506,3508
3507,3508
3508,4418
3509,3508
3510,3508
3511,3508
3512,3508
3513,3508
3514,3508
3515,3508
3516,3276
3517,3276
3518,3276
3519,4291
3520,4291
3521,4291
3522,3678
3523,4291
3524,3485
3525,3237
3526,3237
3527,3237
3528,3237
3529,3132
3530,3485
3531,3485
3532,3485
3533,3873
3534,3873
3535,3873
3536,3021
3537,3485
3538,3021
3539,3237
3540,3989
3541,3668
3542,3546
3543,3386
3544,3546
3545,3546
3546,3386
3547,3448
3548,4075
3549,3448
3550,3448
3551,3448
3552,3448
3553,3623
3554,3668
3555,3623
3556,3570
3557,3570
3558,3570
3559,3570
3560,3570
3561,3570
3562,3570
3563,3570
3564,3570
3565,3570
3566,3570
3567,3570
3568,3730
3569,3730
3570,4418
3571,1
3572,3730
3573,3730
3574,3912
3575,3912
3576,3912
3577,3912
3578,3912
3579,3912
3580,3912
3581,3276
3582,4291
3583,4291
3584,4291
3585,3386
3586,4291
3587,3678
3588,3678
3589,3668
3590,3132
3591,4762
3592,3882
3593,3132
3594,3668
3595,3485
3596,3485
3597,3873
3598,3873
3599,3485
3600,3873
3601,3021
3602,3021
3603,3668
3604,3760
3605,3862
3606,3448
3607,3760
3608,3760
3609,3862
3610,3862
3611,3448
3612,3623
3613,3668
3614,3623
3615,3623
3616,3623
3617,3623
3618,3623
3619,3623
3620,3668
3621,3623
3622,3623
3623,5048
3624,3623
3625,3623
3626,3730
3627,3730
3628,3912
3629,3912
3630,3912
3631,3912
3632,4352
3633,4291
3634,3882
3635,3132
3636,3882
3637,3882
3638,3485
3639,3668
3640,3485
3641,3485
3642,3698
3643,4185
3644,3485
3645,3873
3646,3873
3647,3698
3648,3698
3649,3668
3650,3678
3651,3760
3652,3862
3653,3760
3654,3760
3655,4075
3656,3448
3657,3448
3658,4075
3659,3778
3660,3778
3661,3668
3662,3778
3663,3570
3664,3570
3665,3570
3666,3778
3667,3668
3668,3571
3669,3570
3670,3730
3671,3912
3672,3912
3673,3276
3674,4291
3675,4291
3676,4291
3677,3678
3678,3571
3679,3862
3680,3885
3681,3485
3682,3882
3683,3882
3684,3882
3685,3132
3686,3485
3687,3485
3688,3485
3689,3485
3690,3485
3691,3873
3692,3698
3693,3873
3694,3873
3695,3873
3696,3873
3697,3698
3698,3989
3699,3485
3700,3698
3701,3698
3702,4762
3703,4114
3704,3678
3705,3678
3706,3760
3707,3862
3708,3760
3709,3760
3710,3862
3711,3760
3712,3760
3713,4075
3714,4075
3715,4075
3716,3448
3717,3448
3718,3778
3719,3778
3720,4114
3721,3778
3722,3778
3723,3778
3724,3778
3725,3730
3726,3730
3727,3912
3728,3912
3729,3912
3730,4418
3731,3276
3732,4291
3733,4291
3734,4291
3735,4291
3736,4352
3737,3954
3738,4079
3739,4417
3740,3882
3741,3882
3742,3882
3743,3132
3744,3885
3745,3885
3746,3485
3747,3485
3748,3698
3749,3485
3750,3873
3751,3698
3752,3873
3753,3873
3754,3698
3755,3698
3756,4114
3757,3862
3758,3678
3759,3760
3760,3386
3761,3760
3762,3862
3763,3862
3764,3760
3765,3760
3766,3862
3767,3760
3768,3760
3769,4075
3770,4075
3771,4075
3772,4075
3773,3448
3774,3778
3775,3778
3776,4114
3777,3778
3778,5048
3779,3778
3780,3778
3781,3778
3782,3778
3783,4114
3784,4114
3785,3730
3786,3730
3787,3730
3788,3730
3789,3912
3790,3912
3791,3912
3792,3954
3793,3678
3794,3276
3795,3276
3796,4291
3797,4352
3798,4352
3799,4352
3800,4291
3801,4291
3802,4352
3803,4291
3804,4079
3805,3885
3806,3885
3807,4762
3808,3882
3809,3132
3810,3132
3811,3485
3812,3873
3813,3873
3814,3885
3815,4185
3816,3873
3817,3485
3818,3873
3819,3873
3820,3698
3821,3698
3822,3698
3823,3678
3824,5396
3825,3954
3826,3862
3827,4383
3828,3862
3829,3448
3830,3760
3831,3760
3832,3760
3833,3448
3834,3448
3835,3760
3836,4075
3837,4075
3838,3448
3839,3448
3840,3448
3841,4114
3842,3448
3843,3448
3844,3448
3845,3448
3846,3448
3847,3448
3848,3448
3849,3448
3850,4114
3851,3730
3852,4114
3853,3730
3854,3730
3855,3912
3856,3912
3857,3678
3858,3912
3859,3678
3860,3678
3861,3678
3862,5048
3863,4352
3864,4352
3865,4352
3866,3678
3867,3882
3868,3132
3869,3132
3870,3873
3871,4185
3872,4185
3873,3989
3874,4185
3875,3873
3876,3698
3877,3873
3878,3873
3879,3698
3880,3698
3881,4762
3882,3989
3883,4417
3884,4114
3885,3571
3886,3954
3887,3954
3888,3862
3889,5396
3890,3862
3891,3760
3892,3760
3893,3760
3894,3760
3895,4075
3896,4075
3897,4075
3898,3862
3899,3862
3900,3862
3901,4114
3902,3862
3903,3862
3904,3862
3905,3862
3906,3862
3907,3862
3908,3862
3909,3862
3910,3730
3911,3730
3912,4418
3913,4114
3914,3730
3915,3730
3916,3730
3917,3730
3918,3730
3919,4114
3920,3912
3921,3276
3922,4352
3923,4391
3924,4352
3925,5069
3926,4016
3927,3885
3928,3885
3929,3882
3930,3132
3931,3698
3932,4650
3933,4185
3934,3873
3935,3873
3936,3698
3937,3873
3938,3698
3939,4114
3940,4327
3941,3954
3942,3954
3943,3954
3944,4383
3945,4383
3946,4075
3947,3954
3948,3954
3949,3954
3950,3954
3951,3954
3952,4114
3953,3954
3954,5048
3955,3954
3956,3954
3957,3954
3958,3954
3959,3954
3960,3954
3961,3954
3962,3954
3963,3954
3964,3954
3965,4114
3966,3954
3967,3954
3968,3954
3969,3954
3970,3954
3971,4114
3972,4016
3973,4016
3974,3912
3975,4016
3976,4016
3977,4016
3978,5069
3979,4391
3980,3885
3981,3882
3982,3882
3983,3132
3984,3988
3985,4650
3986,4185
3987,4650
3988,3989
3989,1
3990,4185
3991,4185
3992,3988
3993,3988
3994,3988
3995,3988
3996,3988
3997,3698
3998,3698
3999,3698
4000,4114
4001,4114
4002,4391
4003,4047
4004,4047
4005,3760
4006,4383
4007,4383
4008,4047
4009,4383
4010,4075
4011,4047
4012,4075
4013,4047
4014,4047
4015,4047
4016,3571
4017,4047
4018,4114
4019,4047
4020,4047
4021,4047
4022,4047
4023,4047
4024,4047
4025,4047
4026,4047
4027,4047
4028,4047
4029,4047
4030,4047
4031,4047
4032,4114
4033,4114
4034,4047
4035,4047
4036,4047
4037,4016
4038,4047
4039,4047
4040,4016
4041,3912
4042,4352
4043,4016
4044,5069
4045,4352
4046,4391
4047,5048
4048,4391
4049,4352
4050,3882
4051,3882
4052,3132
4053,3132
4054,3698
4055,4650
4056,4650
4057,4185
4058,4185
4059,3988
4060,3698
4061,3988
4062,3988
4063,3988
4064,3698
4065,3698
4066,4114
4067,4327
4068,4327
4069,4103
4070,4103
4071,4835
4072,4103
4073,3760
4074,4383
4075,3386
4076,4103
4077,4383
4078,4383
4079,3386
4080,4103
4081,4075
4082,4103
4083,4103
4084,4103
4085,4103
4086,4114
4087,4103
4088,4103
4089,4103
4090,4103
4091,4103
4092,4103
4093,4103
4094,4103
4095,4114
4096,4103
4097,4103
4098,4103
4099,4103
4100,4114
4101,4103
4102,4103
4103,5048
4104,4103
4105,4016
4106,4103
4107,4103
4108,4016
4109,4016
4110,4016
4111,4391
4112,3885
4113,3885
4114,3571
4115,3885
4116,3882
4117,3882
4118,3132
4119,4650
4120,4650
4121,4650
4122,4185
4123,4185
4124,4185
4125,3988
4126,3988
4127,3988
4128,3698
4129,3698
4130,3698
4131,3698
4132,4417
4133,4417
4134,4157
4135,5396
4136,4157
4137,4157
4138,4383
4139,4157
4140,4383
4141,4383
4142,4157
4143,4157
4144,4157
4145,4157
4146,4157
4147,4157
4148,4417
4149,4157
4150,4157
4151,4157
4152,4157
4153,4157
4154,4157
4155,4157
4156,4157
4157,3571
4158,4157
4159,4157
4160,4157
4161,4157
4162,4417
4163,4157
4164,4157
4165,4157
4166,4157
4167,4157
4168,4157
4169,4157
4170,4157
4171,4157
4172,4157
4173,4352
4174,4157
4175,4079
4176,4762
4177,3882
4178,3132
4179,3885
4180,4650
4181,4650
4182,4185
4183,3988
4184,4185
4185,3989
4186,4185
4187,4185
4188,4185
4189,3988
4190,3988
4191,3988
4192,4417
4193,4391
4194,4217
4195,5396
4196,4835
4197,4217
4198,4217
4199,4217
4200,4383
4201,4217
4202,4383
4203,4383
4204,4217
4205,4217
4206,4217
4207,4217
4208,4217
4209,4417
4210,4217
4211,4217
4212,4217
4213,4217
4214,4217
4215,4217
4216,4217
4217,5048
4218,4217
4219,4217
4220,4217
4221,4217
4222,4217
4223,4217
4224,4217
4225,4016
4226,4217
4227,4217
4228,4217
4229,4016
4230,4217
4231,4217
4232,4016
4233,4291
4234,4016
4235,4352
4236,3885
4237,3882
4238,3882
4239,3882
4240,3885
4241,3885
4242,3885
4243,4650
4244,4650
4245,4185
4246,4185
4247,4185
4248,3988
4249,4762
4250,4417
4251,4327
4252,5396
4253,4271
4254,4835
4255,4271
4256,4383
4257,4271
4258,4383
4259,4075
4260,4271
4261,4271
4262,4271
4263,4417
4264,4271
4265,4271
4266,4271
4267,4271
4268,4271
4269,4271
4270,4271
4271,5048
4272,4271
4273,4271
4274,4271
4275,4271
4276,4271
4277,4271
4278,4271
4279,4271
4280,4016
4281,4271
4282,4271
4283,4271
4284,4271
4285,4271
4286,4016
4287,4016
4288,4016
4289,5069
4290,5069
4291,3386
4292,4391
4293,3885
4294,3885
4295,4762
4296,3882
4297,3882
4298,3882
4299,3885
4300,3885
4301,4650
4302,4650
4303,4307
4304,4185
4305,4185
4306,4185
4307,3989
4308,3988
4309,3988
4310,3988
4311,4417
4312,4417
4313,4079
4314,5096
4315,4835
4316,4327
4317,4327
4318,4383
4319,4327
4320,4383
4321,4327
4322,4327
4323,4327
4324,4327
4325,4327
4326,4327
4327,3571
4328,4327
4329,4327
4330,4327
4331,4327
4332,4327
4333,4327
4334,4327
4335,4327
4336,4327
4337,4327
4338,4417
4339,4327
4340,4327
4341,4327
4342,4327
4343,4327
4344,4327
4345,4327
4346,4327
4347,4327
4348,4327
4349,4016
4350,4327
4351,3276
4352,3386
4353,4016
4354,4016
4355,4352
4356,4391
4357,4352
4358,5069
4359,3882
4360,4362
4361,3882
4362,3989
4363,3882
4364,3882
4365,3885
4366,3885
4367,4650
4368,4650
4369,4307
4370,4307
4371,4307
4372,3988
4373,3988
4374,3988
4375,3988
4376,4417
4377,4417
4378,4391
4379,4835
4380,4383
4381,4391
4382,4383
4383,3386
4384,4391
4385,4383
4386,4383
4387,4391
4388,4391
4389,4391
4390,4391
4391,3571
4392,4417
4393,4391
4394,4391
4395,4391
4396,4391
4397,4391
4398,4391
4399,4391
4400,4391
4401,4417
4402,4391
4403,4391
4404,4391
4405,4391
4406,4391
4407,4391
4408,4391
4409,4391
4410,4391
4411,4391
4412,4457
4413,4391
4414,4457
4415,4457
4416,4962
4417,3571
4418,1
4419,3885
4420,4362
4421,4638
4422,4362
4423,4362
4424,4962
4425,3885
4426,4764
4427,4650
4428,4650
4429,4650
4430,4307
4431,3988
4432,3988
4433,3988
4434,3988
4435,3988
4436,4417
4437,4457
4438,5396
4439,4457
4440,5396
4441,4835
4442,4457
4443,4383
4444,4383
4445,4383
4446,4457
4447,4075
4448,4457
4449,4457
4450,4457
4451,4457
4452,4417
4453,4457
4454,4457
4455,4457
4456,4457
4457,3571
4458,4457
4459,4457
4460,4457
4461,4457
4462,4457
4463,4457
4464,4457
4465,4457
4466,4417
4467,4457
4468,4457
4469,4457
4470,4457
4471,4457
4472,4457
4473,4457
4474,4457
4475,4457
4476,4352
4477,4457
4478,4362
4479,4762
4480,4362
4481,4638
4482,4362
4483,4362
4484,4362
4485,4362
4486,4362
4487,4362
4488,4362
4489,4650
4490,4307
4491,4307
4492,4307
4493,4307
4494,4307
4495,4307
4496,4307
4497,5268
4498,4762
4499,4417
4500,4520
4501,5096
4502,4520
4503,4835
4504,4075
4505,4520
4506,4520
4507,4520
4508,4520
4509,4417
4510,4520
4511,4520
4512,4520
4513,4520
4514,4520
4515,4520
4516,4520
4517,4417
4518,4520
4519,4520
4520,3571
4521,4520
4522,4520
4523,4520
4524,4520
4525,4520
4526,4520
4527,4520
4528,4520
4529,4520
4530,4520
4531,4520
4532,4520
4533,4352
4534,4962
4535,4762
4536,4762
4537,4762
4538,4638
4539,4638
4540,4362
4541,4362
4542,4362
4543,4362
4544,4362
4545,4962
4546,3885
4547,4650
4548,4307
4549,4307
4550,4307
4551,4307
4552,4762
4553,4417
4554,4417
4555,4576
4556,5396
4557,4576
4558,4835
4559,4835
4560,4576
4561,4576
4562,4576
4563,4576
4564,4417
4565,4576
4566,4576
4567,4576
4568,4576
4569,4576
4570,4576
4571,4576
4572,4417
4573,4576
4574,4576
4575,4576
4576,3571
4577,4576
4578,4576
4579,4576
4580,4576
4581,4576
4582,4576
4583,4576
4584,4576
4585,4576
4586,4576
4587,4576
4588,5204
4589,5204
4590,4576
4591,4352
4592,4079
4593,1959
4594,1959
4595,1959
4596,1569
4597,6069
4598,6069
4599,6069
4600,4602
4601,4602
4602,2136
4603,1526
4604,1526
4605,1526
4606,6057
4607,6057
4608,1607
4609,1607
4610,1959
4611,1959
4612,1467
4613,1569
4614,1569
4615,5705
4616,6069
4617,2012
4618,6069
4619,6069
4620,5732
4621,6057
4622,1081
4623,6093
4624,4602
4625,6093
4626,6093
4627,6093
4628,1526
4629,1526
4630,6057
4631,6057
4632,1607
4633,1607
4634,5268
4635,4362
4636,5268
4637,5268
4638,3989
4639,5268
4640,4638
4641,4638
4642,4362
4643,4362
4644,4362
4645,4764
4646,4764
4647,4307
4648,4307
4649,4307
4650,3989
4651,5268
4652,4417
4653,4674
4654,5096
4655,4674
4656,4835
4657,4835
4658,4674
4659,4674
4660,4674
4661,4674
4662,4417
4663,4674
4664,4674
4665,4674
4666,4674
4667,4674
4668,4674
4669,4674
4670,4417
4671,4674
4672,4674
4673,4674
4674,3571
4675,4674
4676,4674
4677,4674
4678,4674
4679,4674
4680,4674
4681,4674
4682,4674
4683,4674
4684,4674
4685,4674
4686,4674
4687,4674
4688,4674
4689,4674
4690,5204
4691,5069
4692,4352
4693,4674
4694,4962
4695,4962
4696,5268
4697,5268
4698,5268
4699,4638
4700,4638
4701,4362
4702,4362
4703,4962
4704,4764
4705,4764
4706,4650
4707,4307
4708,4417
4709,4417
4710,4732
4711,4835
4712,4732
4713,4835
4714,4075
4715,4732
4716,4075
4717,4732
4718,4732
4719,4732
4720,4732
4721,4417
4722,4732
4723,4732
4724,4732
4725,4732
4726,4732
4727,4732
4728,4732
4729,4417
4730,4732
4731,4732
4732,3571
4733,4732
4734,4732
4735,4732
4736,4732
4737,4732
4738,4732
4739,4732
4740,4732
4741,4732
4742,4732
4743,4732
4744,4732
4745,4732
4746,4352
4747,4352
4748,4732
4749,5069
4750,4352
4751,4764
4752,4638
4753,5268
4754,5268
4755,5268
4756,4638
4757,4638
4758,4638
4759,4638
4760,4638
4761,4638
4762,3989
4763,4962
4764,3571
4765,4764
4766,4307
4767,4307
4768,5268
4769,4799
4770,4799
4771,5396
4772,5096
4773,4835
4774,4799
4775,4835
4776,4799
4777,4075
4778,4799
4779,4799
4780,4799
4781,4799
4782,4799
4783,4799
4784,4799
4785,4799
4786,4799
4787,4799
4788,4799
4789,4799
4790,4799
4791,4799
4792,4799
4793,4799
4794,4799
4795,4799
4796,4799
4797,4799
4798,4799
4799,3571
4800,4799
4801,4799
4802,4799
4803,4799
4804,4799
4805,4799
4806,4799
4807,4799
4808,4799
4809,4799
4810,4352
4811,5204
4812,4352
4813,4799
4814,4352
4815,4079
4816,4962
4817,4764
4818,5268
4819,4955
4820,5268
4821,5858
4822,4362
4823,4955
4824,4638
4825,4962
4826,4764
4827,4962
4828,4764
4829,4764
4830,4764
4831,4764
4832,4962
4833,5396
4834,5396
4835,3386
4836,5096
4837,5096
4838,4855
4839,5096
4840,5180
4841,4835
4842,5047
4843,5047
4844,5047
4845,4913
4846,4913
4847,4913
4848,4913
4849,4913
4850,4913
4851,4913
4852,4913
4853,4913
4854,4913
4855,3571
4856,4913
4857,4913
4858,4913
4859,4913
4860,4913
4861,4913
4862,4913
4863,4913
4864,4913
4865,4913
4866,4913
4867,4913
4868,4913
4869,4913
4870,4913
4871,4913
4872,4855
4873,4855
4874,4913
4875,4855
4876,5204
4877,4352
4878,5204
4879,5204
4880,5204
4881,4352
4882,4352
4883,4079
4884,4962
4885,4962
4886,4764
4887,4362
4888,4362
4889,5268
4890,5858
4891,4955
4892,4362
4893,4362
4894,4362
4895,4962
4896,4962
4897,4962
4898,4764
4899,4764
4900,4764
4901,5268
4902,4962
4903,5047
4904,5396
4905,5396
4906,5096
4907,5096
4908,5180
4909,4835
4910,4941
4911,4941
4912,5047
4913,5048
4914,5047
4915,4941
4916,4941
4917,4941
4918,4941
4919,4941
4920,4941
4921,4941
4922,4941
4923,4941
4924,4941
4925,4941
4926,4941
4927,4941
4928,4941
4929,4941
4930,4941
4931,4941
4932,4941
4933,4941
4934,4941
4935,4941
4936,4941
4937,4941
4938,4941
4939,4941
4940,4941
4941,5048
4942,4855
4943,4941
4944,4941
4945,4855
4946,5204
4947,5204
4948,4855
4949,5069
4950,5069
4951,4962
4952,4362
4953,5268
4954,5858
4955,3989
4956,4955
4957,4955
4958,4962
4959,4764
4960,4764
4961,4764
4962,3571
4963,4764
4964,4307
4965,4962
4966,4962
4967,5180
4968,5396
4969,5096
4970,5096
4971,4941
4972,4835
4973,5180
4974,5180
4975,5047
4976,4075
4977,5047
4978,4995
4979,4995
4980,4995
4981,4995
4982,4995
4983,4995
4984,4995
4985,4995
4986,4995
4987,4995
4988,4995
4989,4995
4990,4995
4991,4995
4992,4995
4993,4995
4994,4995
4995,5048
4996,4995
4997,4995
4998,4995
4999,4995
5000,4995
5001,4995
5002,4995
5003,4995
5004,4995
5005,4995
5006,4995
5007,4855
5008,5204
5009,4855
5010,5204
5011,5069
5012,4352
5013,5069
5014,4962
5015,4764
5016,5268
5017,4955
5018,5858
5019,4955
5020,4955
5021,4955
5022,4955
5023,4362
5024,4962
5025,4764
5026,4764
5027,4764
5028,4764
5029,4764
5030,4962
5031,5096
5032,5180
5033,5047
5034,5047
5035,5047
5036,5047
5037,5047
5038,5047
5039,5047
5040,5047
5041,5047
5042,5047
5043,5047
5044,5047
5045,5047
5046,5047
5047,5048
5048,1
5049,5047
5050,5047
5051,5047
5052,5047
5053,4855
5054,5047
5055,5047
5056,5047
5057,5047
5058,5047
5059,5047
5060,5047
5061,5047
5062,5047
5063,5047
5064,4855
5065,5047
5066,5047
5067,3276
5068,5069
5069,3386
5070,4855
5071,4352
5072,5069
5073,5069
5074,5069
5075,4855
5076,4079
5077,4079
5078,5268
5079,5268
5080,4362
5081,4955
5082,4955
5083,4955
5084,4955
5085,3989
5086,4955
5087,4962
5088,4764
5089,4764
5090,4764
5091,4764
5092,4307
5093,5268
5094,4962
5095,5396
5096,3386
5097,5396
5098,4995
5099,4835
5100,5180
5101,5180
5102,5180
5103,5121
5104,5121
5105,5121
5106,5121
5107,5121
5108,5121
5109,5121
5110,5121
5111,5121
5112,5121
5113,5121
5114,5121
5115,5121
5116,5121
5117,5121
5118,5121
5119,5121
5120,5121
5121,3571
5122,5121
5123,5121
5124,5121
5125,5121
5126,5121
5127,5121
5128,5121
5129,5121
5130,5121
5131,5121
5132,5121
5133,5121
5134,5121
5135,5204
5136,4352
5137,4855
5138,5204
5139,5069
5140,5069
5141,5069
5142,5069
5143,4855
5144,4079
5145,4079
5146,5278
5147,4764
5148,4764
5149,5858
5150,4362
5151,5858
5152,5858
5153,5085
5154,4362
5155,4362
5156,5278
5157,4764
5158,4764
5159,4764
5160,4764
5161,4764
5162,5180
5163,5396
5164,5396
5165,5180
5166,5180
5167,5180
5168,5196
5169,5196
5170,5196
5171,5196
5172,5196
5173,5196
5174,5196
5175,5196
5176,5196
5177,5196
5178,5196
5179,5196
5180,3571
5181,5196
5182,5196
5183,5196
5184,5196
5185,5196
5186,5196
5187,5196
5188,5196
5189,5196
5190,5196
5191,5196
5192,5196
5193,5196
5194,5196
5195,5196
5196,5659
5197,5196
5198,5196
5199,5196
5200,5196
5201,5196
5202,3276
5203,5204
5204,3386
5205,5069
5206,5069
5207,5069
5208,4855
5209,5278
5210,5268
5211,5268
5212,5858
5213,5085
5214,5858
5215,5085
5216,4362
5217,5278
5218,5278
5219,5278
5220,5278
5221,5278
5222,5278
5223,5278
5224,5858
5225,5180
5226,5252
5227,5252
5228,5252
5229,5252
5230,5252
5231,5252
5232,5252
5233,5252
5234,5252
5235,5252
5236,5252
5237,5252
5238,5252
5239,5252
5240,5252
5241,5252
5242,5252
5243,5252
5244,5252
5245,5252
5246,5252
5247,5252
5248,5252
5249,5252
5250,5252
5251,5252
5252,5659
5253,5252
5254,5252
5255,5252
5256,3276
5257,5911
5258,5911
5259,5911
5260,4855
5261,4855
5262,5069
5263,5069
5264,4855
5265,4079
5266,5396
5267,5268
5268,3989
5269,5858
5270,5085
5271,5085
5272,5085
5273,4955
5274,5085
5275,5278
5276,5278
5277,5278
5278,5659
5279,5278
5280,5278
5281,5180
5282,5180
5283,4835
5284,5180
5285,5180
5286,5180
5287,4075
5288,5180
5289,5309
5290,5309
5291,5309
5292,5309
5293,5309
5294,5309
5295,5309
5296,5309
5297,5479
5298,5479
5299,5366
5300,5366
5301,5366
5302,5366
5303,5366
5304,5366
5305,5366
5306,5366
5307,5366
5308,5366
5309,5659
5310,5366
5311,5366
5312,5366
5313,5366
5314,5366
5315,5366
5316,5366
5317,5366
5318,5366
5319,3276
5320,5911
5321,5911
5322,5911
5323,5911
5324,5911
5325,5505
5326,5911
5327,5069
5328,5069
5329,5069
5330,5069
5331,4855
5332,4079
5333,5396
5334,5268
5335,5268
5336,5268
5337,5268
5338,5268
5339,5268
5340,5268
5341,5278
5342,5278
5343,5278
5344,5278
5345,5268
5346,5180
5347,5180
5348,5180
5349,5180
5350,5180
5351,5180
5352,5309
5353,5309
5354,5180
5355,5180
5356,5479
5357,5479
5358,5366
5359,5366
5360,5366
5361,5366
5362,5366
5363,5366
5364,5366
5365,5366
5366,5659
5367,5366
5368,5366
5369,5366
5370,5366
5371,5366
5372,5366
5373,5366
5374,5366
5375,5366
5376,5366
5377,3276
5378,5505
5379,5069
5380,5069
5381,5911
5382,5069
5383,5505
5384,4079
5385,4079
5386,4079
5387,5858
5388,5268
5389,5268
5390,5268
5391,5278
5392,5278
5393,5268
5394,5505
5395,5396
5396,3386
5397,4079
5398,5396
5399,5685
5400,5685
5401,5559
5402,5559
5403,5559
5404,5309
5405,5309
5406,5309
5407,5309
5408,5309
5409,5309
5410,5309
5411,5309
5412,5309
5413,5479
5414,5479
5415,5430
5416,5430
5417,5430
5418,5430
5419,5430
5420,5430
5421,5430
5422,5430
5423,5430
5424,5430
5425,5430
5426,5430
5427,5430
5428,5430
5429,5430
5430,5659
5431,5430
5432,5430
5433,5430
5434,5430
5435,5430
5436,3276
5437,3276
5438,3276
5439,5911
5440,5911
5441,5069
5442,5069
5443,5069
5444,5069
5445,5069
5446,5505
5447,4079
5448,4079
5449,4079
5450,4079
5451,4079
5452,5858
5453,5085
5454,5085
5455,5278
5456,5278
5457,5278
5458,5396
5459,5559
5460,5559
5461,5559
5462,5559
5463,5559
5464,5309
5465,5309
5466,5309
5467,5309
5468,5309
5469,5309
5470,5479
5471,5479
5472,5479
5473,5479
5474,5479
5475,5479
5476,5479
5477,5479
5478,5479
5479,5659
5480,5479
5481,5479
5482,5479
5483,5479
5484,5479
5485,5479
5486,5479
5487,5479
5488,5479
5489,5479
5490,3276
5491,3276
5492,5505
5493,5069
5494,4079
5495,5085
5496,5085
5497,5085
5498,5278
5499,5278
5500,5278
5501,5685
5502,5685
5503,5685
5504,5559
5505,5659
5506,5559
5507,5559
5508,5559
5509,5526
5510,5526
5511,5526
5512,5526
5513,5526
5514,5526
5515,5526
5516,5526
5517,5526
5518,5526
5519,5526
5520,5526
5521,5526
5522,5526
5523,5526
5524,5526
5525,5526
5526,5659
5527,5526
5528,5526
5529,5526
5530,5526
5531,5526
5532,5526
5533,5526
5534,3276
5535,5069
5536,5505
5537,5505
5538,5278
5539,5278
5540,5278
5541,5278
5542,5278
5543,5685
5544,5685
5545,5396
5546,5685
5547,5559
5548,5559
5549,5559
5550,5559
5551,5559
5552,5559
5553,5559
5554,5559
5555,5559
5556,5559
5557,5559
5558,5559
5559,5659
5560,5559
5561,5559
5562,5559
5563,5559
5564,5559
5565,5559
5566,5559
5567,5559
5568,5559
5569,5559
5570,5559
5571,5559
5572,5559
5573,5559
5574,5559
5575,5858
5576,5085
5577,5278
5578,5278
5579,5685
5580,5505
5581,5685
5582,5603
5583,5603
5584,5603
5585,5603
5586,5603
5587,5603
5588,5603
5589,5603
5590,5603
5591,5603
5592,5603
5593,5603
5594,5603
5595,5603
5596,5603
5597,5603
5598,5603
5599,5603
5600,5603
5601,5603
5602,5603
5603,5659
5604,5603
5605,5603
5606,5603
5607,5603
5608,5603
5609,5685
5610,4079
5611,4079
5612,5085
5613,5085
5614,5278
5615,5685
5616,5685
5617,4835
5618,5636
5619,5636
5620,5636
5621,5636
5622,5636
5623,5636
5624,5636
5625,5636
5626,5636
5627,5636
5628,5636
5629,5636
5630,5636
5631,5636
5632,5636
5633,5636
5634,5636
5635,5636
5636,5659
5637,5505
5638,5636
5639,5085
5640,5085
5641,5505
5642,5685
5643,5685
5644,5685
5645,5658
5646,5658
5647,5658
5648,5658
5649,5658
5650,5658
5651,5658
5652,5658
5653,5658
5654,5658
5655,5658
5656,5658
5657,5658
5658,5659
5659,1
5660,5658
5661,5658
5662,5658
5663,5658
5664,5658
5665,5658
5666,5658
5667,5505
5668,5658
5669,5658
5670,3276
5671,5505
5672,5685
5673,5776
5674,5776
5675,5776
5676,4075
5677,4075
5678,5776
5679,5776
5680,5776
5681,5808
5682,5808
5683,5808
5684,5808
5685,5659
5686,5808
5687,5808
5688,5808
5689,5808
5690,5808
5691,5808
5692,5808
5693,5808
5694,5808
5695,5808
5696,5505
5697,5505
5698,5732
5699,1959
5700,1959
5701,1959
5702,1569
5703,6069
5704,6069
5705,3989
5706,5732
5707,6093
5708,6093
5709,1526
5710,1526
5711,1680
5712,5732
5713,5732
5714,5732
5715,6057
5716,1607
5717,6057
5718,1607
5719,1607
5720,1959
5721,1959
5722,1569
5723,1959
5724,6069
5725,6069
5726,6069
5727,1526
5728,1680
5729,1680
5730,1680
5731,5732
5732,1081
5733,5732
5734,6100
5735,6100
5736,5732
5737,6057
5738,1607
5739,1607
5740,1607
5741,6093
5742,6093
5743,5278
5744,5085
5745,5085
5746,5505
5747,5685
5748,5776
5749,5776
5750,5776
5751,5808
5752,5505
5753,5505
5754,5505
5755,5808
5756,5808
5757,5808
5758,5505
5759,5505
5760,5505
5761,5911
5762,5085
5763,5085
5764,5085
5765,5685
5766,5685
5767,5776
5768,5776
5769,5776
5770,5776
5771,5505
5772,5808
5773,5808
5774,5808
5775,5808
5776,5659
5777,5808
5778,5808
5779,5505
5780,5505
5781,3276
5782,5911
5783,5911
5784,5685
5785,5776
5786,5776
5787,5685
5788,5685
5789,5685
5790,5685
5791,5808
5792,5808
5793,5685
5794,5808
5795,5505
5796,5505
5797,5505
5798,5808
5799,5911
5800,5911
5801,5911
5802,5911
5803,5505
5804,5085
5805,5085
5806,5685
5807,5776
5808,5659
5809,4835
5810,5685
5811,4835
5812,5685
5813,5685
5814,5685
5815,5685
5816,5685
5817,5685
5818,5685
5819,5685
5820,5808
5821,5505
5822,5911
5823,5776
5824,4835
5825,5776
5826,4835
5827,5776
5828,5776
5829,5776
5830,5808
5831,5808
5832,5808
5833,5940
5834,5808
5835,5940
5836,5808
5837,5776
5838,5911
5839,5085
5840,5096
5841,5776
5842,4835
5843,4835
5844,5776
5845,5776
5846,5776
5847,5776
5848,5855
5849,5967
5850,5940
5851,5940
5852,5940
5853,5940
5854,5940
5855,5659
5856,5776
5857,5085
5858,3989
5859,5967
5860,5855
5861,4835
5862,5855
5863,5855
5864,5855
5865,5855
5866,5896
5867,5967
5868,5967
5869,5940
5870,5940
5871,5911
5872,5911
5873,5855
5874,5855
5875,5855
5876,5855
5877,5855
5878,5896
5879,5896
5880,5967
5881,5940
5882,5940
5883,3276
5884,5855
5885,5855
5886,5085
5887,5855
5888,4307
5889,5855
5890,5855
5891,5896
5892,5896
5893,5967
5894,5967
5895,5940
5896,5659
5897,5940
5898,5940
5899,5855
5900,4075
5901,5855
5902,5896
5903,5896
5904,5967
5905,5967
5906,5855
5907,5855
5908,5940
5909,5911
5910,5911
5911,3386
5912,5085
5913,5855
5914,5855
5915,5855
5916,5855
5917,5967
5918,5855
5919,5855
5920,5855
5921,5855
5922,5855
5923,5896
5924,5967
5925,5967
5926,5967
5927,5940
5928,5940
5929,5940
5930,5855
5931,4835
5932,5855
5933,5855
5934,5967
5935,5855
5936,5940
5937,5940
5938,5855
5939,5967
5940,5659
5941,5855
5942,5855
5943,5855
5944,5940
5945,5085
5946,5896
5947,5896
5948,5967
5949,5967
5950,5967
5951,5940
5952,5967
5953,5967
5954,5967
5955,5967
5956,5940
5957,5085
5958,5896
5959,5896
5960,5896
5961,5967
5962,5896
5963,5896
5964,5967
5965,5940
5966,5967
5967,5659
5968,4650
5969,5896
5970,5896
5971,5967
5972,5967
5973,5967
5974,5967
5975,5940
5976,5085
5977,5896
5978,1959
5979,6069
5980,6069
5981,2012
5982,6093
5983,1680
5984,1680
5985,1680
5986,5732
5987,6100
5988,5732
5989,5732
5990,1607
5991,1607
5992,1959
5993,1959
5994,1569
5995,5705
5996,5705
5997,5705
5998,6069
5999,6069
6000,2012
6001,1680
6002,1680
6003,1680
6004,5732
6005,6100
6006,5732
6007,5732
6008,1607
6009,1607
6010,6093
6011,6093
6012,5085
6013,5896
6014,5967
6015,5940
6016,5896
6017,5967
6018,4307
6019,1959
6020,1959
6021,1569
6022,1569
6023,5705
6024,5705
6025,6069
6026,2012
6027,2012
6028,2012
6029,2012
6030,2012
6031,1680
6032,1680
6033,1680
6034,6057
6035,1607
6036,1607
6037,6093
6038,1959
6039,1569
6040,5705
6041,6069
6042,6069
6043,6069
6044,2012
6045,2012
6046,2012
6047,2012
6048,5732
6049,6093
6050,6093
6051,3385
6052,1680
6053,2136
6054,1680
6055,5732
6056,6057
6057,1081
6058,5732
6059,5732
6060,1607
6061,1607
6062,6093
6063,1569
6064,1569
6065,5705
6066,5705
6067,5705
6068,6069
6069,3989
6070,6069
6071,2012
6072,2012
6073,2012
6074,6093
6075,1526
6076,1526
6077,6057
6078,1680
6079,1680
6080,6100
6081,5732
6082,1607
6083,6093
6084,1959
6085,1959
6086,5705
6087,5705
6088,6069
6089,2012
6090,2012
6091,2012
6092,6093
6093,2136
6094,6093
6095,1526
6096,1680
6097,1680
6098,1680
6099,6100
6100,1081
6101,5732
6102,1607
6103,6093
6104,6093
6105,6093
