mcc,mnc,arfcn
202,1,10714
202,1,10739
202,1,10764
202,1,2938
202,10,10664
202,10,10689
202,5,10564
202,5,10589
202,5,10614
202,5,10639
202,5,3062
204,16,10811
204,16,10836
204,4,10612
204,8,10761
204,8,3011
206,1,10564
206,1,10589
206,1,2991
206,10,10811
206,10,10836
206,10,3085
206,20,10639
206,20,2958
208,1,10712
208,1,10787
208,1,10812
208,1,10836
208,1,3011
208,10,10564
208,10,10589
208,10,10614
208,10,10762
208,10,3075
208,15,10737
208,15,3037
208,20,10639
208,20,10664
208,20,10688
208,20,2950
212,1,3012
212,10,10836
213,3,10565
213,3,10590
213,3,2963
213,3,2988
213,3,3037
214,1,10713
214,1,10738
214,1,10763
214,1,3062
214,1,3087
214,3,10638
214,3,10663
214,3,10688
214,3,2959
214,4,10563
214,7,10788
214,7,10813
214,7,10838
214,7,3000
214,7,3011
214,7,3032
214,7,3034
216,1,10713
216,1,10738
216,1,10763
216,1,2959
216,30,10564
216,30,10588
216,30,10612
216,30,2959
216,70,10638
216,70,10663
216,70,10688
216,70,3027
218,3,10637
218,3,10662
218,3,10687
218,3,3036
218,5,10713
218,5,10738
218,5,10763
218,5,2987
218,90,10788
218,90,10813
218,90,10838
218,90,3075
219,1,10562
219,1,10587
219,1,3025
219,10,10762
219,10,10787
219,10,2974
219,10,2994
219,2,10637
219,2,10662
219,2,2939
220,1,10788
220,1,10813
220,1,10838
220,1,3069
220,3,10638
220,3,10663
220,3,10688
220,3,3010
220,5,10712
220,5,10737
220,5,10762
221,2,3060
222,1,10638
222,1,10663
222,1,10688
222,1,10713
222,1,2963
222,10,10788
222,10,10813
222,10,10838
222,10,3038
222,50,10563
222,50,10588
222,50,3063
222,88,10563
222,88,10588
222,88,3063
222,99,10563
222,99,10588
222,99,10713
222,99,10738
222,99,10763
222,99,2938
222,99,3063
226,1,10786
226,1,10811
226,1,10836
226,1,2938
226,10,10713
226,10,10738
226,10,10763
226,10,3083
226,5,10564
226,5,2988
226,6,10639
226,6,10664
226,6,10689
226,6,3025
228,1,10713
228,1,3050
228,1,3071
228,1,3074
228,2,10589
228,2,10762
228,2,2938
228,2,2963
228,2,3005
228,2,3011
228,3,10762
228,3,10787
228,3,2938
228,3,2963
230,1,10762
230,1,10787
230,1,10812
230,1,10836
230,2,10564
230,2,10588
230,3,10737
231,1,10563
231,1,10588
231,1,10613
231,1,10637
231,1,2988
231,2,10663
231,2,10688
231,2,10713
231,6,10763
231,6,10788
231,6,10813
231,6,2952
232,1,10564
232,1,10588
232,1,10613
232,1,10637
232,1,3087
232,10,10662
232,10,10687
232,3,10662
232,3,10687
232,3,10836
232,3,2938
232,3,2961
232,5,10662
232,5,10687
234,10,10637
234,10,10661
234,10,2963
234,10,3050
234,15,10687
234,15,10712
234,15,2938
234,15,2987
234,20,10564
234,20,10588
234,20,10612
234,3,10613
234,3,10638
234,3,2937
234,3,2963
234,30,10761
234,30,10786
234,33,10811
234,50,10712
234,50,3063
234,55,10737
234,55,10762
234,55,10813
234,55,10838
234,55,2988
234,55,3013
234,58,10564
234,58,3043
238,1,10687
238,1,3041
238,2,10713
238,2,2940
238,2,3087
238,20,10713
238,20,10738
238,20,2940
238,20,3087
238,6,10562
238,6,10587
238,6,10612
238,6,2997
238,66,10713
238,66,10738
238,66,2940
238,66,3087
240,1,10762
240,1,10787
240,1,10812
240,1,10836
240,1,3084
240,2,10638
240,2,10663
240,2,10688
240,2,10712
240,2,10737
240,2,2938
240,4,10638
240,7,10762
240,7,10787
240,7,10812
240,7,10836
240,8,10563
240,8,10588
240,8,10613
240,8,10638
240,8,10663
240,8,10688
242,1,10712
242,1,10737
242,1,3088
242,2,10564
242,2,10588
242,2,2963
242,2,2996
244,12,10663
244,12,10687
244,12,2942
244,12,2963
244,12,3022
244,14,10564
244,14,10589
244,14,2938
244,5,10563
244,5,10588
244,5,3084
244,91,10663
244,91,10687
244,91,10812
244,91,10837
244,91,2963
244,91,3022
246,1,10663
246,1,3008
246,2,10638
246,2,2938
246,3,10762
246,3,10787
246,3,3087
247,1,10563
247,1,10588
247,1,2988
247,1,3010
247,2,10762
247,2,10787
247,2,10812
247,2,3087
247,5,10663
247,5,10688
247,5,2948
248,1,10713
248,1,3086
248,2,10787
248,2,10812
248,2,10837
248,2,2958
248,3,10663
248,3,10688
248,3,3010
250,1,10713
250,1,10737
250,1,10738
250,1,10762
250,1,2987
250,1,2988
250,1,3009
250,1,3011
250,1,3034
250,1,3036
250,1,3044
250,1,3067
250,2,10638
250,2,10662
250,2,10687
250,2,2938
250,2,2988
250,2,2995
250,2,3009
250,2,3010
250,2,3012
250,2,3020
250,2,3028
250,2,3033
250,2,3040
250,2,3043
250,2,3056
250,2,3059
250,2,3071
250,2,3072
250,2,3075
250,2,3076
250,2,3077
250,2,3079
250,2,3088
250,20,10563
250,20,10564
250,20,10583
250,20,10587
250,20,10588
250,20,10612
250,20,2989
250,20,2994
250,20,3042
250,20,3061
250,30,10638
250,30,10662
250,30,10687
250,32,10713
250,32,10738
250,32,10762
250,33,10638
250,34,10638
250,34,10662
250,60,10788
250,60,10813
250,60,10837
250,8,3043
250,99,10788
250,99,10813
250,99,10836
250,99,2988
250,99,3007
250,99,3012
250,99,3014
250,99,3036
250,99,3062
250,99,3065
255,1,10712
255,1,10737
255,1,10762
255,3,10787
255,3,10812
255,3,10836
255,6,10564
255,6,10588
255,6,10612
255,7,10662
255,99,10637
255,99,10662
255,99,10687
255,99,10737
257,1,10563
257,1,10588
257,1,10613
257,1,10638
257,1,3013
257,1,3078
257,2,10663
257,2,10688
257,2,10713
257,2,10738
257,2,2983
257,2,2987
257,4,10763
257,4,10788
259,1,10640
259,1,10664
259,1,10688
259,1,2937
259,2,10564
259,2,10589
259,2,10614
259,2,3016
259,5,10714
259,5,10738
259,5,10762
259,5,3037
260,1,10713
260,1,10737
260,1,10762
260,1,2963
260,1,3030
260,2,10639
260,2,10663
260,2,10688
260,2,3055
260,2,3064
260,3,10564
260,3,10589
260,3,10614
260,3,3077
260,3,3082
260,6,10787
260,6,10812
260,6,10836
260,6,2938
262,1,10812
262,1,10836
262,2,10564
262,2,10588
262,2,10612
262,3,10639
262,3,10663
262,3,10687
262,3,10712
262,3,10713
262,3,10714
262,3,10737
262,3,10738
262,3,10762
262,3,10786
266,1,10613
266,1,10638
268,1,10614
268,1,10638
268,1,2963
268,3,10688
268,3,10713
268,6,10762
268,6,10787
270,1,10588
270,1,10613
270,77,10712
270,99,10639
270,99,10664
272,1,10712
272,1,10737
272,1,10762
272,1,3063
272,2,10564
272,2,10589
272,2,10613
272,2,10787
272,2,2988
272,2,3010
272,3,10637
272,3,10662
272,3,10687
272,3,2962
272,5,10589
272,5,3010
274,1,10563
274,1,3062
274,1,3087
274,11,10737
274,11,2937
274,2,10762
274,2,2962
276,1,10640
276,1,10664
276,1,10688
276,2,10589
276,2,10614
276,2,10788
276,2,10812
276,2,2942
276,3,10714
276,3,10739
276,3,10762
278,1,10812
278,1,10837
278,21,10564
278,21,10589
278,21,10614
278,77,10688
278,77,2937
280,1,10612
280,1,3060
280,10,10662
280,10,10687
280,10,3024
280,20,10738
282,1,10712
282,1,10737
282,1,10762
282,1,3021
282,2,10637
282,2,10662
282,2,10687
282,2,3047
282,4,10587
282,4,10612
283,1,10788
283,1,10813
283,1,10838
283,1,3004
283,10,10713
283,10,10738
283,10,10763
283,10,2958
283,4,3087
283,5,10638
283,5,10663
283,5,10688
283,5,3087
284,1,10712
284,1,10737
284,1,3016
284,1,3038
284,3,10762
284,3,10787
284,3,10812
284,3,10837
284,3,2977
284,3,2981
284,5,10638
284,5,3065
284,5,3087
286,1,10562
286,1,10587
286,1,10612
286,1,10637
286,1,10812
286,1,10813
286,1,10837
286,1,10838
286,1,2997
286,1,3013
286,1,3018
286,2,10663
286,2,10683
286,2,10688
286,2,10713
286,2,10762
286,2,10787
286,2,3050
286,2,3075
286,3,10738
286,3,10763
286,3,10788
286,3,2938
286,3,2963
288,1,2963
288,1,2988
288,2,2937
289,67,10612
289,67,10637
289,67,10662
289,67,10687
289,67,2937
289,67,2962
289,88,10738
289,88,10763
289,88,10788
289,88,3075
290,1,3013
290,1,3038
293,40,10563
293,40,10588
293,40,10613
293,40,2962
293,41,10789
293,41,10814
293,41,3060
293,64,10637
293,70,10712
293,70,10737
293,70,2937
294,1,10713
294,1,10738
294,1,3017
294,3,10637
294,3,10662
294,3,3069
295,1,3063
295,2,10762
295,2,2938
295,5,10614
295,5,10639
297,1,10613
297,1,10638
297,1,3037
297,2,10712
297,2,10737
297,2,10762
297,2,3088
297,3,10788
297,3,10813
297,3,10837
297,3,2951
297,3,2964
302,220,1012
302,220,1037
302,220,1062
302,220,1087
302,220,4412
302,220,4432
302,220,4439
302,220,487
302,220,512
302,220,537
302,220,562
302,220,587
302,220,612
302,220,637
302,220,662
302,220,687
302,270,1987
302,380,4357
302,380,4387
302,490,1613
302,490,1663
302,490,1987
302,500,1962
302,500,1987
302,500,2012
302,500,2037
302,520,1012
302,520,1037
302,520,412
302,520,437
302,610,1012
302,610,1037
302,610,1062
302,610,1087
302,610,4412
302,610,4432
302,610,4439
302,610,487
302,610,512
302,610,537
302,610,562
302,610,587
302,610,612
302,610,637
302,610,662
302,610,687
302,620,4357
302,660,1012
302,660,1037
302,660,4439
302,660,612
302,660,637
302,720,1007
302,720,1012
302,720,1037
302,720,1062
302,720,1087
302,720,412
302,720,4358
302,720,437
302,720,4383
302,720,4439
302,720,462
302,720,487
302,720,587
302,720,612
302,720,637
302,720,687
302,720,9685
302,780,1087
302,780,512
302,780,537
302,780,612
302,880,1087
302,880,662
302,880,687
310,110,4413
310,110,4438
310,110,9888
310,140,1062
310,140,1087
310,180,4434
310,180,9863
310,180,9888
310,20,1007
310,20,1062
310,20,1087
310,20,4413
310,20,462
310,20,587
310,20,612
310,20,637
310,20,9738
310,20,9838
310,260,1539
310,260,1732
310,260,1937
310,260,1962
310,260,1987
310,260,2012
310,260,2037
310,260,2062
310,260,2087
310,260,412
310,260,437
310,260,462
310,260,487
310,260,512
310,260,537
310,260,562
310,260,587
310,260,612
310,260,637
310,260,662
310,260,687
310,260,9662
310,260,9663
310,260,9666
310,260,9687
310,260,9709
310,260,9712
310,260,9713
310,260,9714
310,260,9715
310,260,9737
310,260,9738
310,260,9739
310,260,9761
310,260,9762
310,260,9763
310,260,9765
310,260,9766
310,260,9785
310,260,9787
310,260,9788
310,260,9809
310,260,9811
310,260,9812
310,260,9813
310,260,9814
310,260,9836
310,260,9837
310,260,9838
310,260,9839
310,260,9841
310,260,9843
310,260,9860
310,260,9861
310,260,9862
310,260,9863
310,260,9864
310,260,9868
310,260,9876
310,260,9886
310,260,9887
310,260,9888
310,260,9889
310,260,9890
310,260,9909
310,260,9913
310,260,9932
310,260,9935
310,260,9936
310,260,9937
310,260,9938
310,320,412
310,320,4358
310,320,562
310,320,587
310,320,612
310,410,1007
310,410,1032
310,410,1037
310,410,1062
310,410,1087
310,410,412
310,410,4357
310,410,4358
310,410,4359
310,410,4360
310,410,437
310,410,4381
310,410,4382
310,410,4383
310,410,4384
310,410,4385
310,410,4408
310,410,4412
310,410,4413
310,410,4435
310,410,4436
310,410,4437
310,410,4438
310,410,4457
310,410,462
310,410,487
310,410,512
310,410,537
310,410,562
310,410,587
310,410,612
310,410,637
310,410,662
310,410,687
310,410,9662
310,410,9663
310,410,9688
310,410,9713
310,410,9737
310,410,9766
310,410,9788
310,410,9850
310,410,9855
310,410,9875
310,410,9899
310,450,412
310,450,4362
310,450,4387
310,450,487
310,450,637
310,450,9687
310,450,9737
310,450,9762
310,450,9787
310,450,9812
310,450,9835
310,450,9837
310,450,9856
310,450,9862
310,450,9887
310,450,9912
310,450,9937
310,470,4358
310,470,4383
310,470,512
310,470,562
310,480,612
310,540,1062
310,570,1007
310,570,1037
310,690,487
311,30,4382
311,30,4386
311,320,4438
311,320,587
311,370,1012
311,370,1037
311,370,1062
311,370,1087
311,370,412
311,370,437
311,370,462
311,370,512
311,370,537
311,40,1007
311,40,1062
311,40,412
311,40,437
311,40,4437
311,40,4438
311,40,462
311,40,487
311,40,512
311,40,537
311,40,562
311,40,587
311,40,612
311,40,637
311,40,687
311,530,9687
311,710,412
311,710,437
311,710,462
311,710,587
311,710,637
311,710,687
311,740,4382
311,740,4412
311,740,4413
311,740,4436
311,740,4438
311,80,1887
311,80,437
311,80,4413
311,80,4438
311,80,487
311,80,512
311,80,587
311,80,687
312,220,462
312,220,487
312,220,562
312,480,1007
312,480,1032
312,480,1887
312,480,4437
312,480,487
312,480,512
312,480,612
312,480,9887
330,110,4411
330,110,4436
330,110,587
334,20,1062
334,20,1087
334,20,4413
334,20,4436
334,20,4437
334,20,9715
334,20,9736
334,20,9862
334,3,1007
334,3,1012
334,3,1037
334,3,512
334,3,537
334,3,562
334,3,587
334,3,637
334,3,662
334,3,687
334,50,1007
334,50,1037
334,50,2087
334,50,412
334,50,437
334,50,512
334,50,662
334,50,687
334,90,1007
334,90,1037
334,90,2087
334,90,412
334,90,437
334,90,512
334,90,662
334,90,687
338,180,4429
338,180,487
338,5,10612
338,5,1062
338,5,10637
338,5,1087
338,5,2992
338,5,2997
338,5,2998
338,5,3003
338,5,3022
338,5,3023
338,5,3027
338,5,3037
338,5,4359
338,5,4384
338,5,4433
338,5,4458
338,5,487
338,5,512
338,5,587
338,5,612
338,5,9738
338,5,9763
338,5,9813
338,5,9873
338,5,9888
338,5,9889
338,5,9898
338,5,9913
338,5,9914
338,50,1062
338,50,10712
338,50,10737
338,50,1087
338,50,4358
338,50,4383
340,1,10565
340,1,10589
340,1,10590
340,1,10639
340,1,10663
340,1,10713
340,1,3012
340,2,10664
340,2,10688
340,2,10713
340,2,10738
340,2,2963
340,2,3088
340,20,10565
340,20,10590
340,20,10614
340,20,10786
340,20,10787
340,20,10811
340,20,10812
340,20,10836
340,20,10837
340,20,2963
340,20,3087
340,3,10688
340,8,10638
340,8,10663
342,600,4406
342,600,4427
344,3,562
344,3,587
344,920,4382
344,920,537
346,140,4365
346,140,4390
348,170,4436
348,570,1007
348,570,1032
348,770,9838
348,770,9863
350,0,4357
350,0,4382
352,110,4375
354,860,4377
356,110,4370
356,110,4391
358,110,4363
360,110,4362
360,110,4383
362,51,10787
362,51,10812
362,51,3037
362,69,10612
362,69,4357
362,69,4382
362,78,3062
362,91,10662
362,91,10687
362,91,10737
362,91,10762
362,91,2988
362,91,3037
362,91,4407
362,91,4412
362,91,4437
363,1,10612
363,1,10637
363,1,3057
363,1,3078
363,2,10662
363,2,10687
364,39,1062
364,39,4411
364,39,4429
364,39,4432
364,39,9863
364,39,9888
364,49,4358
364,49,4383
365,840,4413
366,110,4377
368,1,10562
368,1,10613
368,1,2947
368,1,2972
368,1,2997
370,1,3013
370,1,3038
370,1,3063
370,1,3088
370,1,4388
370,2,1062
370,2,1087
370,2,512
370,4,637
370,4,662
372,3,10563
372,3,10588
372,3,10613
372,3,10638
372,3,10763
372,3,10788
372,3,10813
372,3,10838
374,12,412
374,12,437
374,12,4437
374,130,4384
374,130,9912
374,130,9937
376,350,4366
400,1,10788
400,1,10813
400,1,10838
400,1,3070
400,2,10563
400,2,10588
400,2,10613
400,2,10638
400,2,2988
400,2,3013
401,1,10662
401,1,10687
401,1,10712
401,1,10737
401,1,2999
401,1,3002
401,2,10562
401,2,10587
401,2,10612
401,2,10637
401,7,10763
401,7,2937
401,7,2963
401,7,2965
401,77,10763
401,77,10788
401,77,10813
401,77,10838
401,77,2937
401,77,2938
401,77,2943
401,77,2963
401,77,2965
402,11,10562
402,11,10587
402,11,4407
402,11,4432
402,77,4357
402,77,4382
404,1,10832
404,11,10757
404,11,2988
404,12,10832
404,14,10757
404,15,10657
404,15,10732
404,16,10807
404,19,10733
404,19,10757
404,20,10682
404,20,3013
404,22,10682
404,22,10707
404,22,3019
404,24,10832
404,27,10682
404,3,10757
404,30,10757
404,34,10782
404,38,10782
404,43,10707
404,46,10733
404,46,10757
404,49,10657
404,49,10757
404,5,10807
404,51,10732
404,53,10732
404,54,10782
404,55,10782
404,56,10657
404,56,10682
404,57,10782
404,58,10782
404,59,10732
404,60,10657
404,60,10682
404,62,10732
404,64,10782
404,66,10782
404,66,10807
404,68,10782
404,69,10782
404,7,10807
404,70,10782
404,70,10807
404,71,10782
404,72,10782
404,73,10757
404,73,10782
404,74,10732
404,75,10782
404,76,10782
404,77,10782
404,78,10657
404,78,3014
404,80,10782
404,81,10782
404,82,10807
404,84,10707
404,86,10733
404,90,10733
404,94,10732
404,999,10562
405,51,10758
405,54,10758
405,55,10682
405,56,10657
405,66,10657
405,67,10807
405,70,10657
405,751,10732
405,753,10658
405,753,3019
405,755,10732
405,846,10757
410,1,10662
410,1,10687
410,1,3074
410,3,10637
410,3,3012
410,4,10562
410,4,10587
410,4,10712
410,4,2963
410,5,10712
410,5,10737
410,6,10612
410,6,4383
410,7,10662
410,7,10687
410,7,3074
412,1,10563
412,1,10588
412,1,10813
412,1,10838
412,20,10613
412,20,10638
412,40,10713
412,40,10738
412,50,10663
412,50,10688
412,80,10762
412,80,10787
413,1,10562
413,1,10587
413,1,10762
413,2,10788
413,2,10813
413,2,10838
413,5,10613
413,5,10638
413,9,10663
413,9,10687
413,9,10713
413,9,10738
414,1,10637
414,1,10662
414,1,10687
414,1,3062
414,1,3085
414,1,3087
414,5,10712
414,5,10737
414,5,10762
414,5,2987
414,6,10787
414,6,10812
414,6,10837
414,6,3012
415,1,10663
415,1,10688
415,1,2937
415,1,3087
415,3,10613
415,3,10638
415,3,3000
415,3,3025
416,1,10687
416,1,10712
416,1,10737
416,1,10762
416,3,10812
416,3,10837
416,77,10638
416,77,10663
416,77,10788
416,77,3015
416,77,3016
417,1,10663
417,1,10688
417,2,10613
417,2,10638
418,20,10562
418,20,10587
418,20,10712
418,20,10737
418,20,2970
418,20,2995
418,40,10612
418,40,10637
418,40,3008
418,40,3032
418,5,10662
418,5,10687
418,5,10762
418,5,10787
418,5,3088
419,2,10663
419,2,10688
419,2,2948
419,2,2973
419,2,2985
419,3,10562
419,3,3011
419,3,3032
419,4,10813
419,4,10838
419,4,3062
419,4,3087
420,1,10763
420,1,10788
420,1,10813
420,1,10838
420,1,3037
420,1,3058
420,3,10663
420,3,10688
420,3,10713
420,3,2991
420,3,3000
420,4,10562
420,4,10587
420,4,2955
422,2,10662
422,2,10687
422,2,2963
422,2,3005
422,2,3013
422,3,10562
422,3,10587
422,3,10612
422,3,3075
424,2,10562
424,2,10587
424,2,10612
424,2,10637
424,2,10762
424,2,10787
424,2,2937
424,2,2966
424,2,2986
424,2,2991
424,2,3007
424,3,10662
424,3,10687
424,3,2963
425,1,10662
425,1,10687
425,1,3046
425,1,3067
425,1,3088
425,2,10763
425,2,10788
425,2,4413
425,2,4438
425,29,4438
425,3,1012
425,3,1037
425,3,10713
425,3,10738
425,5,10562
425,5,10587
425,6,10612
425,6,10637
425,7,10662
425,7,10687
425,7,3046
425,7,3088
425,8,10763
425,8,10788
425,8,4413
425,8,4438
426,1,10812
426,1,2986
426,1,3007
426,2,10563
426,4,10713
426,4,10738
426,4,2938
427,1,10813
427,1,10838
427,1,3030
427,1,3071
427,2,10663
427,2,10687
427,2,2939
427,2,2963
428,1,10687
428,1,10712
428,1,4367
428,1,4387
428,1,4412
428,6,10762
428,6,10787
428,88,10613
428,88,10637
428,88,10662
428,88,3087
428,99,10563
428,99,10588
428,99,10813
428,99,10838
428,99,2988
429,1,10813
429,1,10838
429,2,10763
429,2,10788
429,2,3059
432,11,10762
432,11,10787
432,11,10812
432,11,3021
432,11,3028
432,11,3046
432,11,3053
432,11,3062
432,11,3087
432,20,10687
432,20,10712
432,20,10737
432,20,2938
432,20,2963
432,35,10612
432,35,10637
432,35,10662
432,35,2963
432,35,2988
432,35,2993
434,4,10562
434,4,10587
434,4,10612
434,4,3082
434,4,3085
434,5,10638
434,5,10663
434,5,10688
434,7,10712
434,7,10737
434,7,10762
434,8,10787
434,8,10812
434,8,10837
434,8,3058
436,1,10787
436,1,10812
436,1,10837
436,2,10787
436,2,10812
436,2,10837
436,2,2937
436,3,10612
436,3,10637
436,3,10712
436,3,3021
436,4,10562
436,4,10587
436,4,10762
436,4,2962
436,4,2973
436,5,10662
436,5,10687
437,1,10663
437,1,10688
437,1,3040
437,5,10613
437,5,10638
437,5,10763
437,5,10788
437,5,2988
437,5,3014
437,9,10563
437,9,10587
437,9,10813
437,9,10837
437,9,2938
437,9,2962
438,2,10562
438,2,10587
438,2,10612
438,2,10712
438,2,10737
438,2,10762
438,2,2998
438,2,3085
440,10,1037
440,10,1062
440,10,10736
440,20,10812
440,20,10837
440,20,3038
450,5,10713
450,5,10737
450,8,10836
452,1,10562
452,1,10587
452,1,10612
452,1,3088
452,2,10788
452,2,10813
452,2,10838
452,2,3003
452,4,10638
452,4,10663
452,4,10688
452,4,10713
452,4,10738
452,4,3038
452,5,10738
452,5,10763
452,5,2964
454,0,10663
454,0,10687
454,0,2987
454,13,10638
454,19,10663
454,19,10687
454,19,2987
454,3,10836
454,3,2962
454,6,10564
454,6,4400
455,0,10612
455,1,10837
455,5,10737
455,5,3087
456,1,10762
456,1,10787
456,1,10812
456,1,10837
456,1,2978
456,6,10637
456,6,3087
456,8,10663
456,8,10688
456,8,10713
456,8,10738
457,1,10612
457,1,10638
457,1,10663
457,1,2937
457,1,2961
457,1,3075
457,1,3076
457,1,3080
457,2,10813
457,2,10838
457,3,10688
457,3,10713
457,3,10738
457,3,10763
457,3,10788
457,8,10562
457,8,10587
460,1,10663
460,1,10688
460,1,10713
460,1,10738
460,1,10763
460,1,10788
460,1,10813
460,1,10836
460,1,10838
460,1,3055
460,1,3058
460,1,3059
460,1,3080
460,1,3083
460,1,3085
460,1,3087
460,1,3088
466,1,10613
466,89,10638
466,89,2962
466,92,10762
466,92,10787
466,92,10812
466,92,3037
466,97,10738
467,5,10562
467,5,10587
467,5,10612
467,5,10637
470,1,10638
470,1,10663
470,2,10688
470,2,10712
470,2,3045
470,3,10588
470,3,10613
470,4,10763
470,4,10788
472,1,10788
472,1,10813
472,1,10838
472,1,2963
472,2,10613
472,2,10638
472,2,10663
472,2,10688
472,2,10713
472,2,3088
502,12,10637
502,12,10662
502,12,3075
502,16,10787
502,16,10812
502,16,10837
502,18,10562
502,18,10587
502,18,10612
502,18,3037
502,19,10712
502,19,10737
502,19,10762
502,19,3012
505,1,10638
505,1,10788
505,1,10813
505,1,4387
505,1,4412
505,1,4436
505,2,10588
505,2,10663
505,2,10688
505,2,10713
505,2,10737
505,2,10763
505,2,3030
505,2,3038
505,2,3046
505,3,10837
505,3,3081
505,3,3085
510,1,10813
510,1,10838
510,1,3013
510,10,10638
510,10,10663
510,10,10688
510,10,2963
510,11,10713
510,11,10738
510,11,10763
510,11,3087
510,89,10563
510,89,10588
510,89,10613
514,1,10638
514,1,10663
514,1,10688
514,2,10562
514,2,10587
514,2,10612
514,2,3087
514,2,4382
514,3,10712
514,3,10737
514,3,10762
514,3,10787
514,3,3021
515,2,10688
515,2,10713
515,2,2988
515,2,3066
515,2,3087
515,3,10562
515,3,10587
515,3,10612
515,3,10662
515,3,2962
515,3,3037
515,3,4362
515,3,4387
520,0,4358
520,0,4383
520,0,4408
520,15,10762
520,15,10788
520,15,10812
520,15,10837
520,18,4433
520,2,4358
520,3,10713
520,3,10737
520,3,10762
520,3,10788
520,3,10812
520,3,10837
520,3,3018
520,3,3037
520,4,10638
520,5,10563
520,5,4433
525,1,10639
525,1,10812
525,1,3088
525,3,10713
525,3,10737
525,5,10563
525,5,10588
525,5,10613
525,5,2947
528,1,10663
528,1,10688
528,1,10713
528,1,10738
528,1,3088
528,11,10663
528,11,10688
528,11,10713
528,11,10738
528,11,3088
528,2,10562
528,2,10587
528,2,10612
528,2,10637
530,1,10564
530,1,10588
530,1,3065
530,1,3086
530,24,10788
530,24,10813
530,24,2988
530,24,3011
530,5,1012
530,5,1037
530,5,1062
530,5,10713
530,5,10738
530,5,10763
537,1,3055
537,2,4363
537,2,4388
537,3,2986
537,3,3009
539,1,2963
539,1,3071
539,88,2937
539,88,2988
540,1,10562
540,1,10587
540,1,4358
540,1,4387
540,2,10662
540,2,10687
541,1,10563
541,1,3017
541,5,10562
541,5,2962
541,5,3050
542,1,10563
542,1,10588
542,1,10613
542,2,10662
542,2,10687
542,2,10712
542,2,2988
542,2,3050
542,2,3075
542,2,3087
543,1,2938
544,110,4357
544,110,4382
545,1,3063
545,1,3088
545,2,2988
546,1,10762
546,1,10787
546,1,10812
546,1,2937
546,1,2962
547,15,2963
547,15,3087
547,20,10636
547,20,10661
547,20,2939
548,1,2940
548,1,2980
548,1,3020
549,0,3061
549,0,3088
549,27,2937
549,27,2962
550,1,3063
550,1,3088
552,1,2987
552,1,3012
552,1,3037
602,1,10612
602,1,10637
602,1,10662
602,1,2988
602,1,3009
602,2,10662
602,2,10687
602,2,10712
602,2,10762
602,2,10787
602,2,10812
602,2,10837
602,2,3062
602,2,3066
602,2,3087
602,3,10687
602,3,10712
602,3,10812
602,3,10837
602,3,2937
602,3,2962
603,1,10562
603,1,10563
603,1,10587
603,1,10588
603,1,10612
603,1,10613
603,1,3070
603,2,10763
603,2,10788
603,2,10813
603,2,2996
603,3,10688
603,3,10713
603,3,10738
603,3,3038
604,0,10712
604,0,10737
604,0,10762
604,0,3087
604,1,10563
604,1,10788
604,1,10813
604,1,10838
604,1,3032
604,2,10637
604,2,10662
604,2,10687
604,2,2956
604,2,2977
605,1,10763
605,1,10788
605,1,10813
605,1,10838
605,1,2959
605,2,10688
605,2,10713
605,2,10738
605,2,3024
605,3,10563
605,3,10588
605,3,10613
605,3,10638
605,3,3050
606,0,10562
606,0,10587
606,0,10612
606,0,3052
606,0,3073
606,0,3087
606,1,10698
606,1,10723
606,1,3027
607,1,10712
607,2,10637
607,2,10662
607,2,10687
607,2,2939
607,4,10562
607,4,10587
607,4,10612
608,1,10612
608,1,10712
608,1,10737
608,1,10762
608,1,3019
608,1,3026
608,2,10788
608,2,10813
608,2,10838
608,2,3060
608,2,3088
608,3,10637
608,3,10662
609,1,10638
609,1,10663
609,1,3000
609,10,10562
609,10,10587
609,10,10612
609,2,10712
609,2,10737
609,2,10762
609,2,3047
610,1,10637
610,1,10663
610,1,10688
610,2,10787
610,2,10812
610,2,10837
610,2,3004
610,3,10587
611,1,10587
611,1,10612
611,1,10637
611,1,3020
611,4,10713
611,4,10738
611,5,10662
611,5,10687
612,2,10712
612,2,10737
612,2,10762
612,2,2950
612,3,10637
612,3,10662
612,3,10687
612,3,3088
612,5,10562
612,5,10587
612,5,10612
612,5,3030
613,1,10563
613,1,10588
613,1,10613
613,1,2964
613,2,10663
613,2,10688
613,2,10713
613,2,3036
613,3,10762
613,3,10787
613,3,10812
614,1,10775
614,2,10639
614,2,10664
614,2,10689
614,2,3075
614,3,10713
614,3,10738
614,4,10562
614,4,10587
614,4,10612
614,4,2953
615,1,10562
615,1,10587
615,1,10612
615,1,10637
615,1,2940
615,3,10787
615,3,10812
615,3,10837
615,3,2961
616,2,10562
616,2,10587
616,2,10612
616,2,2937
616,3,10637
616,3,10662
616,3,10687
616,3,2962
617,1,10662
617,1,10687
617,1,10712
617,1,3087
617,1,3088
617,10,10812
617,10,10837
617,3,10562
617,3,10587
617,3,2938
618,1,10662
618,1,10687
618,1,10712
618,1,3088
618,7,10563
618,7,10588
619,1,10638
619,1,10663
619,1,10688
619,1,3012
619,5,10563
619,5,10713
619,5,10738
619,5,10763
619,7,10787
619,7,10812
619,7,10837
619,7,2965
619,7,2987
620,1,10787
620,1,10812
620,1,10837
620,1,3082
620,2,10562
620,2,10587
620,2,10612
620,2,3043
620,3,10637
620,3,10662
620,3,10737
620,3,10762
620,7,10687
620,7,10712
621,20,10712
621,20,10737
621,30,10562
621,30,10587
621,30,3063
621,50,10613
621,50,10638
621,60,10662
621,60,10687
622,1,10562
622,1,10587
622,1,3013
622,3,10637
622,3,10662
622,3,3061
623,1,10668
623,1,10693
623,1,2937
623,2,10562
623,2,10587
623,3,10616
623,3,10641
623,3,3022
624,1,10787
624,1,10812
624,1,10837
624,1,3001
624,2,10712
624,2,10737
624,2,10762
624,2,3074
624,4,10638
624,4,10663
624,5,2962
625,1,10712
625,1,10737
625,1,10762
625,2,10637
625,2,10662
625,2,10687
626,1,10637
626,1,10662
626,1,10687
626,1,2962
626,2,10713
626,2,10738
626,2,3087
627,1,10712
627,1,10737
627,1,3046
627,3,3072
627,3,4358
628,1,10712
628,1,10737
628,1,10762
628,1,3085
628,3,10637
628,3,10662
628,3,10687
628,3,2995
629,1,10637
629,1,10662
629,1,3049
629,10,10787
629,10,10812
629,10,10837
629,10,2938
630,1,10712
630,1,10737
630,1,3022
630,2,10662
630,2,10687
630,86,10563
630,86,10588
630,86,10613
630,86,10638
630,86,3088
630,89,10588
630,89,10613
630,90,10762
630,90,10787
631,2,10562
631,2,10587
631,2,10612
631,2,10637
631,2,3087
631,4,10763
631,4,10788
631,4,10813
631,4,10838
631,4,2988
632,2,10637
632,2,10662
632,2,2938
632,2,2960
632,2,2962
632,3,10562
632,3,10587
632,3,10612
633,1,10690
633,1,10715
633,1,10740
633,10,10562
633,10,10588
633,10,3050
634,1,10687
634,1,10712
634,1,10737
634,1,3037
634,2,10563
634,2,10588
634,2,10613
634,2,3014
634,7,10763
634,7,10788
634,7,10813
634,7,10838
635,10,10662
635,10,10712
635,10,10737
635,10,10762
635,10,2962
635,13,10562
635,13,10587
635,13,3037
635,14,10562
635,14,10587
635,14,10612
635,14,10637
635,14,3037
636,1,10562
636,1,10587
636,1,10612
636,1,10637
636,1,10663
636,1,10688
636,1,3050
637,1,10562
637,1,10587
637,1,10612
637,1,10637
637,1,10812
637,1,10837
637,1,2937
637,20,10562
637,20,10587
637,20,10612
637,20,10637
637,20,10762
637,20,10787
637,30,10712
637,30,10737
637,30,10762
637,30,10787
637,30,10812
637,30,10837
637,50,10562
637,50,10587
637,50,10612
637,50,10637
637,50,10762
637,50,10787
637,71,10562
637,71,10587
637,71,10662
637,71,10690
637,82,10663
637,82,10688
638,1,10688
638,1,10713
638,1,3000
639,2,10562
639,2,10587
639,2,2949
639,2,2971
639,3,10612
639,3,10637
639,3,3087
639,7,10787
639,7,10812
639,7,3037
639,7,3038
640,2,10613
640,2,10638
640,2,10662
640,2,10687
640,2,3013
640,3,10613
640,3,10638
640,3,10662
640,3,10687
640,3,2988
640,4,10714
640,4,10739
640,4,10764
640,4,2962
640,4,3075
640,5,10812
640,5,10837
640,5,3038
640,5,3039
640,7,10787
640,9,10562
640,9,10587
641,1,10612
641,1,10637
641,1,10762
641,1,10787
641,1,2963
641,10,10712
641,10,10737
641,10,10837
641,10,3078
641,14,10562
641,14,10587
641,14,2938
641,18,10662
642,3,10637
642,3,10662
642,7,10562
642,7,10587
642,7,10612
642,8,10712
642,8,10737
642,8,10762
642,8,10787
642,82,10687
642,82,10812
642,82,10837
643,1,10812
643,1,10837
643,3,10638
643,3,10663
643,3,10688
643,4,10612
643,4,10712
643,4,10737
643,4,10762
645,1,10760
645,1,10762
645,1,10787
645,1,10802
645,1,10812
645,1,10837
645,1,2960
645,1,2962
645,2,10662
645,2,10687
645,2,10712
645,2,10737
645,2,3037
645,3,10562
645,3,10587
646,1,10662
646,1,10687
646,1,3079
646,2,10712
646,2,10737
646,2,3036
646,4,10562
646,4,10587
646,4,10612
646,4,2986
646,5,10787
647,0,10663
647,0,10688
647,0,3001
647,0,3011
647,0,3019
647,0,3022
647,10,10787
647,10,10811
647,10,3087
647,2,10589
647,2,10737
647,2,2955
647,2,2987
647,3,10737
647,3,2955
648,1,10662
648,1,10687
648,1,2998
648,3,10612
648,3,10637
648,4,10562
648,4,10587
648,4,3087
648,4,3088
649,1,10562
649,1,10587
649,1,10612
649,1,10637
649,1,2937
649,1,3027
649,3,3088
650,1,10638
650,1,10663
650,1,10688
650,1,3073
650,10,10713
650,10,10738
650,10,3017
651,1,10562
651,1,10587
651,1,10612
651,1,10637
651,1,2938
651,1,2962
651,2,10663
651,2,10688
651,2,10713
651,2,3086
651,2,3088
652,1,10787
652,1,10812
652,1,10837
652,1,2991
652,2,10638
652,2,10663
652,2,10688
652,4,10737
652,4,10762
653,10,10587
653,10,10612
653,10,10637
653,10,3051
653,2,2937
653,2,2962
654,1,10775
654,1,10800
654,1,2964
654,1,2989
654,2,10562
654,2,2937
655,1,10562
655,1,10587
655,1,10612
655,1,2985
655,1,2986
655,1,2988
655,1,3006
655,10,10712
655,10,10737
655,10,10762
655,10,3066
655,10,3087
655,10,3088
655,2,10813
655,2,10838
655,5,10562
655,5,10587
655,5,10612
655,5,2985
655,5,2988
655,7,10637
655,7,10638
655,7,10662
655,7,10687
655,7,10712
655,7,10737
655,7,2937
655,7,2958
655,7,2962
655,7,3088
657,1,10662
659,2,10563
659,2,10588
659,2,10613
659,2,2937
659,6,10687
659,6,10712
659,6,10737
702,67,1062
702,67,612
702,67,637
702,69,4357
704,1,9663
704,1,9684
704,1,9705
704,2,4363
704,2,4384
704,3,9663
704,3,9684
704,3,9705
706,1,9767
706,1,9788
706,1,9809
706,2,3029
706,2,3054
706,3,4387
706,3,487
706,3,587
706,4,1062
706,4,1087
706,4,637
708,1,512
708,1,537
708,1,562
708,1,587
708,2,4357
708,2,4378
708,2,4400
710,21,412
710,21,437
710,21,4413
710,21,462
710,21,637
710,21,662
710,21,687
710,300,4357
710,300,4382
710,300,587
710,300,612
712,1,10613
712,1,10637
712,1,4358
712,1,4383
712,1,4406
712,3,10662
712,3,10687
712,3,10712
712,4,10813
712,4,10837
712,4,4457
714,1,4413
714,1,4438
714,1,687
714,20,4358
714,20,4383
714,20,9863
714,20,9888
714,3,537
714,3,562
714,3,587
714,3,9818
714,3,9839
714,4,412
714,4,9712
716,10,1062
716,10,1087
716,10,9664
716,15,3085
716,15,3088
716,15,9898
716,15,9918
716,15,9938
716,17,487
716,17,587
716,17,612
716,17,9841
716,17,9862
716,6,4362
716,6,4387
716,6,9768
716,6,9793
722,310,1062
722,310,1087
722,310,512
722,310,537
722,310,637
722,310,662
722,310,9691
722,310,9714
722,34,3062
722,34,4358
722,34,4363
722,34,4379
722,34,4382
722,34,4384
722,34,9788
722,34,9813
722,34,9834
722,34,9868
722,34,9889
722,34,9912
722,34,9937
722,7,1007
722,7,1037
722,7,1062
722,7,1087
722,7,4358
722,7,4363
722,7,437
722,7,4382
722,7,4387
722,7,462
722,7,487
722,7,9676
722,7,9700
722,7,9938
724,10,10713
724,10,10787
724,10,10808
724,10,10811
724,10,10832
724,10,4358
724,10,4379
724,11,10587
724,11,10612
724,11,10638
724,11,10662
724,11,10713
724,11,10787
724,11,10808
724,11,10811
724,11,10812
724,11,10832
724,11,4358
724,11,4360
724,11,4379
724,11,4385
724,11,4413
724,11,4414
724,11,4436
724,15,4384
724,16,10562
724,16,10587
724,16,10612
724,16,10687
724,16,10712
724,19,10638
724,19,10662
724,19,4360
724,19,4385
724,2,10563
724,2,10588
724,2,10612
724,2,10638
724,2,10662
724,2,4360
724,2,4362
724,2,4379
724,2,4383
724,2,4385
724,2,4413
724,2,4437
724,23,10713
724,23,10787
724,23,10811
724,23,10832
724,23,4360
724,23,4385
724,28,10587
724,28,10612
724,28,4436
724,3,10612
724,3,10638
724,3,10662
724,3,10738
724,3,10762
724,3,3088
724,31,10563
724,31,10588
724,31,10613
724,31,10738
724,31,10763
724,32,10637
724,32,10663
724,32,4359
724,32,4386
724,33,10737
724,33,10763
724,33,4359
724,33,4386
724,34,10637
724,34,10663
724,34,10687
724,34,10713
724,34,4359
724,34,4362
724,34,4384
724,34,4386
724,39,10688
724,39,10713
724,4,10625
724,4,10638
724,4,10662
724,4,10738
724,4,10762
724,4,4358
724,4,4363
724,4,4382
724,4,4387
724,5,10563
724,5,10587
724,5,10588
724,5,10612
724,5,10613
724,5,10638
724,5,10639
724,5,10662
724,5,10663
724,5,10713
724,5,10738
724,5,10739
724,5,10762
724,5,10763
724,5,10787
724,5,10811
724,5,10812
724,5,10832
724,5,10838
724,5,4359
724,5,4379
724,5,4384
724,5,4414
724,5,4436
724,5,4437
724,5,4438
724,6,10587
724,6,10612
724,6,1062
724,6,10687
724,6,10713
724,6,10787
724,6,10811
724,6,10812
724,6,10832
724,6,10835
724,6,10837
724,6,1087
724,6,4357
724,6,4358
724,6,4364
724,6,4379
724,6,4389
724,6,4411
724,6,4414
724,6,4418
724,6,4432
724,6,4436
724,6,4439
730,1,3048
730,1,3073
730,1,412
730,1,437
730,1,662
730,1,687
730,2,4358
730,2,4379
730,2,4383
730,2,587
730,2,612
730,2,9736
730,21,3048
730,21,3073
730,23,3048
730,23,3073
730,23,412
730,23,437
730,3,4414
730,3,4437
730,3,9768
730,3,9791
730,3,9814
730,8,1537
730,9,1613
730,9,1638
732,101,4364
732,101,4387
732,101,9685
732,101,9712
732,103,637
732,103,662
732,103,687
732,103,9825
732,103,9863
732,103,9888
732,123,4420
732,123,4443
732,123,4444
732,123,9749
732,123,9751
732,123,9772
732,123,9774
732,123,9800
732,2,3063
732,2,3069
732,2,3078
734,2,3052
734,2,3053
734,2,3073
734,2,3077
734,2,3078
734,4,1012
734,4,1037
734,4,487
734,4,512
734,4,537
734,4,562
734,4,587
734,4,612
734,4,9796
734,6,9887
734,6,9912
734,6,9937
736,1,9788
736,1,9812
736,1,9813
736,1,9843
736,1,9864
736,1,9885
736,2,412
736,2,437
736,2,4413
736,2,4438
736,2,462
736,3,4357
736,3,4382
736,3,4383
736,3,4387
736,3,662
736,3,687
738,1,4408
738,1,4433
738,1,9912
738,1,9937
738,2,4358
738,2,4383
740,0,4412
740,0,4436
740,0,462
740,0,487
740,0,512
740,0,537
740,1,4366
740,1,4387
740,1,587
740,1,612
740,2,637
740,2,662
740,2,687
744,1,3087
744,1,9812
744,1,9837
744,2,462
744,2,612
744,2,9663
744,2,9688
744,4,4363
744,4,4388
744,4,9888
744,4,9913
744,4,9937
744,5,1062
744,5,1087
744,5,537
744,5,562
746,2,10762
746,2,10787
746,2,10813
746,2,3016
746,3,4382
746,3,4407
748,1,1007
748,1,1032
748,1,10563
748,1,10588
748,1,4380
748,10,637
748,10,662
748,10,687
748,7,4412
748,7,4437
748,7,9713
748,7,9738
748,7,9788
748,7,9813
748,7,9838
901,12,10775
901,12,10800
901,12,10825
901,12,9750
901,18,462
901,18,687
901,18,9695
901,27,10836
901,46,10737
