thread,address,type,date,priority
1,2,1,1581963275,0
2,2,1,1581945816,0
3,2,1,1581773525,0
4,2,1,1581773434,0
5,2,1,1581773022,0
6,2,1,1581772593,0
7,2,1,1581771844,0
8,7,1,1581770708,0
9,2,1,1581770501,0
10,2,1,1581770500,0
11,2,1,1581770411,0
12,2,1,1581770220,0
13,2,1,1581709185,0
14,2,1,1581644986,0
15,2,1,1581644952,0
16,2,1,1581644842,0
17,2,1,1581463517,0
18,2,1,1581192944,0
19,2,1,1580998182,0
20,2,1,1580589690,0
21,2,1,1580481867,0
22,7,1,1580322610,0
23,5,1,1580322522,0
24,2,1,1580322466,0
25,2,1,1580312467,0
26,2,1,1584839485,0
27,2,1,1584839485,0
28,2,1,1584838275,0
29,2,1,1584827982,0
30,2,1,1584827389,0
31,2,1,1584827276,0
32,2,1,1584827261,0
33,2,1,1584806742,0
34,2,1,1584464497,0
35,2,1,1584141067,0
36,2,1,1584055064,0
37,2,1,1583882713,0
38,2,1,1583343774,0
39,2,1,1582893772,0
40,2,1,1582856416,0
41,2,1,1582397526,0
42,2,1,1582397490,0
43,2,1,1582369553,0
44,2,1,1582354678,0
45,2,1,1582323770,0
46,2,1,1582268306,0
47,2,1,1582181337,0
48,2,1,1582149677,0
49,2,1,1584839551,0
89,2,1,1584839905,0
91,5,1,1584883313,0
93,5,1,1584884761,0
95,2,1,1584929004,0
96,2,1,1584926736,0
99,2,1,1582437337,0
101,7,1,1585012712,0
103,2,1,1585012848,0
104,2,1,1585013329,0
107,2,1,1585013951,0
109,2,1,1585014235,0
110,2,1,1585014260,0
111,2,1,1585014408,0
115,2,1,1585014516,0
116,2,1,1585014530,0
119,5,1,1585015107,0
121,2,1,1585096797,0
122,2,1,1585096615,0
123,2,1,1585096382,0
124,2,1,1585083627,0
129,2,1,1585163040,0
130,2,1,1585163015,0
131,2,1,1585203467,0
132,2,1,1585258545,0
133,49,1,1585228505,0
134,49,1,1585228505,0
135,2,1,1585343128,0
136,2,1,1585339708,0
137,2,1,1581772593,0
138,5,1,1584884761,0
139,2,1,1584806742,0
140,2,1,1585163015,0
141,2,1,1584926736,0
142,2,1,1585096615,0
143,2,1,1581644952,0
144,2,1,1585013329,0
145,2,1,1580322466,0
146,2,1,1584464497,0
147,5,1,1584883313,0
149,2,1,1585688438,0
150,2,1,1585930978,0
151,2,1,1585930978,0
163,54,1,1586015899,0
164,2,1,1585962187,0
166,54,1,1586015899,0
167,2,1,1585962187,0
170,54,1,1586015927,0
171,2,1,1586027874,0
172,2,1,1586025427,0
173,2,1,1586025427,0
178,54,1,1586047015,0
180,54,1,1586047015,0
181,54,1,1586015927,0
183,2,1,1586135713,0
184,2,1,1586135713,0
187,2,1,1586135817,0
189,2,1,1586153166,0
190,2,1,1586196470,0
191,2,1,1586196470,0
194,2,1,1586255641,0
196,2,1,1586438775,0
198,2,1,1586488374,0
199,54,1,1586553210,0
202,2,1,1586671387,0
204,2,1,1586719409,0
205,2,1,1586671387,0
206,2,1,1586438775,0
207,2,1,1586255641,0
210,2,1,1586851753,0
211,2,1,1586912041,0
212,2,1,1586912041,0
213,2,1,1586851753,0
214,54,1,1586916233,0
215,54,1,1586916233,0
216,2,1,1587044124,0
217,2,1,1587044055,0
220,2,1,1587044124,0
221,2,1,1587044055,0
