ROWID,message,address,type,position
1,1,2,1,0
2,2,2,1,0
3,3,5,1,0
4,4,7,1,0
5,5,2,1,0
6,6,2,1,0
7,7,2,1,0
8,8,2,1,0
9,9,2,1,0
10,10,2,1,0
11,11,2,1,0
12,12,2,1,0
13,13,2,1,0
14,14,2,1,0
15,15,2,1,0
16,16,2,1,0
17,17,2,1,0
18,18,7,1,0
19,19,2,1,0
20,20,2,1,0
21,21,2,1,0
22,22,2,1,0
23,23,2,1,0
24,24,2,1,0
25,25,2,1,0
26,26,2,1,0
27,27,2,1,0
28,28,2,1,0
29,29,2,1,0
30,30,2,1,0
31,31,2,1,0
32,32,2,1,0
33,33,2,1,0
34,34,2,1,0
35,35,2,1,0
36,36,2,1,0
37,37,2,1,0
38,38,2,1,0
39,39,2,1,0
40,40,2,1,0
41,41,2,1,0
42,42,2,1,0
43,43,2,1,0
44,44,2,1,0
45,45,2,1,0
46,46,2,1,0
47,47,2,1,0
48,48,2,1,0
49,49,2,1,0
50,50,26,1,0
51,51,26,1,0
52,52,26,1,0
53,53,26,1,0
54,54,26,1,0
55,55,2,1,0
56,56,5,1,0
57,57,5,1,0
58,66,26,1,0
59,67,2,1,0
60,68,2,1,0
61,69,5,1,0
62,70,7,1,0
63,71,2,1,0
64,72,2,1,0
65,73,2,1,0
66,74,2,1,0
67,75,2,1,0
68,76,2,1,0
69,77,2,1,0
70,78,2,1,0
71,79,26,1,0
72,80,26,1,0
73,81,2,1,0
74,82,2,1,0
75,83,2,1,0
76,84,2,1,0
77,85,2,1,0
78,86,7,1,0
79,87,2,1,0
80,88,2,1,0
81,89,2,1,0
82,90,2,1,0
83,91,2,1,0
84,92,2,1,0
85,93,2,1,0
86,94,2,1,0
87,95,2,1,0
88,96,2,1,0
89,97,26,1,0
90,98,26,1,0
91,99,26,1,0
92,100,2,1,0
93,101,2,1,0
94,102,2,1,0
95,103,2,1,0
96,104,2,1,0
97,105,2,1,0
98,106,2,1,0
99,107,2,1,0
100,108,2,1,0
101,109,2,1,0
102,110,2,1,0
103,111,2,1,0
104,112,2,1,0
105,113,2,1,0
106,114,2,1,0
107,115,2,1,0
108,116,2,1,0
109,117,2,1,0
110,118,2,1,0
111,119,2,1,0
112,120,2,1,0
113,121,2,1,0
114,122,5,1,0
115,123,5,1,0
116,124,26,1,0
117,125,2,1,0
118,126,2,1,0
119,127,2,1,0
120,128,2,1,0
121,129,2,1,0
122,130,5,1,0
123,131,5,1,0
124,132,2,1,0
125,133,2,1,0
126,134,2,1,0
127,135,2,1,0
128,136,2,1,0
129,137,2,1,0
130,138,7,1,0
131,139,2,1,0
132,140,2,1,0
133,141,2,1,0
134,142,2,1,0
135,143,2,1,0
136,144,2,1,0
137,145,2,1,0
138,146,2,1,0
139,147,5,1,0
140,148,7,1,0
141,149,2,1,0
142,150,2,1,0
143,151,2,1,0
144,152,2,1,0
145,153,2,1,0
146,154,2,1,0
147,155,2,1,0
148,156,2,1,0
149,157,5,1,0
150,158,2,1,0
151,159,2,1,0
152,160,2,1,0
153,161,2,1,0
154,162,2,1,0
155,163,2,1,0
156,164,2,1,0
157,165,2,1,0
158,166,2,1,0
159,167,2,1,0
160,168,2,1,0
161,169,2,1,0
162,170,2,1,0
163,171,2,1,0
164,172,2,1,0
165,173,2,1,0
166,174,2,1,0
167,175,49,1,0
168,176,49,1,0
169,177,2,1,0
170,178,49,1,0
171,179,49,1,0
172,180,2,1,0
173,181,2,1,0
174,182,2,1,0
175,183,2,1,0
176,184,2,1,0
177,185,2,1,0
178,186,2,1,0
179,187,2,1,0
180,188,2,1,0
181,189,2,1,0
182,190,2,1,0
183,191,54,1,0
184,192,2,1,0
185,193,54,1,0
186,194,2,1,0
187,195,54,1,0
188,196,54,1,0
189,197,2,1,0
190,198,2,1,0
191,199,2,1,0
192,200,54,1,0
193,201,54,1,0
194,202,54,1,0
195,203,54,1,0
196,204,2,1,0
197,205,2,1,0
198,206,2,1,0
199,207,54,1,0
200,208,2,1,0
201,209,2,1,0
202,210,2,1,0
203,211,2,1,0
204,212,2,1,0
205,213,2,1,0
206,214,2,1,0
207,215,2,1,0
208,216,2,1,0
209,217,2,1,0
210,218,2,1,0
211,219,2,1,0
212,220,2,1,0
213,221,54,1,0
214,222,2,1,0
215,223,2,1,0
216,224,2,1,0
217,225,2,1,0
218,226,2,1,0
219,227,2,1,0
220,228,2,1,0
221,229,2,1,0
222,230,54,1,0
223,231,2,1,0
224,232,2,1,0
225,233,2,1,0
226,234,2,1,0
227,235,2,1,0
228,236,2,1,0
229,237,2,1,0
230,238,2,1,0
231,239,54,1,0
232,240,54,1,0
233,241,54,1,0
234,242,2,1,0
235,243,2,1,0
236,244,2,1,0
237,245,2,1,0
238,246,2,1,0
239,247,2,1,0
