ROWID,scope,conversation,newest_read_message,display_message,date,read,flagged,has_red_flag,has_orange_flag,has_yellow_flag,has_green_flag,has_blue_flag,has_purple_flag,has_gray_flag,draft,replied,forwarded,redirected,junk_level_set_by_user,junk_level,has_unflagged,has_attachments,count,journaled
1,1,1152693679398518102,25.0,25,1581963275,1,0,0,0,0,0,0,0,0,0,0,0,0,0,2,1,1,1,0
2,1,-5357186689670214628,24.0,24,1581945816,1,0,0,0,0,0,0,0,0,0,0,0,0,0,2,1,0,1,0
3,1,5600925632585292665,23.0,23,1581773525,1,0,0,0,0,0,0,0,0,0,0,0,0,0,2,1,0,1,0
4,1,-6303743845951167792,22.0,22,1581773434,1,0,0,0,0,0,0,0,0,0,0,0,0,0,2,1,0,1,0
5,1,1691632938734562469,21.0,21,1581773022,1,0,0,0,0,0,0,0,0,0,0,0,0,0,2,1,0,1,0
6,1,-5061402589034770031,20.0,20,1581772593,1,0,0,0,0,0,0,0,0,0,0,0,0,0,2,1,0,1,0
7,1,-2138479967756916699,19.0,19,1581771844,1,0,0,0,0,0,0,0,0,0,0,0,0,0,2,1,0,1,0
8,1,8934106926536327260,18.0,18,1581770708,1,0,0,0,0,0,0,0,0,0,0,0,0,0,2,1,0,1,0
9,1,-1190273655973684638,17.0,17,1581770501,1,0,0,0,0,0,0,0,0,0,0,0,0,0,2,1,0,1,0
10,1,-5047677473155794996,16.0,16,1581770500,1,0,0,0,0,0,0,0,0,0,0,0,0,0,2,1,0,1,0
11,1,8518656150607573555,15.0,15,1581770411,1,0,0,0,0,0,0,0,0,0,0,0,0,0,2,1,0,1,0
12,1,-4996725533213504631,14.0,14,1581770220,1,0,0,0,0,0,0,0,0,0,0,0,0,0,2,1,0,1,0
13,1,7102393359209872932,13.0,13,1581709185,1,0,0,0,0,0,0,0,0,0,0,0,0,0,2,1,0,1,0
14,1,-6892095178463786057,12.0,12,1581644986,1,0,0,0,0,0,0,0,0,0,0,0,0,0,2,1,0,1,0
15,1,8209436898097488953,11.0,11,1581644952,1,0,0,0,0,0,0,0,0,0,0,0,0,0,2,1,0,1,0
16,1,-4478795073614248110,10.0,10,1581644842,1,0,0,0,0,0,0,0,0,0,0,0,0,0,2,1,0,1,0
17,1,8223928241515779968,9.0,9,1581463517,1,0,0,0,0,0,0,0,0,0,0,0,0,0,2,1,0,1,0
18,1,-7437857699687355411,8.0,8,1581192944,1,0,0,0,0,0,0,0,0,0,0,0,0,0,2,1,0,1,0
19,1,8565273779747861623,7.0,7,1580998182,1,0,0,0,0,0,0,0,0,0,0,0,0,0,2,1,0,1,0
20,1,5866263849704454379,6.0,6,1580589690,1,0,0,0,0,0,0,0,0,0,0,0,0,0,2,1,0,1,0
21,1,-2496349908042189933,5.0,5,1580481867,1,0,0,0,0,0,0,0,0,0,0,0,0,0,2,1,0,1,0
22,1,2469435521926178119,4.0,4,1580322610,1,0,0,0,0,0,0,0,0,0,0,0,0,0,2,1,0,1,0
23,1,-5832877578389008631,3.0,3,1580322522,1,0,0,0,0,0,0,0,0,0,0,0,0,0,2,1,0,1,0
24,1,7193262899052988233,2.0,2,1580322466,1,0,0,0,0,0,0,0,0,0,0,0,0,0,2,1,0,1,0
25,1,6839622294575302061,1.0,1,1580312467,1,0,0,0,0,0,0,0,0,0,0,0,0,0,2,1,0,1,0
26,1,5137595835139976242,47.0,47,1584839485,1,0,0,0,0,0,0,0,0,0,0,0,0,0,2,1,0,1,0
27,1,-137932586374771158,48.0,48,1584839485,1,0,0,0,0,0,0,0,0,0,0,0,0,0,2,1,0,1,0
28,1,-269712480428455707,46.0,46,1584838275,1,0,0,0,0,0,0,0,0,0,0,0,0,0,2,1,0,1,0
29,1,8782058183630853132,45.0,45,1584827982,1,0,0,0,0,0,0,0,0,0,0,0,0,0,2,1,0,1,0
30,1,-448395472253785828,44.0,44,1584827389,1,0,0,0,0,0,0,0,0,0,0,0,0,0,2,1,0,1,0
31,1,7992755215600840278,43.0,43,1584827276,1,0,0,0,0,0,0,0,0,0,0,0,0,0,2,1,0,1,0
32,1,-2274667692839742103,42.0,42,1584827261,1,0,0,0,0,0,0,0,0,0,0,0,0,0,2,1,0,1,0
33,1,7165909412371320100,41.0,41,1584806742,1,0,0,0,0,0,0,0,0,0,0,0,0,0,2,1,0,1,0
34,1,-6761738157535089717,40.0,40,1584464497,1,0,0,0,0,0,0,0,0,0,0,0,0,0,2,1,1,1,0
35,1,-2008545642577098051,39.0,39,1584141067,1,0,0,0,0,0,0,0,0,0,0,0,0,0,2,1,0,1,0
36,1,2825417098659491495,38.0,38,1584055064,1,0,0,0,0,0,0,0,0,0,0,0,0,0,2,1,0,1,0
37,1,-6119702193866042403,37.0,37,1583882713,1,0,0,0,0,0,0,0,0,0,0,0,0,0,2,1,0,1,0
38,1,-5444960464363896349,36.0,36,1583343774,1,0,0,0,0,0,0,0,0,0,0,0,0,0,2,1,0,1,0
39,1,5388601350215458880,35.0,35,1582893772,1,0,0,0,0,0,0,0,0,0,0,0,0,0,2,1,0,1,0
40,1,528179220946406211,34.0,34,1582856416,1,0,0,0,0,0,0,0,0,0,0,0,0,0,2,1,0,1,0
41,1,6428268331510782901,33.0,33,1582397526,1,0,0,0,0,0,0,0,0,0,0,0,0,0,2,1,0,1,0
42,1,4496447957997685265,32.0,32,1582397490,1,0,0,0,0,0,0,0,0,0,0,0,0,0,2,1,0,1,0
43,1,-427157138122080057,31.0,31,1582369553,1,0,0,0,0,0,0,0,0,0,0,0,0,0,2,1,0,1,0
44,1,1666040244247899261,30.0,30,1582354678,1,0,0,0,0,0,0,0,0,0,0,0,0,0,2,1,0,1,0
45,1,-5385386176217690573,29.0,29,1582323770,1,0,0,0,0,0,0,0,0,0,0,0,0,0,2,1,0,1,0
46,1,-5547796597583174400,28.0,28,1582268306,1,0,0,0,0,0,0,0,0,0,0,0,0,0,2,1,0,1,0
47,1,-7785057591456295489,27.0,27,1582181337,1,0,0,0,0,0,0,0,0,0,0,0,0,0,2,1,0,1,0
48,1,-2854030538994905542,26.0,26,1582149677,1,0,0,0,0,0,0,0,0,0,0,0,0,0,2,1,0,1,0
49,1,7987327653962252277,49.0,49,1584839551,1,0,0,0,0,0,0,0,0,0,0,0,0,0,2,1,0,1,0
89,1,7905211801942990563,55.0,55,1584839905,1,0,0,0,0,0,0,0,0,0,0,0,0,0,2,1,0,1,0
91,1,-9195479158723952412,56.0,56,1584883313,1,0,0,0,0,0,0,0,0,0,0,0,0,0,2,1,1,1,0
93,1,4645140509185206414,57.0,57,1584884761,1,0,0,0,0,0,0,0,0,0,1,0,0,0,2,1,1,1,0
95,1,4015337129947362489,133.0,133,1584929004,1,0,0,0,0,0,0,0,0,0,0,0,0,0,2,1,0,1,0
96,1,-3778383095744072102,132.0,132,1584926736,1,0,0,0,0,0,0,0,0,0,0,0,0,0,2,1,0,1,0
99,2,4920899576466481511,137.0,137,1582437337,1,0,0,0,0,0,0,0,0,0,0,0,0,0,2,1,0,1,0
101,1,7849129870048584285,138.0,138,1585012712,1,0,0,0,0,0,0,0,0,0,0,0,0,0,2,1,0,1,0
103,1,-8989313908678491779,139.0,139,1585012848,1,0,0,0,0,0,0,0,0,0,0,0,0,0,2,1,0,1,0
104,1,-631951485052647864,140.0,140,1585013329,1,0,0,0,0,0,0,0,0,0,0,0,0,0,2,1,0,1,0
107,1,2729828387940125827,141.0,141,1585013951,1,0,0,0,0,0,0,0,0,0,0,0,0,0,2,1,0,1,0
109,1,-1992822115312789504,142.0,142,1585014235,1,0,0,0,0,0,0,0,0,0,0,0,0,0,2,1,0,1,0
110,1,387401289288289630,143.0,143,1585014260,1,0,0,0,0,0,0,0,0,0,0,0,0,0,2,1,0,1,0
111,1,6866796126971542123,144.0,144,1585014408,1,0,0,0,0,0,0,0,0,0,0,0,0,0,2,1,0,1,0
115,1,2313615902158810607,145.0,145,1585014516,1,0,0,0,0,0,0,0,0,0,0,0,0,0,2,1,0,1,0
116,1,-8883006069834285327,146.0,146,1585014530,1,0,0,0,0,0,0,0,0,0,0,0,0,0,2,1,0,1,0
119,1,-1859492429105594592,147.0,147,1585015107,1,0,0,0,0,0,0,0,0,0,0,0,0,0,2,1,0,1,0
121,1,3332026825277639062,162.0,162,1585096797,1,0,0,0,0,0,0,0,0,0,0,0,0,0,2,1,0,1,0
122,1,-7648172013259622505,161.0,161,1585096615,1,0,0,0,0,0,0,0,0,0,0,0,0,0,2,1,0,1,0
123,1,4579854745132544900,160.0,160,1585096382,1,0,0,0,0,0,0,0,0,0,0,0,0,0,2,1,0,1,0
124,1,3910907786299623252,159.0,159,1585083627,1,0,0,0,0,0,0,0,0,0,0,0,0,0,2,1,0,1,0
129,1,-6298874482722982257,169.0,169,1585163040,1,0,0,0,0,0,0,0,0,0,0,0,0,0,2,1,0,1,0
130,1,-475265993225783372,168.0,168,1585163015,1,0,0,0,0,0,0,0,0,0,0,0,0,0,2,1,0,1,0
131,1,8488285743393118773,173.0,173,1585203467,1,0,0,0,0,0,0,0,0,0,0,0,0,0,2,1,0,1,0
132,1,-8943664340524785686,177.0,177,1585258545,1,0,0,0,0,0,0,0,0,0,0,0,0,0,2,1,0,1,0
133,1,8791310151723539192,175.0,175,1585228505,1,0,0,0,0,0,0,0,0,0,0,0,0,0,2,1,0,1,0
134,1,-197886292116969409,176.0,176,1585228505,1,0,0,0,0,0,0,0,0,0,0,0,0,0,2,1,0,1,0
135,1,-6090522692275413645,182.0,182,1585343128,1,0,0,0,0,0,0,0,0,0,0,0,0,0,2,1,0,1,0
136,1,4970986088187506225,181.0,181,1585339708,1,0,0,0,0,0,0,0,0,0,0,0,0,0,2,1,0,1,0
137,3,-5061402589034770031,127.0,127,1581772593,1,0,0,0,0,0,0,0,0,0,0,0,0,0,2,1,0,1,0
138,3,4645140509185206414,131.0,131,1584884761,1,0,0,0,0,0,0,0,0,0,1,0,0,0,2,1,1,1,0
139,3,7165909412371320100,129.0,129,1584806742,1,0,0,0,0,0,0,0,0,0,0,0,0,0,2,1,0,1,0
140,3,-475265993225783372,172.0,172,1585163015,1,0,0,0,0,0,0,0,0,0,0,0,0,0,2,1,0,1,0
141,3,-3778383095744072102,136.0,136,1584926736,1,0,0,0,0,0,0,0,0,0,0,0,0,0,2,1,0,1,0
142,3,-7648172013259622505,167.0,167,1585096615,1,0,0,0,0,0,0,0,0,0,0,0,0,0,2,1,0,1,0
143,3,8209436898097488953,126.0,126,1581644952,1,0,0,0,0,0,0,0,0,0,0,0,0,0,2,1,0,1,0
144,3,-631951485052647864,158.0,158,1585013329,1,0,0,0,0,0,0,0,0,0,0,0,0,0,2,1,0,1,0
145,3,7193262899052988233,125.0,125,1580322466,1,0,0,0,0,0,0,0,0,0,0,0,0,0,2,1,0,1,0
146,3,-6761738157535089717,128.0,128,1584464497,1,0,0,0,0,0,0,0,0,0,0,0,0,0,2,1,1,1,0
147,3,-9195479158723952412,130.0,130,1584883313,1,0,0,0,0,0,0,0,0,0,0,0,0,0,2,1,1,1,0
149,1,-7196015868275375587,185.0,185,1585688438,1,0,0,0,0,0,0,0,0,0,0,0,0,0,2,1,0,1,0
150,1,9061290025525443015,187.0,187,1585930978,1,0,0,0,0,0,0,0,0,0,0,0,0,0,2,1,0,1,0
151,3,9061290025525443015,188.0,188,1585930978,1,0,0,0,0,0,0,0,0,0,0,0,0,0,2,1,0,1,0
163,1,8965796123199500387,191.0,191,1586015899,1,0,0,0,0,0,0,0,0,0,0,0,0,0,2,1,0,1,0
164,1,-6895612913432454801,190.0,190,1585962187,1,0,0,0,0,0,0,0,0,0,0,0,0,0,2,1,0,1,0
166,3,8965796123199500387,193.0,193,1586015899,1,0,0,0,0,0,0,0,0,0,0,0,0,0,2,1,0,1,0
167,3,-6895612913432454801,192.0,192,1585962187,1,0,0,0,0,0,0,0,0,0,0,0,0,0,2,1,0,1,0
170,1,7579337443055424578,196.0,196,1586015927,1,0,0,0,0,0,0,0,0,0,0,0,0,0,2,1,0,1,0
171,1,-1078933640882776797,199.0,199,1586027874,1,0,0,0,0,0,0,0,0,0,0,0,0,0,2,1,0,1,0
172,1,-3205377180171429586,197.0,197,1586025427,1,0,0,0,0,0,0,0,0,0,0,0,0,0,2,1,0,1,0
173,1,-8496388141410733957,198.0,198,1586025427,1,0,0,0,0,0,0,0,0,0,0,0,0,0,2,1,0,1,0
178,1,-5328518848351563547,200.0,200,1586047015,1,0,0,0,0,0,0,0,0,0,0,0,0,0,2,1,0,1,0
180,3,-5328518848351563547,202.0,202,1586047015,1,0,0,0,0,0,0,0,0,0,0,0,0,0,2,1,0,1,0
181,3,7579337443055424578,201.0,201,1586015927,1,0,0,0,0,0,0,0,0,0,0,0,0,0,2,1,0,1,0
183,1,-332418902521824264,208.0,208,1586135713,1,0,0,0,0,0,0,0,0,0,0,0,0,0,2,1,0,1,0
184,3,-332418902521824264,209.0,209,1586135713,1,0,0,0,0,0,0,0,0,0,0,0,0,0,2,1,0,1,0
187,1,9158511179413985761,211.0,211,1586135817,1,0,0,0,0,0,0,0,0,0,0,0,0,0,2,1,0,1,0
189,1,-2317483620235530382,212.0,212,1586153166,1,0,0,0,0,0,0,0,0,0,0,0,0,0,2,1,0,1,0
190,1,-5610870383140551810,215.0,215,1586196470,1,0,0,0,0,0,0,0,0,0,0,0,0,0,2,1,0,1,0
191,3,-5610870383140551810,216.0,216,1586196470,1,0,0,0,0,0,0,0,0,0,0,0,0,0,2,1,0,1,0
194,1,8152685341480264969,218.0,218,1586255641,1,0,0,0,0,0,0,0,0,0,0,0,0,0,2,1,0,1,0
196,1,-988821044973299305,219.0,219,1586438775,1,0,0,0,0,0,0,0,0,0,0,0,0,0,2,1,0,1,0
198,1,-7233916946705371768,220.0,220,1586488374,1,0,0,0,0,0,0,0,0,0,0,0,0,0,2,1,0,1,0
199,1,-2831221396874388855,221.0,221,1586553210,1,0,0,0,0,0,0,0,0,0,0,0,0,0,2,1,0,1,0
202,1,5461373292082691286,222.0,222,1586671387,1,0,0,0,0,0,0,0,0,0,0,0,0,0,2,1,0,1,0
204,1,-5727246641716001898,223.0,223,1586719409,1,0,0,0,0,0,0,0,0,0,0,0,0,0,2,1,0,1,0
205,3,5461373292082691286,226.0,226,1586671387,1,0,0,0,0,0,0,0,0,0,0,0,0,0,2,1,0,1,0
206,3,-988821044973299305,225.0,225,1586438775,1,0,0,0,0,0,0,0,0,0,0,0,0,0,2,1,0,1,0
207,3,8152685341480264969,224.0,224,1586255641,1,0,0,0,0,0,0,0,0,0,0,0,0,0,2,1,0,1,0
210,1,2534127399109977120,,233,1586851753,0,0,0,0,0,0,0,0,0,0,0,0,0,0,2,1,0,1,0
211,1,8140192239618270505,,234,1586912041,0,0,0,0,0,0,0,0,0,0,0,0,0,0,2,1,0,1,0
212,3,8140192239618270505,,236,1586912041,0,0,0,0,0,0,0,0,0,0,0,0,0,0,2,1,0,1,0
213,3,2534127399109977120,,235,1586851753,0,0,0,0,0,0,0,0,0,0,0,0,0,0,2,1,0,1,0
214,1,-3863628830003047948,,240,1586916233,0,0,0,0,0,0,0,0,0,0,0,0,0,0,2,1,0,1,0
215,3,-3863628830003047948,,241,1586916233,0,0,0,0,0,0,0,0,0,0,0,0,0,0,2,1,0,1,0
216,1,5920189952304018033,243.0,243,1587044124,1,0,0,0,0,0,0,0,0,0,0,0,0,0,2,1,0,1,0
217,1,2489604442242670543,242.0,242,1587044055,1,0,0,0,0,0,0,0,0,0,0,0,0,0,2,1,0,1,0
220,3,5920189952304018033,247.0,247,1587044124,1,0,0,0,0,0,0,0,0,0,0,0,0,0,2,1,0,1,0
221,3,2489604442242670543,246.0,246,1587044055,1,0,0,0,0,0,0,0,0,0,0,0,0,0,2,1,0,1,0
