ROWID,message_id,remote_id,document_id,sender,subject_prefix,subject,summary,date_sent,date_received,mailbox,remote_mailbox,flags,read,flagged,deleted,size,conversation_id,date_last_viewed,original_mailbox,visible,sender_vip,encoding,content_type,sequence_identifier,external_id,unique_id,content_index_transaction_id,list_id_hash,journaled,flag_color,searchable_message
1,6839622294575302061,249,,1,,1,31.0,1580312466,1580312467,1,1,549756075009,1,0,0,11184,6839622294575302061,,1,1,0,,6,53303,93A38D70-0A55-4112-8230-CCBC4E9B05B4,1657077726402606778,,0,0,,1
2,7193262899052988233,250,,3,,2,40.0,1580322464,1580322466,1,1,549756075009,1,0,0,24212,7193262899052988233,,1,1,0,,6,53303,F2E7E782-EF41-443D-8760-7C8E2D95F108,1657088211060101237,,0,0,,2
3,-5832877578389008631,251,,4,,3,42.0,1580322521,1580322522,1,1,549756075009,1,0,0,18455,-5832877578389008631,,1,1,0,,6,53303,73282990-1D4D-42A1-934A-9F63DD3D1518,1657088268983466865,,0,0,,3
4,2469435521926178119,252,,6,,4,41.0,1580322607,1580322610,1,1,549756075009,1,0,0,11971,2469435521926178119,,1,1,0,,6,53303,147EABC4-5849-459B-9254-C0A1AA114A89,1657088361905779744,,0,0,,4
5,-2496349908042189933,253,,8,,5,6.0,1580479200,1580481867,1,1,549756075009,1,0,0,27114,-2496349908042189933,,1,1,0,,6,53303,9995C21F-D61A-46C5-8B39-F8D3E68EC10A,1657255354994821604,,0,0,,5
6,5866263849704454379,258,,9,,6,24.0,1580589690,1580589690,1,1,549756075009,1,0,0,4307,5866263849704454379,,1,1,0,,1,53303,347CCDFA-6689-4C30-8A05-C5C4A37C03CD,1657368415227836464,,0,0,,6
7,8565273779747861623,259,,8,,7,4.0,1580997600,1580998182,1,1,549756075009,1,0,0,27161,8565273779747861623,,1,1,0,,6,53303,56BEE9DA-27C3-472C-A567-F80F9B0DE9BA,1657796749731902143,,0,0,,7
8,-7437857699687355411,260,,10,,8,22.0,1581192944,1581192944,1,1,549756075009,1,0,0,7422,-7437857699687355411,,1,1,0,,1,53303,9EDFA99A-D03A-4A4D-B1C3-1B466E4C9B80,1658000973431251103,,0,0,,8
9,8223928241515779968,261,,11,,9,1.0,1581463516,1581463517,1,1,549756075009,1,0,0,84405,8223928241515779968,,1,1,0,,6,53303,F8222D37-40FF-4953-B040-40D748B25212,1658284689615785818,,-817572876086821560,0,,9
10,-4478795073614248110,264,,12,,10,20.0,1581644841,1581644842,1,1,549756075009,1,0,0,12251,-4478795073614248110,,1,1,0,,1,53303,87A8627E-396B-40DF-8E15-82E4D035FB7C,1658474822706405539,,0,0,,10
11,8209436898097488953,265,,12,,11,37.0,1581644951,1581644952,1,1,549756075009,1,0,0,10061,8209436898097488953,,1,1,0,,1,53303,88C108B8-766E-47CA-8407-A06F3402C15A,1658474937516852506,,0,0,,11
12,-6892095178463786057,266,,12,,12,13.0,1581644986,1581644986,1,1,549756075009,1,0,0,12124,-6892095178463786057,,1,1,0,,1,53303,5F297A0A-76D6-482A-8EDE-D76A5080C651,1658474974266419324,,0,0,,12
13,7102393359209872932,267,,8,,13,35.0,1581706800,1581709185,1,1,549756075009,1,0,0,27148,7102393359209872932,,1,1,0,,6,53303,6993DC08-502A-4B89-B309-25D4FA4F7D74,1658542290736516244,,0,0,,13
14,-4996725533213504631,268,,3,,14,10.0,1581770218,1581770220,1,1,549756075009,1,0,0,22579,-4996725533213504631,,1,1,0,,6,53303,065CDF99-B146-4C22-BFA4-24160DCF745C,1658606290838925250,,0,0,,14
15,8518656150607573555,269,,8,,15,29.0,1581770408,1581770411,1,1,549756075009,1,0,0,40446,8518656150607573555,,1,1,0,,6,53303,C5D5141B-07CF-40C1-A38F-C81063D24D8D,1658606490827252285,,0,0,,15
16,-5047677473155794996,270,,8,,15,3.0,1581770498,1581770500,1,1,549756075009,1,0,0,40750,-5047677473155794996,,1,1,0,,6,53303,57FAFB88-92DB-4A1D-905C-91762C1B538E,1658606583998581408,,0,0,,16
17,-1190273655973684638,271,,13,,16,26.0,1581770498,1581770501,1,1,549756075009,1,0,0,31344,-1190273655973684638,,1,1,0,,6,53303,FEC43223-D6ED-428C-A870-D85A404EBF87,1658606584726869580,,0,0,,17
18,8934106926536327260,272,,6,,17,43.0,1581770707,1581770708,1,1,549756075009,1,0,0,5447,8934106926536327260,,1,1,0,,1,53303,B132A5CD-D636-4080-A819-59E0A0621F97,1658606802151836417,,0,0,,18
19,-2138479967756916699,273,,14,,18,18.0,1581771843,1581771844,1,1,549756075009,1,0,0,7480,-2138479967756916699,,1,1,0,,1,53303,7CB33989-9B44-4766-889C-A75DD4B1D07E,1658607993208979483,,0,0,,19
20,-5061402589034770031,274,,4,,19,45.0,1581772593,1581772593,1,1,549756075009,1,0,0,21391,-5061402589034770031,,1,1,0,,6,53303,32AAD748-89B3-46FD-9816-77FBAF3DB296,1658608779124157625,,0,0,,20
21,1691632938734562469,275,,9,,20,17.0,1581773022,1581773022,1,1,549756075009,1,0,0,4258,1691632938734562469,,1,1,0,,1,53303,EE45530D-F268-4618-ADE4-9734D1DAAFC5,1658609229599584288,,0,0,,21
22,-6303743845951167792,276,,1,,1,34.0,1581773427,1581773434,1,1,549756075009,1,0,0,10457,-6303743845951167792,,1,1,0,,6,53303,C0123D9A-2F27-4A55-8EB3-73920085FDC1,1658609661234414750,,0,0,,22
23,5600925632585292665,277,,1,,21,16.0,1581773525,1581773525,1,1,549756075009,1,0,0,11443,5600925632585292665,,1,1,0,,6,53303,6E3C3D09-F97F-40B7-BB25-8CE6C848B908,1658609756493827992,,0,0,,23
24,-5357186689670214628,278,,1,,1,31.0,1581945815,1581945816,1,1,549756075009,1,0,0,11200,-5357186689670214628,,1,1,0,,6,53303,14E32027-FC34-4951-A356-FE7D2D80AF0A,1658790417046016240,,0,0,,24
25,1152693679398518102,279,,15,,22,8.0,1581963275,1581963275,1,1,549756011521,1,0,0,87027,1152693679398518102,,1,1,0,,6,53303,B869510E-1F8C-4540-9C56-947898CD18CC,1658808724125166980,,0,0,,25
26,-2854030538994905542,280,,8,,23,32.0,1582149600,1582149677,1,1,549756075009,1,0,0,31432,-2854030538994905542,,1,1,0,,6,53303,6BA25826-35F3-4D77-8516-3232995473C6,1659004180022235963,,0,0,,26
27,-7785057591456295489,281,,16,,24,7.0,1582181336,1582181337,1,1,549756075009,1,0,0,11966,-7785057591456295489,,1,1,0,,1,53303,F7C48A83-C92F-4005-BF6E-0F38F4AD9607,1659037378213554377,,0,0,,27
28,-5547796597583174400,282,,16,,24,25.0,1582268305,1582268306,1,1,549756075009,1,0,0,11942,-5547796597583174400,,1,1,0,,1,53303,BACB7929-AF6C-4C57-B5D6-292AE84CB10B,1659128571248925102,,0,0,,28
29,-5385386176217690573,283,,8,,25,44.0,1582322400,1582323770,1,1,549756075009,1,0,0,32030,-5385386176217690573,,1,1,0,,6,53303,5BA6449A-8B87-4840-87F2-B7D0CBD6BE36,1659186729597060564,,0,0,,29
30,1666040244247899261,284,,16,,24,23.0,1582354674,1582354678,1,1,549756075009,1,0,0,11952,1666040244247899261,,1,1,0,,1,53303,FA6E2EDE-24DE-41FC-8F8E-D8AD42431969,1659219139270984665,,0,0,,30
31,-427157138122080057,285,,17,,26,46.0,1582369553,1582369553,1,1,549756075009,1,0,0,29896,-427157138122080057,,1,1,0,,6,53303,56E0000E-0201-4BD8-9FB9-1F07913EEAEE,1659234737269079332,,0,0,,31
32,4496447957997685265,286,,1,,27,15.0,1582397489,1582397490,1,1,549756075009,1,0,0,11605,4496447957997685265,,1,1,0,,6,53303,21631FD3-83F5-4852-B06A-0B93FD432676,1659264031413951584,,0,0,,32
33,6428268331510782901,287,,18,,28,39.0,1582397525,1582397526,1,1,549756075009,1,0,0,9128,6428268331510782901,,1,1,0,,6,53303,D1B22474-4034-4CC3-8C4D-D6CA9D8CB0A5,1659264068258726707,,0,0,,33
34,528179220946406211,288,,19,,29,14.0,1582856415,1582856416,1,1,549756075009,1,0,0,76447,528179220946406211,,1,1,0,,6,53303,FA816A88-3006-4CE1-9551-B33311E6C4AC,1659745249351930682,,-8708684574245157161,0,,34
35,5388601350215458880,289,,1,,1,31.0,1582893771,1582893772,1,1,549756075009,1,0,0,11182,5388601350215458880,,1,1,0,,6,53303,E2A64479-474B-410E-A8A1-1820BFFBE363,1659784420289128941,,0,0,,35
36,-5444960464363896349,290,,20,,30,11.0,1583343773,1583343774,1,1,549756075009,1,0,0,23831,-5444960464363896349,,1,1,0,,6,53303,983C54DA-E1D8-4355-B08F-5C3B179EB354,1660256280969016740,,0,0,,36
37,-6119702193866042403,291,,21,,31,30.0,1583882713,1583882713,1,1,549756075009,1,0,0,82163,-6119702193866042403,,1,1,0,,6,53303,AAD151AB-5B94-4270-8E2C-1170ACFD9A80,1660821400697999812,,-8708684574245157161,0,,37
38,2825417098659491495,292,,12,,32,5.0,1584055063,1584055064,1,1,549756075009,1,0,0,11368,2825417098659491495,,1,1,0,,1,53303,FEADCEA4-CB62-447D-BF84-DFE6A4B607A5,1661002122889312243,,0,0,,38
39,-2008545642577098051,293,,21,,33,28.0,1584141066,1584141067,1,1,549756075009,1,0,0,34580,-2008545642577098051,,1,1,0,,6,53303,5898363C-57B6-4CC2-BA9E-20A0C6834970,1661092303644805488,,-8708684574245157161,0,,39
40,-6761738157535089717,294,,15,,22,2.0,1584464496,1584464497,1,1,549756011521,1,0,0,86989,-6761738157535089717,,1,1,0,,6,53303,D45488F1-40D2-4207-B68F-556A6569567B,1661431444785183652,,0,0,,40
41,7165909412371320100,295,,22,,34,21.0,1584806741,1584806742,1,1,549756075009,1,0,0,18162,7165909412371320100,,1,1,0,,6,53303,EF25D11E-AFE5-4BD2-BFDB-7C128A6E1110,1661790315235445716,,0,0,,41
42,-2274667692839742103,296,,23,,35,38.0,1584827261,1584827261,1,1,549756075009,1,0,0,118608,-2274667692839742103,,1,1,0,,6,53303,D331C02F-17A2-46B4-8E0E-44034AD3D061,1661811830494133183,,0,0,,42
43,7992755215600840278,297,,24,,36,19.0,1584827276,1584827276,1,1,549756075009,1,0,0,19426,7992755215600840278,,1,1,0,,6,53303,9CC5AA6C-EAD3-4DD0-B6A4-4606676B68DB,1661811846196563337,,0,0,,43
44,-448395472253785828,298,,24,,37,36.0,1584827389,1584827389,1,1,549756075009,1,0,0,19620,-448395472253785828,,1,1,0,,6,53303,24A412C9-34EB-4650-85A6-390BB5781FAE,1661811965094221602,,0,0,,44
45,8782058183630853132,299,,25,,38,12.0,1584827981,1584827982,1,1,549756075009,1,0,0,19776,8782058183630853132,,1,1,0,,6,53303,44387004-3097-4AA0-A8E1-1BC23776C030,1661812586374737356,,0,0,,45
46,-269712480428455707,300,,24,,39,33.0,1584838274,1584838275,1,1,549756075009,1,0,0,19439,-269712480428455707,,1,1,0,,6,53303,47DE3CB3-EC2C-476B-AAD9-C15C66967C7A,1661823379277793658,,0,0,,46
47,5137595835139976242,301,,1,,1,9.0,1584839484,1584839485,1,1,549756075009,1,0,0,11176,5137595835139976242,,1,1,0,,6,53303,8311D2A2-D24B-46A5-87E4-2D00B0F83EDD,1661824648179609419,,0,0,,47
48,-137932586374771158,302,,1,,1,27.0,1584839484,1584839485,1,1,549756075009,1,0,0,11036,-137932586374771158,,1,1,0,,6,53303,9A0240E8-6EA6-4A52-AC09-C93EC2C67EAD,1661824648466891842,,0,0,,48
49,7987327653962252277,303,,1,,40,47.0,1584839551,1584839551,1,1,549756075009,1,0,0,37805,7987327653962252277,,1,1,0,,6,53303,00D51202-B4AE-4265-AADF-76800C213638,1661824718036593058,,0,0,,49
50,-918148931411098107,20,,5,,41,49.0,1581648333,1581648333,5,5,197633,1,0,0,5293644,-918148931411098107,,5,1,0,,6,46330,84D3F6B8-0CE1-416A-B338-E4E64C67B1F6,1658478483474225335,,0,0,,50
51,1745611263246794371,21,,5,,42,51.0,1581648704,1581648704,5,5,198657,1,0,0,9198173,1745611263246794371,,5,1,0,,6,46330,37999921-3A63-4165-907C-198EB978E2CE,1658478872392583843,,0,0,,51
52,-3379217471912024171,22,,5,,43,50.0,1582298839,1582298839,5,5,200705,1,0,0,595588,-3379217471912024171,,5,1,0,,6,46330,15D631EF-CEDF-433D-B86B-E2F29C816CC2,1659160586375536554,,0,0,,52
53,8225245318363247275,23,,5,,43,52.0,1582299216,1582299216,5,5,197633,1,0,0,155358,8225245318363247275,,5,1,0,,6,46330,E50989A2-9069-451A-8B0B-72D06FD0947C,1659160982225612424,,0,0,,53
54,-5884663905115015518,24,,5,,43,48.0,1582299321,1582299321,5,5,200705,1,0,0,618830,-5884663905115015518,,5,1,0,,6,46330,84D5226F-342C-406E-ACB0-B88023456EF2,1659161091921059778,,0,0,,54
55,7905211801942990563,304,,22,,44,53.0,1584839905,1584839905,1,1,549756075009,1,0,0,19179,7905211801942990563,,1,1,0,,6,53303,8BF70D50-AD9A-4CAD-B714-27DDFD50EC15,1661825088828597299,,0,0,,55
56,-9195479158723952412,305,,26,,45,54.0,1584883309,1584883313,1,1,549756015617,1,0,0,5976295,-9195479158723952412,,1,1,0,,6,53303,CB907E94-5566-4A7E-90E8-16261B42EA04,1661870605435565884,,0,0,,56
57,4645140509185206414,306,,26,,46,55.0,1584884759,1584884761,1,1,549756012549,1,0,0,328033,4645140509185206414,,1,1,0,,6,53303,405EC72A-6DF2-4336-8566-79D775DF9C01,1661872123426112103,,0,0,,57
66,8156502482184656936,25,,5,Re: ,46,69.0,1584884890,1584884891,5,5,261121,1,0,0,1012,4645140509185206414,,5,1,0,,1,46330,7F7DB3EC-0030-430A-A5A7-632BEA3981E4,1661872260575781788,,0,0,,66
67,6839622294575302061,304,,1,,1,31.0,1580312466,1580312467,3,3,549756075009,1,0,0,11184,6839622294575302061,,3,1,0,,6,53303,40993EE2-B665-4BEE-BFC9-6B84A283C8E0,1657077726402606778,,0,0,,67
68,7193262899052988233,305,,3,,2,40.0,1580322464,1580322466,3,3,549756075009,1,0,0,24212,7193262899052988233,,3,1,0,,6,53303,1CB174AC-AAEA-4B17-932D-33B31BAB1F5A,1657088211060101237,,0,0,,68
69,-5832877578389008631,306,,4,,3,42.0,1580322521,1580322522,3,3,549756075009,1,0,0,18455,-5832877578389008631,,3,1,0,,6,53303,18E248F4-4D3C-4510-861D-B1C1246B1B74,1657088268983466865,,0,0,,69
70,2469435521926178119,307,,6,,4,41.0,1580322607,1580322610,3,3,549756075009,1,0,0,11971,2469435521926178119,,3,1,0,,6,53303,E70AF34F-EE89-4E6B-97FE-63B8DA2980A7,1657088361905779744,,0,0,,70
71,-2496349908042189933,308,,8,,5,6.0,1580479200,1580481867,3,3,549756075009,1,0,0,27114,-2496349908042189933,,3,1,0,,6,53303,7DAED37F-29E6-4144-96DF-7BD49F41E498,1657255354994821604,,0,0,,71
72,5866263849704454379,313,,9,,6,24.0,1580589690,1580589690,3,3,549756075009,1,0,0,4307,5866263849704454379,,3,1,0,,1,53303,7903F89C-9301-4097-8524-E263F3D50A96,1657368415227836464,,0,0,,72
73,8565273779747861623,314,,8,,7,4.0,1580997600,1580998182,3,3,549756075009,1,0,0,27161,8565273779747861623,,3,1,0,,6,53303,FB12F348-7FBF-4850-8C14-999D6F271077,1657796749731902143,,0,0,,73
74,-7437857699687355411,315,,10,,8,22.0,1581192944,1581192944,3,3,549756075009,1,0,0,7422,-7437857699687355411,,3,1,0,,1,53303,7A0A498B-D31F-4DBA-9DB0-ECD827F67317,1658000973431251103,,0,0,,74
75,8223928241515779968,316,,11,,9,1.0,1581463516,1581463517,3,3,549756075009,1,0,0,84405,8223928241515779968,,3,1,0,,6,53303,08AD6286-B9DB-41EA-ACB4-E04B6C119F5A,1658284689615785818,,-817572876086821560,0,,75
76,-4478795073614248110,317,,12,,10,20.0,1581644841,1581644842,3,3,549756075009,1,0,0,12251,-4478795073614248110,,3,1,0,,1,53303,3DB5715D-E616-407D-B007-6DD0B78872C3,1658474822706405539,,0,0,,76
77,8209436898097488953,318,,12,,11,37.0,1581644951,1581644952,3,3,549756075009,1,0,0,10061,8209436898097488953,,3,1,0,,1,53303,A2F79C6B-D4AF-4007-9607-5D6361D90CC9,1658474937516852506,,0,0,,77
78,-6892095178463786057,319,,12,,12,13.0,1581644986,1581644986,3,3,549756075009,1,0,0,12124,-6892095178463786057,,3,1,0,,1,53303,1542BA5A-B240-48FA-918A-C2029FF1278E,1658474974266419324,,0,0,,78
79,-918148931411098107,325,,5,,41,49.0,1581648333,1581648333,3,3,197633,1,0,0,5293644,-918148931411098107,,3,1,0,,6,53303,E08FFD57-4904-491F-A35D-BD1DFA837287,1658478483474225335,,0,0,,79
80,1745611263246794371,333,,5,,42,51.0,1581648704,1581648704,3,3,198657,1,0,0,9198173,1745611263246794371,,3,1,0,,6,53303,F42F9EB3-78D0-4CBD-9C9F-DD7EA57FDC3C,1658478872392583843,,0,0,,80
81,7102393359209872932,334,,8,,13,35.0,1581706800,1581709185,3,3,549756075009,1,0,0,27148,7102393359209872932,,3,1,0,,6,53303,FDF8685C-19BB-4B98-AF79-D280B05C8FD1,1658542290736516244,,0,0,,81
82,-4996725533213504631,335,,3,,14,10.0,1581770218,1581770220,3,3,549756075009,1,0,0,22579,-4996725533213504631,,3,1,0,,6,53303,B22052E0-0E34-4921-A711-41FBFAF94B7D,1658606290838925250,,0,0,,82
83,8518656150607573555,336,,8,,15,29.0,1581770408,1581770411,3,3,549756075009,1,0,0,40446,8518656150607573555,,3,1,0,,6,53303,8BC94B59-E8BB-4686-8138-801E7966BF93,1658606490827252285,,0,0,,83
84,-5047677473155794996,337,,8,,15,3.0,1581770498,1581770500,3,3,549756075009,1,0,0,40750,-5047677473155794996,,3,1,0,,6,53303,39E1E643-2822-4E02-829E-DD3ABEC5BE85,1658606583998581408,,0,0,,84
85,-1190273655973684638,338,,13,,16,26.0,1581770498,1581770501,3,3,549756075009,1,0,0,31344,-1190273655973684638,,3,1,0,,6,53303,09D02CE2-3A13-475C-A434-37555DE6ED83,1658606584726869580,,0,0,,85
86,8934106926536327260,339,,6,,17,43.0,1581770707,1581770708,3,3,549756075009,1,0,0,5447,8934106926536327260,,3,1,0,,1,53303,8BFFFCE1-1529-4261-9FAE-8B8203EB6922,1658606802151836417,,0,0,,86
87,-2138479967756916699,340,,14,,18,18.0,1581771843,1581771844,3,3,549756075009,1,0,0,7480,-2138479967756916699,,3,1,0,,1,53303,2C0B5CE8-0183-493B-B7BF-E0608738807D,1658607993208979483,,0,0,,87
88,-5061402589034770031,341,,4,,19,45.0,1581772593,1581772593,3,3,549756075009,1,0,0,21391,-5061402589034770031,,3,1,0,,6,53303,C6F1F925-2D89-4F28-A3B1-0B71B9022E6F,1658608779124157625,,0,0,,88
89,1691632938734562469,342,,9,,20,17.0,1581773022,1581773022,3,3,549756075009,1,0,0,4258,1691632938734562469,,3,1,0,,1,53303,ACB48FDA-D63B-4657-8C85-91FBC03963D9,1658609229599584288,,0,0,,89
90,-6303743845951167792,343,,1,,1,34.0,1581773427,1581773434,3,3,549756075009,1,0,0,10457,-6303743845951167792,,3,1,0,,6,53303,9D0F4FE8-4E21-4C89-8882-2C4D1BAEF1A9,1658609661234414750,,0,0,,90
91,5600925632585292665,344,,1,,21,16.0,1581773525,1581773525,3,3,549756075009,1,0,0,11443,5600925632585292665,,3,1,0,,6,53303,DFCF94D6-132B-4B24-8423-50CBDD16E281,1658609756493827992,,0,0,,91
92,-5357186689670214628,345,,1,,1,31.0,1581945815,1581945816,3,3,549756075009,1,0,0,11200,-5357186689670214628,,3,1,0,,6,53303,705753F7-7883-47B8-ACE1-240341B02CDA,1658790417046016240,,0,0,,92
93,1152693679398518102,346,,15,,22,8.0,1581963275,1581963275,3,3,549756011521,1,0,0,87027,1152693679398518102,,3,1,0,,6,53303,D1803618-7732-4DC0-AD5E-EA1C9A43AA85,1658808724125166980,,0,0,,93
94,-2854030538994905542,347,,8,,23,32.0,1582149600,1582149677,3,3,549756075009,1,0,0,31432,-2854030538994905542,,3,1,0,,6,53303,8758F12B-D940-4194-82A2-1657482B4670,1659004180022235963,,0,0,,94
95,-7785057591456295489,348,,16,,24,7.0,1582181336,1582181337,3,3,549756075009,1,0,0,11966,-7785057591456295489,,3,1,0,,1,53303,26562FE7-B882-4F3C-A0E2-78504D8CDED3,1659037378213554377,,0,0,,95
96,-5547796597583174400,349,,16,,24,25.0,1582268305,1582268306,3,3,549756075009,1,0,0,11942,-5547796597583174400,,3,1,0,,1,53303,97ED281F-BAF0-49BB-A005-3E73ABEB8416,1659128571248925102,,0,0,,96
97,-3379217471912024171,352,,5,,43,50.0,1582298839,1582298839,3,3,200705,1,0,0,595588,-3379217471912024171,,3,1,0,,6,53303,82224881-B467-495C-A38B-1DA7C4C834AD,1659160586375536554,,0,0,,97
98,8225245318363247275,355,,5,,43,52.0,1582299216,1582299216,3,3,197633,1,0,0,155358,8225245318363247275,,3,1,0,,6,53303,0AAFE483-322F-4908-936D-E247B80BC083,1659160982225612424,,0,0,,98
99,-5884663905115015518,358,,5,,43,48.0,1582299321,1582299321,3,3,200705,1,0,0,618830,-5884663905115015518,,3,1,0,,6,53303,B4C00348-513B-45EC-9F2E-703E1C6B0AC6,1659161091921059778,,0,0,,99
100,-5385386176217690573,359,,8,,25,44.0,1582322400,1582323770,3,3,549756075009,1,0,0,32030,-5385386176217690573,,3,1,0,,6,53303,FE4698C1-F376-490B-B677-E2EA489C8542,1659186729597060564,,0,0,,100
101,1666040244247899261,360,,16,,24,23.0,1582354674,1582354678,3,3,549756075009,1,0,0,11952,1666040244247899261,,3,1,0,,1,53303,ECDF9EAD-78CE-490C-98BB-A8F4FDCAABF1,1659219139270984665,,0,0,,101
102,-427157138122080057,361,,17,,26,46.0,1582369553,1582369553,3,3,549756075009,1,0,0,29896,-427157138122080057,,3,1,0,,6,53303,C80E14EF-1BE5-467E-BBD3-6745DE79C529,1659234737269079332,,0,0,,102
103,4496447957997685265,362,,1,,27,15.0,1582397489,1582397490,3,3,549756075009,1,0,0,11605,4496447957997685265,,3,1,0,,6,53303,07C4B4E6-88EA-4961-9093-C0FF87B5C8A1,1659264031413951584,,0,0,,103
104,6428268331510782901,363,,18,,28,39.0,1582397525,1582397526,3,3,549756075009,1,0,0,9128,6428268331510782901,,3,1,0,,6,53303,178B2230-A130-4C7B-B269-F75A433F9A32,1659264068258726707,,0,0,,104
105,528179220946406211,365,,19,,29,14.0,1582856415,1582856416,3,3,549756075009,1,0,0,76447,528179220946406211,,3,1,0,,6,53303,3A8AD121-1CA0-4B24-8786-677FE6657515,1659745249351930682,,-8708684574245157161,0,,105
106,5388601350215458880,366,,1,,1,31.0,1582893771,1582893772,3,3,549756075009,1,0,0,11182,5388601350215458880,,3,1,0,,6,53303,1A59DACF-E182-4C2A-9206-B74B73D1EC7B,1659784420289128941,,0,0,,106
107,-5444960464363896349,367,,20,,30,11.0,1583343773,1583343774,3,3,549756075009,1,0,0,23831,-5444960464363896349,,3,1,0,,6,53303,57CD7D83-C2B5-4402-9031-832B46D0BEED,1660256280969016740,,0,0,,107
108,-6119702193866042403,368,,21,,31,30.0,1583882713,1583882713,3,3,549756075009,1,0,0,82163,-6119702193866042403,,3,1,0,,6,53303,29EE4790-86BE-460E-B97E-E1D3C3AAE3C2,1660821400697999812,,-8708684574245157161,0,,108
109,2825417098659491495,369,,12,,32,5.0,1584055063,1584055064,3,3,549756075009,1,0,0,11368,2825417098659491495,,3,1,0,,1,53303,925690ED-3CA3-4CD6-A67B-60643C77C6A4,1661002122889312243,,0,0,,109
110,-2008545642577098051,370,,21,,33,28.0,1584141066,1584141067,3,3,549756075009,1,0,0,34580,-2008545642577098051,,3,1,0,,6,53303,E1FA6F22-4FBA-43DF-B4EA-90DAAACE22EC,1661092303644805488,,-8708684574245157161,0,,110
111,-6761738157535089717,371,,15,,22,2.0,1584464496,1584464497,3,3,549756011521,1,0,0,86989,-6761738157535089717,,3,1,0,,6,53303,D06992C9-472B-4036-9B2C-DB31AF5BF3E0,1661431444785183652,,0,0,,111
112,7165909412371320100,372,,22,,34,21.0,1584806741,1584806742,3,3,549756075009,1,0,0,18162,7165909412371320100,,3,1,0,,6,53303,E559AA5D-0D3E-4520-8FC5-2F350032368E,1661790315235445716,,0,0,,112
113,-2274667692839742103,373,,23,,35,38.0,1584827261,1584827261,3,3,549756075009,1,0,0,118608,-2274667692839742103,,3,1,0,,6,53303,75441193-4C38-4C08-9FAB-BDBAD268B212,1661811830494133183,,0,0,,113
114,7992755215600840278,374,,24,,36,19.0,1584827276,1584827276,3,3,549756075009,1,0,0,19426,7992755215600840278,,3,1,0,,6,53303,95ED4B59-75B2-4D31-BEE6-78E13B0B354D,1661811846196563337,,0,0,,114
115,-448395472253785828,375,,24,,37,36.0,1584827389,1584827389,3,3,549756075009,1,0,0,19620,-448395472253785828,,3,1,0,,6,53303,BB456533-052F-41E1-B338-48C77DFDE471,1661811965094221602,,0,0,,115
116,8782058183630853132,376,,25,,38,12.0,1584827981,1584827982,3,3,549756075009,1,0,0,19776,8782058183630853132,,3,1,0,,6,53303,2C6C5A01-6459-4DA1-9B96-984F45D1FC29,1661812586374737356,,0,0,,116
117,-269712480428455707,377,,24,,39,33.0,1584838274,1584838275,3,3,549756075009,1,0,0,19439,-269712480428455707,,3,1,0,,6,53303,4FAD27B0-A4B1-4565-AD3F-DABD176041C2,1661823379277793658,,0,0,,117
118,5137595835139976242,378,,1,,1,9.0,1584839484,1584839485,3,3,549756075009,1,0,0,11176,5137595835139976242,,3,1,0,,6,53303,2240C304-D143-4E1F-B642-E27E5F9F8EE5,1661824648179609419,,0,0,,118
119,-137932586374771158,379,,1,,1,27.0,1584839484,1584839485,3,3,549756075009,1,0,0,11036,-137932586374771158,,3,1,0,,6,53303,992C1A61-DC32-4904-97CD-4FDC3989617C,1661824648466891842,,0,0,,119
120,7987327653962252277,380,,1,,40,47.0,1584839551,1584839551,3,3,549756075009,1,0,0,37805,7987327653962252277,,3,1,0,,6,53303,B1380637-1222-425D-892F-6D931A163C43,1661824718036593058,,0,0,,120
121,7905211801942990563,381,,22,,44,53.0,1584839905,1584839905,3,3,549756075009,1,0,0,19179,7905211801942990563,,3,1,0,,6,53303,7B93588F-0C55-4F9A-964A-6CD6D7B2C9F7,1661825088828597299,,0,0,,121
122,-9195479158723952412,382,,26,,45,54.0,1584883309,1584883313,3,3,549756015617,1,0,0,5976295,-9195479158723952412,,3,1,0,,6,53303,0EC97BFF-B394-47BE-88BB-68B755A7D3EC,1661870605435565884,,0,0,,122
123,4645140509185206414,383,,26,,46,55.0,1584884759,1584884761,3,3,549756012549,1,0,0,328033,4645140509185206414,,3,1,0,,6,53303,04F4DC7D-712D-4186-B3E3-8E8BBAF9D350,1661872123426112103,,0,0,,123
124,8156502482184656936,384,,5,Re: ,46,69.0,1584884890,1584884891,3,3,261121,1,0,0,1012,4645140509185206414,,3,1,0,,1,53303,FE296E96-9F60-49FD-BB53-FE32474FCD4B,1661872260575781788,,0,0,,124
125,7193262899052988233,49,,3,,2,40.0,1580322464,1580322466,2,2,549756075009,1,0,0,24212,7193262899052988233,,2,1,0,,6,53303,BC683228-E85D-4D1F-919D-5EB9532592D7,1657088211060101237,,0,0,,125
126,8209436898097488953,50,,12,,11,37.0,1581644951,1581644952,2,2,549756075009,1,0,0,10061,8209436898097488953,,2,1,0,,1,53303,98914C0D-1028-47BD-9768-D9E9523F16F5,1658474937516852506,,0,0,,126
127,-5061402589034770031,51,,4,,19,45.0,1581772593,1581772593,2,2,549756075009,1,0,0,21391,-5061402589034770031,,2,1,0,,6,53303,20002DA0-47B3-41C6-B577-0EAA084AFF44,1658608779124157625,,0,0,,127
128,-6761738157535089717,52,,15,,22,2.0,1584464496,1584464497,2,2,549756011521,1,0,0,86989,-6761738157535089717,,2,1,0,,6,53303,4706CF5E-E436-4CCD-8486-83B00B005F1F,1661431444785183652,,0,0,,128
129,7165909412371320100,53,,22,,34,21.0,1584806741,1584806742,2,2,549756075009,1,0,0,18162,7165909412371320100,,2,1,0,,6,53303,361A37F7-EDB0-4FE1-8C28-FC277A5A1633,1661790315235445716,,0,0,,129
130,-9195479158723952412,54,,26,,45,54.0,1584883309,1584883313,2,2,549756015617,1,0,0,5976295,-9195479158723952412,,2,1,0,,6,53303,56A82DE0-FD6C-48CA-87DA-71426E821FB5,1661870605435565884,,0,0,,130
131,4645140509185206414,55,,26,,46,55.0,1584884759,1584884761,2,2,549756012549,1,0,0,328033,4645140509185206414,,2,1,0,,6,53303,0A8C1D85-02F0-4638-BF3C-1D3750EC0818,1661872123426112103,,0,0,,131
132,-3778383095744072102,307,,27,,47,71.0,1584926735,1584926736,1,1,549756075009,1,0,0,5407,-3778383095744072102,,1,1,0,,1,53303,B93E2023-C349-44BA-9A2C-52C95B66D0F7,1661916137669535797,,0,0,,132
133,4015337129947362489,308,,9,,6,24.0,1584929004,1584929004,1,1,549756075009,1,0,0,4308,4015337129947362489,,1,1,0,,1,53303,0BB0BCA2-2F44-474E-B10B-7264E110147E,1661918516396585585,,0,0,,133
134,-3778383095744072102,385,,27,,47,,1584926735,1584926736,3,3,549756075009,1,0,0,5407,-3778383095744072102,,3,1,0,,1,53303,67A7C4D0-90F8-4423-98D6-47C1F0E61E9B,1661916137669535797,,0,0,,134
135,4015337129947362489,386,,9,,6,24.0,1584929004,1584929004,3,3,549756075009,1,0,0,4308,4015337129947362489,,3,1,0,,1,53303,B5B77171-4D1F-4DF8-A677-8B945C1ACD7C,1661918516396585585,,0,0,,135
136,-3778383095744072102,56,,27,,47,71.0,1584926735,1584926736,2,2,549756075009,1,0,0,5407,-3778383095744072102,,2,1,0,,1,53303,F83E2447-B049-4DD1-80D1-4B94E3703854,1661916137669535797,,0,0,,136
137,4920899576466481511,10,,16,,49,72.0,1582437335,1582437337,4,4,549756075009,1,0,0,13784,4920899576466481511,,4,1,0,,1,46480,46D4DCFB-460F-4956-8867-E937672189C8,1659305813203042638,,0,0,,137
138,7849129870048584285,309,,6,,50,73.0,1585012711,1585012712,1,1,549756075009,1,0,0,11895,7849129870048584285,,1,1,0,,6,53303,8F916AB0-D768-4BAD-8F93-D09A99CA2D39,1662006290210429536,,0,0,,138
139,-8989313908678491779,310,,8,,15,74.0,1585012845,1585012848,1,1,549756075009,1,0,0,42533,-8989313908678491779,,1,1,0,,6,53303,B99D1D2E-0D72-42AD-96EB-3F9759C75E6E,1662006431871723784,,0,0,,139
140,-631951485052647864,311,,30,,51,75.0,1585013328,1585013329,1,1,549756075009,1,0,0,6407,-631951485052647864,,1,1,0,,6,53303,910BB18D-ADCA-4E25-91E8-1E5452F736DE,1662006936379090327,,0,0,,140
141,2729828387940125827,312,,12,,52,76.0,1585013950,1585013951,1,1,549756075009,1,0,0,7529,2729828387940125827,,1,1,0,,1,53303,CCAC075D-F656-41DF-8B56-0C8F8E41B19E,1662007588720053012,,0,0,,141
142,-1992822115312789504,313,,12,,52,76.0,1585014234,1585014235,1,1,549756075009,1,0,0,7537,-1992822115312789504,,1,1,0,,1,53303,10941C69-EA80-4949-BF7B-F22ABD83BB7A,1662007886412360783,,0,0,,142
143,387401289288289630,314,,12,,53,77.0,1585014260,1585014260,1,1,549756075009,1,0,0,7585,387401289288289630,,1,1,0,,1,53303,F63EB3EC-298A-47B1-BDBB-5DF77EB9815D,1662007913523239547,,0,0,,143
144,6866796126971542123,315,,14,,54,78.0,1585014408,1585014408,1,1,549756075009,1,0,0,7508,6866796126971542123,,1,1,0,,1,53303,1FC5AA9B-38F4-46AD-A242-FAFABA731A55,1662008068227504969,,0,0,,144
145,2313615902158810607,316,,12,,52,76.0,1585014515,1585014516,1,1,549756075009,1,0,0,7540,2313615902158810607,,1,1,0,,1,53303,5F444757-0BE4-4C71-84DC-6B4D2DF82176,1662008181250761856,,0,0,,145
146,-8883006069834285327,317,,12,,53,79.0,1585014530,1585014530,1,1,549756075009,1,0,0,7582,-8883006069834285327,,1,1,0,,1,53303,56F01273-EB5F-4C17-8DFC-44CC6FE8D49B,1662008196549748270,,0,0,,146
147,-1859492429105594592,318,,4,,3,80.0,1585015107,1585015107,1,1,549756075009,1,0,0,18442,-1859492429105594592,,1,1,0,,6,53303,AF640C5C-0C3C-4A9C-B2E6-5D4E3C88F5DF,1662008801647313973,,0,0,,147
148,7849129870048584285,387,,6,,50,,1585012711,1585012712,3,3,549756075009,1,0,0,11895,7849129870048584285,,3,1,0,,6,53303,D6FDCDD4-A7C7-478F-BB56-DEC82D6C1B70,1662006290210429536,,0,0,,148
149,-8989313908678491779,388,,8,,15,,1585012845,1585012848,3,3,549756075009,1,0,0,42533,-8989313908678491779,,3,1,0,,6,53303,F8058893-C9B2-4015-BEE0-DC1811BD828C,1662006431871723784,,0,0,,149
150,-631951485052647864,389,,30,,51,,1585013328,1585013329,3,3,549756075009,1,0,0,6407,-631951485052647864,,3,1,0,,6,53303,B013E656-A907-4D7B-BAD5-BFC7BCB63CE5,1662006936379090327,,0,0,,150
151,2729828387940125827,390,,12,,52,,1585013950,1585013951,3,3,549756075009,1,0,0,7529,2729828387940125827,,3,1,0,,1,53303,9FAE892B-0242-4872-A20E-267AE0E693F8,1662007588720053012,,0,0,,151
152,-1992822115312789504,391,,12,,52,,1585014234,1585014235,3,3,549756075009,1,0,0,7537,-1992822115312789504,,3,1,0,,1,53303,A5882952-36AB-48B8-8625-727267F294B7,1662007886412360783,,0,0,,152
153,387401289288289630,392,,12,,53,,1585014260,1585014260,3,3,549756075009,1,0,0,7585,387401289288289630,,3,1,0,,1,53303,FD8C6D35-692D-408D-A69A-4E1F9B5B360B,1662007913523239547,,0,0,,153
154,6866796126971542123,393,,14,,54,,1585014408,1585014408,3,3,549756075009,1,0,0,7508,6866796126971542123,,3,1,0,,1,53303,5C11B9C8-0E11-410D-A853-AE0EBE01ED9B,1662008068227504969,,0,0,,154
155,2313615902158810607,394,,12,,52,,1585014515,1585014516,3,3,549756075009,1,0,0,7540,2313615902158810607,,3,1,0,,1,53303,F090A189-41E0-47A1-9E0B-23B1D616FC5A,1662008181250761856,,0,0,,155
156,-8883006069834285327,395,,12,,53,,1585014530,1585014530,3,3,549756075009,1,0,0,7582,-8883006069834285327,,3,1,0,,1,53303,6135E1FF-E004-4C00-8CBB-28A2740FB2BD,1662008196549748270,,0,0,,156
157,-1859492429105594592,396,,4,,3,,1585015107,1585015107,3,3,549756075009,1,0,0,18442,-1859492429105594592,,3,1,0,,6,53303,F196A7F4-2191-4452-9F53-94508369D711,1662008801647313973,,0,0,,157
158,-631951485052647864,57,,30,,51,75.0,1585013328,1585013329,2,2,549756075009,1,0,0,6407,-631951485052647864,,2,1,0,,6,53303,30EDF0A2-1359-483A-8390-103856CCEC6F,1662006936379090327,,0,0,,158
159,3910907786299623252,319,,40,,62,82.0,1585083625,1585083627,1,1,549756075009,1,0,0,51847,3910907786299623252,,1,1,0,,6,53303,1655FFC6-62C5-4728-932B-3D03892AEA33,1662080649937733294,,0,0,,159
160,4579854745132544900,320,,12,,10,81.0,1585096381,1585096382,1,1,549756075009,1,0,0,12264,4579854745132544900,,1,1,0,,1,53303,D4992B0B-D4F8-45E6-9A82-2BC13AC791AA,1662094023949778939,,0,0,,160
161,-7648172013259622505,321,,12,,11,83.0,1585096615,1585096615,1,1,549756075009,1,0,0,10078,-7648172013259622505,,1,1,0,,1,53303,23951F14-BDF2-4195-B50E-A18D8930F339,1662094269301818515,,0,0,,161
162,3332026825277639062,322,,12,,63,84.0,1585096797,1585096797,1,1,549756075009,1,0,0,12123,3332026825277639062,,1,1,0,,1,53303,597F5A1A-0409-46FC-95DF-55CF7327FB3D,1662094459836482994,,0,0,,162
163,3910907786299623252,397,,40,,62,,1585083625,1585083627,3,3,549756075009,1,0,0,51847,3910907786299623252,,3,1,0,,6,53303,91E6E455-6565-42A6-8C69-8653E152C4FB,1662080649937733294,,0,0,,163
164,4579854745132544900,398,,12,,10,,1585096381,1585096382,3,3,549756075009,1,0,0,12264,4579854745132544900,,3,1,0,,1,53303,540EA7C8-9B13-4D83-999F-DEFE0AC28780,1662094023949778939,,0,0,,164
165,-7648172013259622505,399,,12,,11,,1585096615,1585096615,3,3,549756075009,1,0,0,10078,-7648172013259622505,,3,1,0,,1,53303,A5661AB4-37FE-40A6-B3BB-58D86A771BA1,1662094269301818515,,0,0,,165
166,3332026825277639062,400,,12,,63,,1585096797,1585096797,3,3,549756075009,1,0,0,12123,3332026825277639062,,3,1,0,,1,53303,4F4812B7-6866-4501-A797-03A7A75B4257,1662094459836482994,,0,0,,166
167,-7648172013259622505,58,,12,,11,83.0,1585096615,1585096615,2,2,549756075009,1,0,0,10078,-7648172013259622505,,2,1,0,,1,53303,EEBE0DC3-FF48-488B-8348-2BCB92F5AF1E,1662094269301818515,,0,0,,167
168,-475265993225783372,323,,22,,44,85.0,1585163013,1585163015,1,1,549756075009,1,0,0,19163,-475265993225783372,,1,1,0,,6,53303,20BE3254-76ED-4FBC-A4C0-ECA43622338B,1662163893841768124,,0,0,,168
169,-6298874482722982257,324,,43,,65,86.0,1585163039,1585163040,1,1,549756075009,1,0,0,24461,-6298874482722982257,,1,1,0,,6,53303,A00E721D-E836-4A1B-B9E6-EDB9257B79F1,1662163920398685613,,0,0,,169
170,-475265993225783372,402,,22,,44,,1585163013,1585163015,3,3,549756075009,1,0,0,19163,-475265993225783372,,3,1,0,,6,53303,2C22DAAA-6495-44CF-995D-F345EE9DDB87,1662163893841768124,,0,0,,170
171,-6298874482722982257,403,,43,,65,,1585163039,1585163040,3,3,549756075009,1,0,0,24461,-6298874482722982257,,3,1,0,,6,53303,68520270-11A6-402F-BBA2-D15F1B69BC16,1662163920398685613,,0,0,,171
172,-475265993225783372,59,,22,,44,85.0,1585163013,1585163015,2,2,549756075009,1,0,0,19163,-475265993225783372,,2,1,0,,6,53303,D2C23EB9-E936-4E98-9CE7-527315DF5DAB,1662163893841768124,,0,0,,172
173,8488285743393118773,325,,47,,68,87.0,1585203464,1585203467,1,1,549756075009,1,0,0,60310,8488285743393118773,,1,1,0,,6,53303,1A67A92B-5F08-4F6A-B7CF-8CC38ADEAE03,1662206311305591810,,0,0,,173
174,8488285743393118773,404,,47,,68,,1585203464,1585203467,3,3,549756075009,1,0,0,60310,8488285743393118773,,3,1,0,,6,53303,075711D1-F7FC-41F9-9BE1-1D532D2B8B79,1662206311305591810,,0,0,,174
175,8791310151723539192,326,,48,,69,88.0,1585228499,1585228505,1,1,549756075009,1,0,0,47088,8791310151723539192,,1,1,0,,1,53303,3626A013-7BAA-4EC5-8ABF-B7F934A6BA93,1662232564695168981,,0,0,,175
176,-197886292116969409,327,,48,,70,90.0,1585228501,1585228505,1,1,549756075009,1,0,0,46816,-197886292116969409,,1,1,0,,1,53303,EEC52689-889E-44C9-A992-8597AF0D1ED6,1662232565024957095,,0,0,,176
177,-8943664340524785686,328,,8,,23,32.0,1585258544,1585258545,1,1,549756075009,1,0,0,31385,-8943664340524785686,,1,1,0,,6,53303,2A1D5C7C-368A-42CC-BBDB-1AD2736D23A5,1662264064422765346,,0,0,,177
178,8791310151723539192,406,,48,,69,,1585228499,1585228505,3,3,549756075009,1,0,0,47088,8791310151723539192,,3,1,0,,1,53303,127FE6CD-25F9-4197-BE43-1A361111CAB7,1662232564695168981,,0,0,,178
179,-197886292116969409,407,,48,,70,,1585228501,1585228505,3,3,549756075009,1,0,0,46816,-197886292116969409,,3,1,0,,1,53303,F18DC8BF-5176-4BF6-A785-AE70070F8EB7,1662232565024957095,,0,0,,179
180,-8943664340524785686,408,,8,,23,,1585258544,1585258545,3,3,549756075009,1,0,0,31385,-8943664340524785686,,3,1,0,,6,53303,D450A6B9-3A23-41D8-8392-D7AE05F74B0A,1662264064422765346,,0,0,,180
181,4970986088187506225,329,,8,,72,92.0,1585339200,1585339708,1,1,549756075009,1,0,0,24066,4970986088187506225,,1,1,0,,6,53303,6BB8DC31-0B33-4E43-A534-5EC13E5E1AB6,1662349170922444552,,0,0,,181
182,-6090522692275413645,330,,8,,25,91.0,1585342800,1585343128,1,1,549756075009,1,0,0,31942,-6090522692275413645,,1,1,0,,6,53303,816C13D1-E514-449F-A277-F12F983AB1EC,1662352756210333356,,0,0,,182
183,4970986088187506225,409,,8,,72,,1585339200,1585339708,3,3,549756075009,1,0,0,24066,4970986088187506225,,3,1,0,,6,53303,4691E295-E013-4296-B6B4-380C3BD7515D,1662349170922444552,,0,0,,183
184,-6090522692275413645,410,,8,,25,,1585342800,1585343128,3,3,549756075009,1,0,0,31942,-6090522692275413645,,3,1,0,,6,53303,1B4F9F09-DC61-410D-868D-37F049F59A7F,1662352756210333356,,0,0,,184
185,-7196015868275375587,331,,8,,73,93.0,1585688400,1585688438,1,1,549756075009,1,0,0,31134,-7196015868275375587,,1,1,0,,6,53303,BDDC57CE-4F66-45AA-9F32-97518567E5E4,1662714840224156194,,0,0,,185
186,-7196015868275375587,411,,8,,73,,1585688400,1585688438,3,3,549756075009,1,0,0,31134,-7196015868275375587,,3,1,0,,6,53303,4251923D-1B53-4578-B4D3-93AB2DD6177A,1662714840224156194,,0,0,,186
187,9061290025525443015,332,,52,,75,94.0,1585930975,1585930978,1,1,549756075009,1,0,0,20112,9061290025525443015,,1,1,0,,6,53303,408CDB6B-B617-4009-B3FF-F4A532412015,1662969161716964796,,0,0,,187
188,9061290025525443015,60,,52,,75,,1585930975,1585930978,2,2,549756075009,1,0,0,20112,9061290025525443015,,2,1,0,,6,53303,D002A09E-E689-4F7D-980B-481D90625481,1662969161716964796,,0,0,,188
189,9061290025525443015,412,,52,,75,94.0,1585930975,1585930978,3,3,549756075009,1,0,0,20112,9061290025525443015,,3,1,0,,6,53303,CA702CD3-FA95-47DE-BE22-C46492DCDE7E,1662969161716964796,,0,0,,189
190,-6895612913432454801,333,,43,,76,96.0,1585962186,1585962187,1,1,549756075009,1,0,0,39624,-6895612913432454801,,1,1,0,,6,53303,7FCF2C8F-9CEB-48A3-8866-3587F2B99C22,1663001886075049454,,0,0,,190
191,8965796123199500387,334,,53,,77,95.0,1586015894,1586015899,1,1,549756075009,1,0,0,17821,8965796123199500387,,1,1,0,,6,53303,20F43471-4ADD-4E4E-A2D1-784C824D5A84,1663058208436625561,,0,0,,191
192,-6895612913432454801,61,,43,,76,,1585962186,1585962187,2,2,549756075009,1,0,0,39624,-6895612913432454801,,2,1,0,,6,53303,AE96C7F8-27D5-4C7D-B679-530827236366,1663001886075049454,,0,0,,192
193,8965796123199500387,62,,53,,77,95.0,1586015894,1586015899,2,2,549756075009,1,0,0,17821,8965796123199500387,,2,1,0,,6,53303,472EC95F-9166-4711-B297-C7498301A395,1663058208436625561,,0,0,,193
194,-6895612913432454801,413,,43,,76,,1585962186,1585962187,3,3,549756075009,1,0,0,39624,-6895612913432454801,,3,1,0,,6,53303,87B8D983-3CC2-4B59-AAE4-B8BAAA017033,1663001886075049454,,0,0,,194
195,8965796123199500387,414,,53,,77,98.0,1586015894,1586015899,3,3,549756075009,1,0,0,17821,8965796123199500387,,3,1,0,,6,53303,2652985D-9C23-4CD9-A4C7-53F6AAE349FB,1663058208436625561,,0,0,,195
196,7579337443055424578,335,,53,,78,97.0,1586015927,1586015927,1,1,549756075009,1,0,0,21244,7579337443055424578,,1,1,0,,6,53303,4D4DEDDA-B07D-4C66-B3C5-948EEEE10264,1663058237327128904,,0,0,,196
197,-3205377180171429586,336,,55,,79,99.0,1586025425,1586025427,1,1,549756075009,1,0,0,57160,-3205377180171429586,,1,1,0,,6,53303,329C98FA-1D11-4853-A004-18548818E531,1663068198416848545,,0,0,,197
198,-8496388141410733957,337,,55,,80,100.0,1586025425,1586025427,1,1,549756075009,1,0,0,57323,-8496388141410733957,,1,1,0,,6,53303,81439FAE-08EB-456C-BEC3-839AAB73D886,1663068198476656109,,0,0,,198
199,-1078933640882776797,338,,55,,81,101.0,1586027872,1586027874,1,1,549756075009,1,0,0,57163,-1078933640882776797,,1,1,0,,6,53303,6D4E2877-E585-4FC1-8BB1-83D3D7EA2CE8,1663070763861106134,,0,0,,199
200,-5328518848351563547,339,,56,,82,102.0,1586047014,1586047015,1,1,549756075009,1,0,0,13435,-5328518848351563547,,1,1,0,,6,53303,D16DDBC8-A2DF-4743-B129-4C6B3CC8E1B2,1663090834911531666,,0,0,,200
201,7579337443055424578,63,,53,,78,,1586015927,1586015927,2,2,549756075009,1,0,0,21244,7579337443055424578,,2,1,0,,6,53303,FEFC5946-0177-4BFA-A03B-AB9468C35886,1663058237327128904,,0,0,,201
202,-5328518848351563547,64,,56,,82,,1586047014,1586047015,2,2,549756075009,1,0,0,13435,-5328518848351563547,,2,1,0,,6,53303,ADF69709-BE9B-4C0E-ABE8-4DF89C75338A,1663090834911531666,,0,0,,202
203,7579337443055424578,415,,53,,78,,1586015927,1586015927,3,3,549756075009,1,0,0,21244,7579337443055424578,,3,1,0,,6,53303,BE9F13E3-DFFD-47D8-BD21-2B30F3CCE463,1663058237327128904,,0,0,,203
204,-3205377180171429586,416,,55,,79,,1586025425,1586025427,3,3,549756075009,1,0,0,57160,-3205377180171429586,,3,1,0,,6,53303,8B0015E6-8F70-4775-8847-FE6829FCFE9A,1663068198416848545,,0,0,,204
205,-8496388141410733957,417,,55,,80,,1586025425,1586025427,3,3,549756075009,1,0,0,57323,-8496388141410733957,,3,1,0,,6,53303,EEF427F6-2CEB-4008-A835-1B15CD5213A9,1663068198476656109,,0,0,,205
206,-1078933640882776797,418,,55,,81,,1586027872,1586027874,3,3,549756075009,1,0,0,57163,-1078933640882776797,,3,1,0,,6,53303,4F49E04B-8348-432D-AD9E-20BAC0D5B411,1663070763861106134,,0,0,,206
207,-5328518848351563547,419,,56,,82,102.0,1586047014,1586047015,3,3,549756075009,1,0,0,13435,-5328518848351563547,,3,1,0,,6,53303,853DC7D6-5CAA-4932-B0C7-679FE3F771F0,1663090834911531666,,0,0,,207
208,-332418902521824264,340,,57,,83,103.0,1586135703,1586135713,1,1,549756075009,1,0,0,22481,-332418902521824264,,1,1,0,,1,53303,DC67413B-314C-47C2-AE54-ECCD6B8611A3,1663183841635671994,,0,0,,208
209,-332418902521824264,65,,57,,83,,1586135703,1586135713,2,2,549756075009,1,0,0,22481,-332418902521824264,,2,1,0,,1,53303,20D98E92-5B0C-4016-A98C-41C5DF39865B,1663183841635671994,,0,0,,209
210,-332418902521824264,420,,57,,83,,1586135703,1586135713,3,3,549756075009,1,0,0,22481,-332418902521824264,,3,1,0,,1,53303,36EF7714-4CBB-41CD-8681-B3FF64FE7507,1663183841635671994,,0,0,,210
211,9158511179413985761,341,,58,,84,104.0,1586135814,1586135817,1,1,549756075009,1,0,0,50149,9158511179413985761,,1,1,0,,1,53303,4480F14B-6BBA-49DA-B775-EDCA65885599,1663183950995722328,,0,0,,211
212,-2317483620235530382,342,,16,,24,105.0,1586153166,1586153166,1,1,549756075009,1,0,0,11948,-2317483620235530382,,1,1,0,,1,53303,905E1718-67F4-48C6-86D6-CAE511D9C03F,1663202143302284326,,0,0,,212
213,9158511179413985761,421,,58,,84,,1586135814,1586135817,3,3,549756075009,1,0,0,50149,9158511179413985761,,3,1,0,,1,53303,2835F8D3-21C2-4A0F-9F45-34F92C3D6C24,1663183950995722328,,0,0,,213
214,-2317483620235530382,422,,16,,24,105.0,1586153166,1586153166,3,3,549756075009,1,0,0,11948,-2317483620235530382,,3,1,0,,1,53303,6B6EC8B2-0258-404D-ADEC-CF789525EE17,1663202143302284326,,0,0,,214
215,-5610870383140551810,343,,55,,87,106.0,1586196467,1586196470,1,1,549756075009,1,0,0,57189,-5610870383140551810,,1,1,0,,6,53303,9B1356B5-D3DB-4465-8BF1-518D671DBAA1,1663247550467848326,,0,0,,215
216,-5610870383140551810,66,,55,,87,,1586196467,1586196470,2,2,549756075009,1,0,0,57189,-5610870383140551810,,2,1,0,,6,53303,F724684B-68E8-45B2-BF1C-4848097EC945,1663247550467848326,,0,0,,216
217,-5610870383140551810,423,,55,,87,,1586196467,1586196470,3,3,549756075009,1,0,0,57189,-5610870383140551810,,3,1,0,,6,53303,36F313F4-6C88-4675-9DBE-64B2B04CE0BE,1663247550467848326,,0,0,,217
218,8152685341480264969,344,,55,,88,107.0,1586255638,1586255641,1,1,549756075009,1,0,0,107161,8152685341480264969,,1,1,0,,6,53303,7E07B3F2-34FD-4D18-8F7C-26750CEC5C0D,1663309596165157673,,0,0,,218
219,-988821044973299305,345,,55,,89,108.0,1586438773,1586438775,1,1,549756075009,1,0,0,57416,-988821044973299305,,1,1,0,,6,53303,75359A2F-E9C4-4B94-B7FB-BF4D3E36C177,1663501625613958734,,0,0,,219
220,-7233916946705371768,346,,12,,90,109.0,1586488373,1586488374,1,1,549756075009,1,0,0,11366,-7233916946705371768,,1,1,0,,1,53303,E4C616EA-5EFB-42B7-8481-07B804030B7A,1663553633680797789,,0,0,,220
221,-2831221396874388855,347,,61,,91,110.0,1586553205,1586553210,1,1,549756075009,1,0,0,38187,-2831221396874388855,,1,1,0,,6,53303,9B7591AE-9441-4F47-AB91-97236FFD2F49,1663621619962577720,,0,0,,221
222,5461373292082691286,348,,43,,76,111.0,1586671387,1586671387,1,1,549756075009,1,0,0,39097,5461373292082691286,,1,1,0,,6,53303,3995D23C-2AC9-411E-801F-338484AD93BB,1663745536609969767,,0,0,,222
223,-5727246641716001898,349,,12,,92,112.0,1586719409,1586719409,1,1,549756075009,1,0,0,10659,-5727246641716001898,,1,1,0,,1,53303,8F3696E7-EE99-4566-A215-9B514E121221,1663795891982618012,,0,0,,223
224,8152685341480264969,67,,55,,88,107.0,1586255638,1586255641,2,2,549756075009,1,0,0,107161,8152685341480264969,,2,1,0,,6,53303,6D60D527-B4CD-445C-8E67-FB136233C569,1663309596165157673,,0,0,,224
225,-988821044973299305,68,,55,,89,108.0,1586438773,1586438775,2,2,549756075009,1,0,0,57416,-988821044973299305,,2,1,0,,6,53303,1FFAEF3A-942A-46D2-B5E3-42193D0BBCEB,1663501625613958734,,0,0,,225
226,5461373292082691286,69,,43,,76,111.0,1586671387,1586671387,2,2,549756075009,1,0,0,39097,5461373292082691286,,2,1,0,,6,53303,51A9A919-009B-4154-9FC4-5573C33F828D,1663745536609969767,,0,0,,226
227,8152685341480264969,424,,55,,88,107.0,1586255638,1586255641,3,3,549756075009,1,0,0,107161,8152685341480264969,,3,1,0,,6,53303,26F9AB1C-0367-4D4D-8C5E-3C297FBF46C7,1663309596165157673,,0,0,,227
228,-988821044973299305,425,,55,,89,108.0,1586438773,1586438775,3,3,549756075009,1,0,0,57416,-988821044973299305,,3,1,0,,6,53303,DF54F70A-5C89-4E7C-AD8F-C13D7363F99B,1663501625613958734,,0,0,,228
229,-7233916946705371768,426,,12,,90,109.0,1586488373,1586488374,3,3,549756075009,1,0,0,11366,-7233916946705371768,,3,1,0,,1,53303,8367C0F9-BEB7-4F3A-A957-33FD06E8AB4B,1663553633680797789,,0,0,,229
230,-2831221396874388855,427,,61,,91,110.0,1586553205,1586553210,3,3,549756075009,1,0,0,38187,-2831221396874388855,,3,1,0,,6,53303,C3E71A50-2FEF-4C72-A563-448C2CB0E67D,1663621619962577720,,0,0,,230
231,5461373292082691286,428,,43,,76,111.0,1586671387,1586671387,3,3,549756075009,1,0,0,39097,5461373292082691286,,3,1,0,,6,53303,DA308EBA-4F08-41F4-B771-739639CCA7D3,1663745536609969767,,0,0,,231
232,-5727246641716001898,429,,12,,92,112.0,1586719409,1586719409,3,3,549756075009,1,0,0,10659,-5727246641716001898,,3,1,0,,1,53303,2715E607-8FB4-4710-8CD3-B61E8A7B802A,1663795891982618012,,0,0,,232
233,2534127399109977120,350,,55,,88,113.0,1586851749,1586851753,1,1,549756075008,0,0,0,105455,2534127399109977120,,1,1,0,,6,53303,79C4A889-369E-41BF-8CA3-45E7E273C31C,1663934663737930886,,0,0,,233
234,8140192239618270505,351,,62,,93,114.0,1586912040,1586912041,1,1,549756075008,0,0,0,15606,8140192239618270505,,1,1,0,,6,53303,6D44DEA2-AFFE-45DD-93E5-C5C282BB9CC7,1663997881054881341,,0,0,,234
235,2534127399109977120,70,,55,,88,,1586851749,1586851753,2,2,549756075008,0,0,0,105455,2534127399109977120,,2,1,0,,6,53303,DEABECDD-C7C5-48A8-AD7B-AA6A3A52F26A,1663934663737930886,,0,0,,235
236,8140192239618270505,71,,62,,93,,1586912040,1586912041,2,2,549756075008,0,0,0,15606,8140192239618270505,,2,1,0,,6,53303,3B261B2E-D1C1-4471-8A1D-527D05EC4008,1663997881054881341,,0,0,,236
237,2534127399109977120,430,,55,,88,,1586851749,1586851753,3,3,549756075008,0,0,0,105455,2534127399109977120,,3,1,0,,6,53303,CDD458C6-C5D3-480D-8C5C-EB84E98A5336,1663934663737930886,,0,0,,237
238,8140192239618270505,431,,62,,93,,1586912040,1586912041,3,3,549756075008,0,0,0,15606,8140192239618270505,,3,1,0,,6,53303,07C6D6C5-7F6F-4930-8AB9-0764378503C6,1663997881054881341,,0,0,,238
239,-3863628830003047948,432,,61,,95,,1586916229,1586916233,3,3,549756075008,0,0,0,38089,-3863628830003047948,,3,1,0,,6,53303,C6130115-ACC3-4439-BBF9-FB4CEC635509,1664002276701755684,,0,0,,239
240,-3863628830003047948,352,,61,,95,115.0,1586916229,1586916233,1,1,549756075008,0,0,0,38089,-3863628830003047948,,1,1,0,,6,53303,9D97B359-91F3-4F7E-B115-49A73C0090E1,1664002276701755684,,0,0,,240
241,-3863628830003047948,72,,61,,95,,1586916229,1586916233,2,2,549756075008,0,0,0,38089,-3863628830003047948,,2,1,0,,6,53303,59D1F1B9-39ED-464B-896B-2F4F3AF5FADD,1664002276701755684,,0,0,,241
242,2489604442242670543,353,,43,,65,117.0,1587044053,1587044055,1,1,549756075009,1,0,0,25535,2489604442242670543,,1,1,0,,6,53303,8897E36B-56A7-4BAB-9264-F65F0A7D1669,1664136307561257807,,0,0,,242
243,5920189952304018033,354,,63,,96,116.0,1587044123,1587044124,1,1,549756075009,1,0,0,5218,5920189952304018033,,1,1,0,,6,53303,E385294B-7901-4FC6-87D3-A2973C6A61D1,1664136380014466878,,0,0,,243
244,2489604442242670543,433,,43,,65,,1587044053,1587044055,3,3,549756075009,1,0,0,25535,2489604442242670543,,3,1,0,,6,53303,5129109C-E907-4307-984E-C51A81B24C39,1664136307561257807,,0,0,,244
245,5920189952304018033,434,,63,,96,,1587044123,1587044124,3,3,549756075009,1,0,0,5218,5920189952304018033,,3,1,0,,6,53303,C5FFAEB5-6D0C-48C6-AFA3-251824F3C6FD,1664136380014466878,,0,0,,245
246,2489604442242670543,73,,43,,65,,1587044053,1587044055,2,2,549756075009,1,0,0,25535,2489604442242670543,,2,1,0,,6,53303,6F9A1AE0-1BDD-4AD5-937A-48E7BC9F0F8E,1664136307561257807,,0,0,,246
247,5920189952304018033,74,,63,,96,,1587044123,1587044124,2,2,549756075009,1,0,0,5218,5920189952304018033,,2,1,0,,6,53303,A8C5FE29-2466-40B3-AB64-DDCFB0BCCE30,1664136380014466878,,0,0,,247
