message_id,message,transaction_id,message_body_indexed,reindex_type
1,1,284,1,0
2,2,284,1,0
3,3,284,1,0
4,4,284,1,0
5,5,284,1,0
6,6,284,1,0
7,7,284,1,0
8,8,284,1,0
9,9,284,1,0
10,10,284,1,0
11,11,284,1,0
12,12,284,1,0
13,13,284,1,0
14,14,284,1,0
15,15,284,1,0
16,16,284,1,0
17,17,284,1,0
18,18,284,1,0
19,19,284,1,0
20,20,284,1,0
21,21,284,1,0
22,22,284,1,0
23,23,284,1,0
24,24,284,1,0
25,25,284,1,0
26,26,284,1,0
27,27,284,1,0
28,28,284,1,0
29,29,284,1,0
30,30,284,1,0
31,31,284,1,0
32,32,284,1,0
33,33,284,1,0
34,34,284,1,0
35,35,284,1,0
36,36,284,1,0
37,37,284,1,0
38,38,284,1,0
39,39,284,1,0
40,40,284,1,0
41,41,284,1,0
42,42,284,1,0
43,43,284,1,0
44,44,284,1,0
45,45,284,1,0
46,46,284,1,0
47,47,284,1,0
48,48,284,1,0
49,49,284,1,0
50,50,284,1,0
51,51,284,1,0
52,52,284,1,0
53,53,284,1,0
54,54,284,1,0
55,55,284,1,0
56,56,284,1,0
57,57,284,1,0
66,66,284,1,0
67,67,284,1,0
68,68,284,1,0
69,69,284,1,0
70,70,284,1,0
71,71,284,1,0
72,72,284,1,0
73,73,286,1,0
74,74,286,1,0
75,75,286,1,0
76,76,286,1,0
77,77,286,1,0
78,78,286,1,0
79,79,286,1,0
80,80,286,1,0
81,81,286,1,0
82,82,286,1,0
83,83,286,1,0
84,84,286,1,0
85,85,286,1,0
86,86,286,1,0
87,87,286,1,0
88,88,286,1,0
89,89,286,1,0
90,90,286,1,0
91,91,286,1,0
92,92,286,1,0
93,93,286,1,0
94,94,286,1,0
95,95,286,1,0
96,96,286,1,0
97,97,286,1,0
98,98,286,1,0
99,99,286,1,0
100,100,286,1,0
101,101,286,1,0
102,102,286,1,0
103,103,286,1,0
104,104,286,1,0
105,105,288,1,0
106,106,288,1,0
107,107,288,1,0
108,108,288,1,0
109,109,288,1,0
110,110,288,1,0
111,111,288,1,0
112,112,288,1,0
113,113,288,1,0
114,114,288,1,0
115,115,288,1,0
116,116,288,1,0
117,117,288,1,0
118,118,288,1,0
119,119,288,1,0
120,120,288,1,0
121,121,290,1,0
122,122,290,1,0
123,123,290,1,0
124,124,290,1,0
125,125,290,1,0
126,126,290,1,0
127,127,290,1,0
128,128,290,1,0
129,129,292,1,0
130,130,292,1,0
131,131,292,1,0
132,132,292,1,0
133,133,292,1,0
134,134,292,1,0
135,135,292,1,0
136,136,292,1,0
137,137,294,1,0
138,138,294,1,0
139,139,294,1,0
140,140,294,1,0
141,141,294,1,0
142,142,294,1,0
143,143,294,1,0
144,144,294,1,0
145,145,294,1,0
146,146,294,1,0
147,147,294,1,0
148,148,294,1,0
149,149,294,1,0
150,150,294,1,0
151,151,294,1,0
152,152,294,1,0
153,153,296,1,0
154,154,296,1,0
155,155,296,1,0
156,156,296,1,0
157,157,296,1,0
158,158,296,1,0
159,159,296,1,0
160,160,296,1,0
161,161,298,1,0
162,162,298,1,0
163,163,298,1,0
164,164,298,1,0
165,165,300,1,0
166,166,300,1,0
167,167,300,1,0
168,168,300,1,0
169,169,300,1,0
170,170,300,1,0
171,171,300,1,0
172,172,300,1,0
173,173,302,1,0
174,174,302,1,0
175,175,302,1,0
176,176,302,1,0
177,177,302,1,0
178,178,302,1,0
179,179,302,1,0
180,180,302,1,0
181,181,304,1,0
182,182,304,1,0
183,183,304,1,0
184,184,304,1,0
185,185,304,1,0
186,186,304,1,0
187,187,304,1,0
188,188,304,1,0
189,189,306,1,0
190,190,306,1,0
191,191,306,1,0
192,192,306,1,0
193,193,306,1,0
194,194,306,1,0
195,195,306,1,0
196,196,306,1,0
197,197,308,1,0
198,198,308,1,0
199,199,308,1,0
200,200,308,1,0
201,201,310,1,0
202,202,310,1,0
203,203,310,1,0
204,204,310,1,0
205,205,310,1,0
206,206,310,1,0
207,207,310,1,0
208,208,310,1,0
209,209,312,1,0
210,210,312,1,0
211,211,312,1,0
212,212,312,1,0
213,213,312,1,0
214,214,312,1,0
215,215,312,1,0
216,216,312,1,0
217,217,314,1,0
218,218,314,1,0
219,219,314,1,0
220,220,314,1,0
221,221,316,1,0
222,222,316,1,0
223,223,320,1,0
224,224,316,1,0
225,225,316,1,0
226,226,316,1,0
227,227,316,1,0
228,228,316,1,0
229,229,318,1,0
230,230,318,1,0
231,231,318,1,0
232,232,322,1,0
233,233,324,1,0
234,234,326,1,0
235,235,326,1,0
236,236,326,1,0
237,237,326,1,0
238,238,328,1,0
239,239,328,1,0
240,240,328,1,0
241,241,328,1,0
242,242,332,1,0
243,243,330,1,0
244,244,334,1,0
245,245,334,1,0
246,246,334,1,0
247,247,334,1,0
