thread,mailbox
1,1
2,1
3,1
4,1
5,1
6,1
7,1
8,1
9,1
10,1
11,1
12,1
13,1
14,1
15,1
16,1
17,1
18,1
19,1
20,1
21,1
22,1
23,1
24,1
25,1
26,1
27,1
28,1
29,1
30,1
31,1
32,1
33,1
34,1
35,1
36,1
37,1
38,1
39,1
40,1
41,1
42,1
43,1
44,1
45,1
46,1
47,1
48,1
49,1
89,1
91,1
93,1
95,1
96,1
101,1
103,1
104,1
107,1
109,1
110,1
111,1
115,1
116,1
119,1
121,1
122,1
123,1
124,1
129,1
130,1
131,1
132,1
133,1
134,1
135,1
136,1
149,1
150,1
163,1
164,1
170,1
171,1
172,1
173,1
178,1
183,1
187,1
189,1
190,1
194,1
196,1
198,1
199,1
202,1
204,1
210,1
211,1
214,1
216,1
217,1
137,2
138,2
139,2
140,2
141,2
142,2
143,2
144,2
145,2
146,2
147,2
151,2
166,2
167,2
180,2
181,2
184,2
191,2
205,2
206,2
207,2
212,2
213,2
215,2
220,2
221,2
99,4
