thread,address,date,priority
1,15,1581963275,1
2,1,1581945816,1
3,1,1581773525,1
4,1,1581773434,1
5,9,1581773022,1
6,4,1581772593,1
7,14,1581771844,1
8,6,1581770708,1
9,13,1581770501,1
10,8,1581770500,1
11,8,1581770411,1
12,3,1581770220,1
13,8,1581709185,1
14,12,1581644986,1
15,12,1581644952,1
16,12,1581644842,1
17,11,1581463517,1
18,10,1581192944,1
19,8,1580998182,1
20,9,1580589690,1
21,8,1580481867,1
22,6,1580322610,1
23,4,1580322522,1
24,3,1580322466,1
25,1,1580312467,1
26,1,1584839485,1
27,1,1584839485,1
28,24,1584838275,1
29,25,1584827982,1
30,24,1584827389,1
31,24,1584827276,1
32,23,1584827261,1
33,22,1584806742,1
34,15,1584464497,1
35,21,1584141067,1
36,12,1584055064,1
37,21,1583882713,1
38,20,1583343774,1
39,1,1582893772,1
40,19,1582856416,1
41,18,1582397526,1
42,1,1582397490,1
43,17,1582369553,1
44,16,1582354678,1
45,8,1582323770,1
46,16,1582268306,1
47,16,1582181337,1
48,8,1582149677,1
49,1,1584839551,1
89,22,1584839905,1
91,26,1584883313,1
93,26,1584884761,1
95,9,1584929004,1
96,27,1584926736,1
99,16,1582437337,1
101,6,1585012712,1
103,8,1585012848,1
104,30,1585013329,1
107,12,1585013951,1
109,12,1585014235,1
110,12,1585014260,1
111,14,1585014408,1
115,12,1585014516,1
116,12,1585014530,1
119,4,1585015107,1
121,12,1585096797,1
122,12,1585096615,1
123,12,1585096382,1
124,40,1585083627,1
129,43,1585163040,1
130,22,1585163015,1
131,47,1585203467,1
132,8,1585258545,1
133,48,1585228505,1
134,48,1585228505,1
135,8,1585343128,1
136,8,1585339708,1
137,4,1581772593,1
138,26,1584884761,1
139,22,1584806742,1
140,22,1585163015,1
141,27,1584926736,1
142,12,1585096615,1
143,12,1581644952,1
144,30,1585013329,1
145,3,1580322466,1
146,15,1584464497,1
147,26,1584883313,1
149,8,1585688438,1
150,52,1585930978,1
151,52,1585930978,1
163,53,1586015899,1
164,43,1585962187,1
166,53,1586015899,1
167,43,1585962187,1
170,53,1586015927,1
171,55,1586027874,1
172,55,1586025427,1
173,55,1586025427,1
178,56,1586047015,1
180,56,1586047015,1
181,53,1586015927,1
183,57,1586135713,1
184,57,1586135713,1
187,58,1586135817,1
189,16,1586153166,1
190,55,1586196470,1
191,55,1586196470,1
194,55,1586255641,1
196,55,1586438775,1
198,12,1586488374,1
199,61,1586553210,1
202,43,1586671387,1
204,12,1586719409,1
205,43,1586671387,1
206,55,1586438775,1
207,55,1586255641,1
210,55,1586851753,1
211,62,1586912041,1
212,62,1586912041,1
213,55,1586851753,1
214,61,1586916233,1
215,61,1586916233,1
216,63,1587044124,1
217,43,1587044055,1
220,63,1587044124,1
221,43,1587044055,1
