ownerItemId,ownedItemId
970,1
71,2
2,3
2,4
60,5
13,6
20,6
25,6
27,6
30,6
34,6
48,6
61,6
69,6
73,6
442,6
1264,6
1330,6
1359,6
1857,6
1859,6
1862,6
1865,6
1866,6
1871,6
2034,6
2045,6
2063,6
2064,6
2069,6
2076,6
2080,6
2083,6
2085,6
2086,6
2318,6
2323,6
2518,6
2529,6
2531,6
2587,6
2755,6
2819,6
2947,6
3392,6
3393,6
7,8
10,8
18,8
22,8
29,8
39,8
40,8
42,8
43,8
49,8
52,8
54,8
55,8
57,8
59,8
60,8
62,8
63,8
64,8
66,8
68,8
71,8
76,8
77,8
849,8
999,8
1013,8
1018,8
1033,8
1047,8
1061,8
1072,8
1075,8
1077,8
1084,8
1087,8
1099,8
1123,8
1126,8
1132,8
1139,8
1142,8
1145,8
1147,8
1169,8
1178,8
1183,8
1185,8
1186,8
1197,8
1199,8
1205,8
1211,8
1219,8
1232,8
1237,8
1249,8
1257,8
1264,8
1269,8
1272,8
1275,8
1276,8
1279,8
1287,8
1288,8
1291,8
1292,8
1294,8
1296,8
1298,8
1302,8
1304,8
1306,8
1307,8
1308,8
1309,8
1312,8
1316,8
1326,8
1327,8
1329,8
1331,8
1332,8
1336,8
1337,8
1339,8
1340,8
1343,8
1347,8
1348,8
1349,8
1350,8
1353,8
1355,8
1360,8
1362,8
1363,8
1367,8
1369,8
1372,8
1376,8
1377,8
1379,8
1381,8
1384,8
1386,8
1387,8
1393,8
1394,8
1395,8
1401,8
1403,8
1405,8
1406,8
1414,8
1419,8
1597,8
1679,8
1770,8
1787,8
1819,8
1820,8
1823,8
1833,8
1835,8
1858,8
1860,8
1861,8
1863,8
1867,8
1868,8
1869,8
1870,8
1872,8
1873,8
1875,8
1876,8
1888,8
1894,8
1902,8
1909,8
1913,8
1928,8
1929,8
1930,8
1932,8
1937,8
1945,8
1975,8
1995,8
2017,8
2023,8
2024,8
2036,8
2044,8
2046,8
2050,8
2051,8
2078,8
2087,8
2088,8
2106,8
2108,8
2262,8
2300,8
2302,8
2309,8
2311,8
2319,8
2322,8
2329,8
2492,8
2494,8
2495,8
2503,8
2511,8
2515,8
2521,8
2523,8
2528,8
2530,8
2533,8
2534,8
2535,8
2537,8
2545,8
2587,8
2600,8
2608,8
2625,8
2635,8
2641,8
2644,8
2648,8
2654,8
2677,8
2689,8
2695,8
2699,8
2704,8
2707,8
2709,8
2712,8
2735,8
2756,8
2769,8
2779,8
2797,8
2808,8
2818,8
2821,8
2823,8
2825,8
2829,8
2830,8
2833,8
2834,8
2835,8
2836,8
2839,8
2840,8
2841,8
2846,8
2848,8
2853,8
2854,8
2859,8
2864,8
2868,8
2871,8
2872,8
2875,8
2877,8
2878,8
2882,8
2929,8
2931,8
2938,8
2939,8
2944,8
2946,8
2948,8
2949,8
2951,8
2952,8
2961,8
2999,8
3016,8
3033,8
3059,8
3065,8
3088,8
3095,8
3114,8
3116,8
3139,8
3141,8
3145,8
3151,8
3175,8
3187,8
3189,8
3195,8
3209,8
3229,8
3244,8
3252,8
3253,8
3255,8
3261,8
3281,8
3286,8
3292,8
3295,8
3298,8
3311,8
3323,8
3329,8
3334,8
3339,8
3340,8
3341,8
3344,8
3346,8
3348,8
3354,8
3356,8
3371,8
3372,8
3373,8
3375,8
3376,8
3381,8
3382,8
3385,8
3387,8
3389,8
3390,8
3391,8
3428,8
3430,8
3431,8
3448,8
11,9
54,11
11,12
13,14
199,14
1264,14
1404,14
1865,14
2074,14
2105,14
2960,14
27,15
1404,15
42,16
64,17
1867,17
18,19
20,21
22,23
25,26
503,26
1859,26
1264,27
61,28
705,28
1871,28
54,31
76,32
370,32
1861,32
77,33
145,33
1868,33
2111,33
3388,33
57,35
35,36
2371,36
35,37
39,38
1873,38
2955,38
40,41
43,44
833,44
1863,44
68,45
69,46
1193,46
1330,46
870,47
1264,47
1271,47
2082,47
67,50
57,51
52,53
55,56
59,58
67,65
75,65
678,65
1264,65
1361,65
1408,65
1864,65
1982,65
2065,65
2070,65
2072,65
2081,65
2090,65
2100,65
2101,65
2107,65
2114,65
2116,65
2517,65
2522,65
2526,65
2538,65
2544,65
2587,65
2669,65
2691,65
2815,65
2832,65
2857,65
2869,65
2930,65
2937,65
2942,65
2943,65
2945,65
2950,65
2966,65
3289,65
3306,65
3377,65
3383,65
1264,67
2587,67
1264,69
2587,69
71,70
533,72
73,74
889,78
78,79
889,80
80,81
889,82
82,83
717,84
889,85
85,86
532,87
889,88
88,89
889,90
90,91
307,94
626,95
582,96
889,97
97,98
889,99
99,100
3374,100
282,101
889,102
102,103
1157,103
1264,103
2587,103
889,104
104,105
793,106
889,107
107,108
708,109
935,110
889,111
111,112
889,113
113,114
551,115
414,116
889,117
117,118
416,119
722,120
889,122
122,123
889,124
124,125
3109,125
502,126
889,127
127,128
889,129
129,130
1264,130
354,131
1234,131
1264,131
2587,131
889,133
133,134
739,135
431,137
796,138
889,141
141,142
172,144
889,145
785,146
889,147
147,148
889,149
149,150
889,151
151,152
889,153
153,154
889,155
155,156
889,157
157,158
784,159
382,161
889,162
162,163
889,164
164,165
889,166
166,167
889,168
168,169
889,170
170,171
889,172
889,173
173,174
219,175
889,176
176,177
889,178
178,179
889,180
180,181
506,188
357,189
839,190
889,191
191,192
889,193
193,194
889,197
197,198
889,199
889,201
201,202
748,203
242,204
317,205
889,210
210,211
889,212
212,213
924,214
889,215
215,216
568,217
744,218
889,219
889,220
220,221
859,224
889,225
225,226
299,227
889,228
228,229
889,230
230,231
965,232
889,233
233,234
285,237
889,238
238,239
889,240
240,241
1216,241
1264,241
889,242
889,243
243,244
957,245
889,246
246,247
896,248
889,249
249,250
889,251
251,252
733,253
1264,253
1311,253
889,254
254,255
942,256
2496,256
951,257
889,260
260,261
889,262
262,263
889,266
266,267
737,268
889,269
269,270
892,272
889,273
273,274
889,275
275,276
530,277
769,278
901,279
889,280
280,281
889,282
912,284
889,285
889,286
286,287
821,288
889,289
289,290
897,291
1264,291
2313,291
889,292
292,293
889,294
294,295
889,296
296,297
306,298
889,299
309,300
335,301
889,302
302,303
889,304
304,305
889,306
889,307
889,309
817,310
889,311
311,312
879,313
565,315
890,316
889,317
567,320
889,321
321,322
889,323
323,324
889,327
327,328
889,329
329,330
492,331
566,332
889,333
333,334
889,335
889,336
336,337
889,338
338,339
526,340
889,341
341,342
710,343
889,344
344,345
889,346
346,347
779,349
889,350
350,351
972,353
889,354
889,355
355,356
889,357
889,358
358,359
789,360
889,361
361,362
712,363
889,364
364,365
656,366
632,367
889,368
368,369
889,370
889,371
371,372
889,373
373,374
889,378
378,379
2956,379
889,380
380,381
1264,381
2880,381
889,382
926,383
878,384
889,385
385,386
955,387
840,388
889,389
389,390
889,391
391,392
473,393
889,394
394,395
889,397
397,398
889,399
399,400
1264,400
732,401
602,402
797,403
777,404
922,407
889,408
408,409
1264,409
1325,409
931,410
889,411
411,412
814,413
889,414
764,415
889,416
889,419
419,420
909,421
948,422
691,423
461,424
889,425
425,426
1835,426
1847,426
1876,426
911,427
889,428
428,429
881,430
889,431
963,432
889,433
433,434
869,436
501,437
693,438
889,439
439,440
889,442
889,443
443,444
1264,444
2043,444
2587,444
835,445
585,446
889,447
447,448
889,449
449,450
904,451
480,452
889,453
453,454
686,455
670,456
838,457
809,458
889,459
459,460
889,461
889,462
462,463
889,464
464,465
650,466
509,468
952,470
889,471
471,472
889,473
663,474
1021,474
1264,474
2587,474
2790,474
889,476
476,477
1264,477
889,478
478,479
889,480
889,481
481,482
633,483
889,484
484,485
889,486
486,487
752,488
520,491
889,492
889,493
493,494
666,495
929,496
889,497
497,498
889,499
499,500
889,501
889,502
889,503
889,504
504,505
889,506
889,507
507,508
889,509
889,514
514,515
889,516
516,517
889,518
518,519
889,520
889,521
521,522
2504,522
778,523
889,524
524,525
889,526
889,527
527,528
889,530
938,531
889,532
889,533
889,534
534,535
880,537
776,538
802,539
642,540
655,544
1264,544
2308,544
889,545
545,546
889,549
549,550
889,551
761,552
877,553
889,556
556,557
868,558
889,559
559,560
713,561
889,562
562,563
741,564
889,565
889,566
889,567
889,568
889,569
569,570
889,571
571,572
889,573
573,574
1264,574
2027,574
2587,574
699,575
889,576
576,577
889,580
580,581
889,582
889,585
831,586
889,587
587,588
889,591
591,592
889,593
593,594
770,601
889,602
673,604
889,605
605,606
899,609
889,612
612,613
702,614
889,615
615,616
687,617
889,618
618,619
1264,619
2662,619
907,620
675,622
3231,622
889,623
623,624
723,625
889,626
889,628
628,629
889,630
630,631
889,632
889,633
889,634
634,635
889,636
636,637
1251,637
1264,637
889,639
639,640
947,641
889,642
645,643
801,644
889,645
889,646
646,647
760,648
1264,648
2642,648
661,649
889,650
889,652
652,653
891,654
889,655
889,656
889,657
657,658
921,659
800,660
889,661
919,662
1264,662
1983,662
1984,662
2001,662
2254,662
2587,662
2630,662
2631,662
2647,662
2658,662
2722,662
889,663
889,664
664,665
889,666
807,667
889,668
668,669
889,670
828,671
889,673
692,674
889,675
889,676
676,677
1264,677
2292,677
889,678
889,679
679,680
958,681
889,683
683,684
889,686
889,687
903,688
889,689
689,690
889,691
889,692
889,693
874,694
889,695
695,696
889,697
697,698
889,699
716,701
889,702
889,705
832,706
804,707
889,708
841,709
889,710
823,711
889,712
889,713
889,714
714,715
889,716
889,717
846,718
889,719
719,720
773,721
889,722
889,723
889,724
724,725
937,727
889,728
728,729
889,730
730,731
889,732
889,733
889,734
734,735
871,736
889,737
850,738
889,739
837,740
889,741
824,742
927,743
889,744
889,745
745,746
889,748
889,749
749,750
889,752
889,753
753,754
889,755
755,756
889,757
757,758
895,759
889,760
889,761
889,762
762,763
889,764
766,765
889,766
889,767
767,768
889,769
889,770
860,771
782,772
889,773
889,774
774,775
889,776
889,777
889,778
889,779
889,780
780,781
889,782
954,783
889,784
889,785
822,786
2513,786
944,787
968,788
889,789
889,793
889,794
794,795
889,796
889,797
889,798
798,799
889,800
889,801
889,802
941,803
889,804
889,805
805,806
889,807
889,809
889,810
810,811
889,812
812,813
889,814
889,817
889,818
818,819
962,820
889,821
889,822
889,823
889,824
834,827
889,828
876,829
872,830
889,831
889,832
889,833
889,834
889,835
900,836
889,837
889,838
889,839
889,840
889,841
889,842
842,843
923,844
889,846
889,847
847,848
889,849
889,850
889,851
851,852
889,853
853,854
889,855
855,856
889,857
857,858
1264,858
2025,858
2587,858
2837,858
889,859
889,860
875,863
3000,866
889,868
889,869
889,870
889,871
889,872
928,873
889,874
889,875
889,876
889,877
889,878
889,879
889,880
889,881
956,882
889,883
883,884
949,885
913,886
889,887
887,888
889,890
889,891
889,892
889,895
889,896
889,897
889,899
889,900
889,901
889,902
889,903
889,904
889,905
889,906
889,907
889,909
889,910
889,911
889,912
889,913
889,914
889,917
889,919
889,920
889,921
889,922
889,923
889,924
889,925
889,926
889,927
889,928
889,929
889,930
889,931
889,934
889,935
889,936
889,937
889,938
889,941
889,942
889,944
889,945
889,946
889,947
889,948
889,949
889,950
889,951
889,952
889,954
889,955
889,956
889,957
889,958
889,959
889,960
889,962
889,963
889,965
889,966
889,967
889,968
889,969
889,970
889,972
920,975
960,976
902,978
917,979
905,980
967,981
934,982
945,983
946,984
1264,984
1959,984
2064,984
2258,984
2587,984
2838,984
936,985
930,986
906,987
969,988
914,989
950,990
966,992
959,993
925,994
910,996
997,998
1264,999
2587,999
999,1000
999,1001
1264,1001
2587,1001
1264,1002
1002,1003
1002,1004
1119,1004
1265,1004
1277,1004
1346,1004
1391,1004
1397,1004
1887,1004
1897,1004
1918,1004
1002,1005
1002,1006
1290,1007
1264,1008
1008,1009
1015,1009
1023,1009
1035,1009
1068,1009
1111,1009
1117,1009
1149,1009
1159,1009
1165,1009
1173,1009
1189,1009
1213,1009
1220,1009
1242,1009
1246,1009
1252,1009
1254,1009
1266,1009
1267,1009
1270,1009
1273,1009
1274,1009
1278,1009
1281,1009
1282,1009
1283,1009
1293,1009
1295,1009
1297,1009
1301,1009
1305,1009
1313,1009
1314,1009
1317,1009
1319,1009
1320,1009
1333,1009
1335,1009
1342,1009
1344,1009
1351,1009
1365,1009
1366,1009
1370,1009
1374,1009
1390,1009
1392,1009
1396,1009
1398,1009
1399,1009
1421,1009
1008,1010
1008,1011
1322,1012
1264,1013
2587,1013
1013,1014
1401,1014
1264,1015
1015,1016
1015,1017
1264,1018
2587,1018
1018,1019
1062,1019
1279,1019
1023,1020
1264,1021
1384,1021
2587,1021
1021,1022
1264,1023
1023,1024
1346,1025
1264,1026
1393,1026
2587,1026
1026,1027
1327,1027
1026,1028
1264,1028
1383,1028
1895,1028
2429,1028
2587,1028
1180,1029
1335,1030
1090,1031
1264,1032
1417,1032
1264,1033
2587,1033
1033,1034
1264,1035
1035,1036
1035,1037
1384,1038
1346,1039
1360,1040
1344,1041
1145,1042
1264,1042
2587,1042
1042,1043
1264,1043
2587,1043
1042,1044
1042,1045
1145,1045
1142,1046
1257,1046
1307,1046
1318,1046
1264,1047
1047,1048
1329,1048
1363,1048
1417,1048
1264,1049
1049,1050
1264,1050
1049,1051
1286,1052
1264,1053
1053,1054
1053,1055
1264,1055
1053,1056
1264,1057
1405,1057
2587,1057
1057,1058
1264,1058
2587,1058
1057,1059
1315,1059
1406,1059
1265,1060
1264,1061
2587,1061
1061,1062
1264,1062
2587,1062
1061,1063
1278,1064
1234,1065
1299,1066
1117,1067
1264,1068
1068,1069
1068,1070
1264,1071
1410,1071
2275,1071
2587,1071
1264,1072
2587,1072
1072,1073
1147,1073
1341,1074
1249,1075
1251,1075
1264,1075
1075,1076
1075,1077
1337,1078
1264,1079
1079,1080
1264,1080
2467,1080
1079,1081
1173,1082
1087,1083
1264,1084
2587,1084
1084,1085
1344,1086
1264,1087
2587,1087
1087,1088
1264,1088
2587,1088
1299,1089
1264,1090
1090,1091
1299,1091
1310,1091
1324,1091
1334,1091
1341,1091
1354,1091
1373,1091
1375,1091
1409,1091
1412,1091
1413,1091
1531,1091
1891,1091
1090,1092
1389,1093
1282,1094
1321,1095
1296,1096
1365,1097
1310,1098
1264,1099
2587,1099
1099,1100
1264,1100
2587,1100
1099,1101
1265,1102
1264,1103
1103,1104
1264,1104
1103,1105
1415,1106
1270,1107
1317,1108
1287,1109
1316,1109
1331,1109
1292,1110
1264,1111
1111,1112
1310,1113
1351,1114
1062,1115
1264,1115
2587,1115
1402,1116
1264,1117
1117,1118
1264,1119
1119,1120
1119,1121
1119,1122
1264,1123
1123,1124
1123,1125
1264,1125
1264,1126
2587,1126
1126,1127
1317,1128
1139,1129
1392,1130
1305,1131
1264,1132
2587,1132
1132,1133
1178,1133
1340,1133
1412,1134
1088,1135
1088,1136
1264,1136
2587,1136
1140,1137
1264,1137
2431,1137
2587,1137
1219,1138
1264,1139
2587,1139
1139,1140
1264,1140
2587,1140
1277,1141
1264,1142
1273,1143
1364,1144
1264,1145
2587,1145
1145,1146
1264,1147
2587,1147
1531,1148
1264,1149
1149,1150
1149,1151
1267,1152
1264,1153
1153,1154
1153,1155
1153,1156
1280,1156
1357,1156
1371,1156
1415,1156
1211,1157
1264,1157
2587,1157
1157,1158
1264,1159
1159,1160
1159,1161
1125,1162
1308,1162
1125,1163
1264,1163
1415,1164
1264,1165
1165,1166
1165,1167
1375,1168
1264,1169
2587,1169
1169,1170
1270,1171
1370,1172
1264,1173
1173,1174
1264,1175
1389,1175
1398,1176
1252,1177
1264,1178
2587,1178
1178,1179
1264,1179
2587,1179
1264,1180
1180,1181
1180,1182
1321,1182
1364,1182
2638,1182
1264,1183
1183,1184
1183,1185
1264,1186
2587,1186
1186,1187
1387,1187
1283,1188
1264,1189
1189,1190
1189,1191
1366,1192
1264,1193
1193,1194
1264,1194
1413,1195
1342,1196
1264,1197
2587,1197
1197,1198
1264,1199
2587,1199
1199,1200
1395,1200
1272,1201
1383,1202
1393,1202
1380,1203
1001,1204
1264,1205
2587,1205
1205,1206
1205,1207
1319,1208
1322,1209
1391,1210
1264,1211
2587,1211
1211,1212
1264,1213
1213,1214
1213,1215
1264,1216
1216,1217
1267,1218
1264,1219
2587,1219
1264,1220
1220,1221
1220,1222
1367,1223
1242,1224
1264,1225
1225,1226
1264,1226
1225,1227
1264,1228
1312,1228
2587,1228
1228,1229
1264,1229
2587,1229
1228,1230
1377,1231
1264,1232
2587,1232
1232,1233
1232,1234
1264,1234
2587,1234
1179,1235
1309,1236
1386,1237
1365,1238
1398,1239
1246,1240
1264,1241
1380,1241
2587,1241
1264,1242
1242,1243
1264,1244
1402,1244
2438,1244
2587,1244
1379,1245
1264,1246
1246,1247
1300,1248
1264,1249
1249,1250
1249,1251
1264,1251
1264,1252
1252,1253
1264,1254
1254,1255
1254,1256
1397,1258
1357,1259
1355,1260
1421,1261
1297,1262
1264,1263
1418,1263
2587,1263
1264,1265
1264,1266
1264,1267
1264,1268
1269,1268
2587,1268
1264,1269
2587,1269
1264,1270
1264,1271
1264,1272
2587,1272
1264,1273
1264,1274
1264,1275
1264,1276
1264,1277
1264,1278
1264,1279
2587,1279
1264,1280
1264,1281
1264,1282
1264,1283
1264,1284
1264,1285
1381,1285
2587,1285
1264,1286
1264,1287
2587,1287
1264,1288
2587,1288
1264,1289
1264,1290
1264,1291
2587,1291
1264,1292
2587,1292
1264,1293
1264,1294
1264,1295
1264,1296
2587,1296
1264,1297
1264,1298
2587,1298
1264,1299
1264,1300
1355,1300
2587,1300
1264,1301
1264,1302
2587,1302
1264,1303
1337,1303
2587,1303
1264,1304
2587,1304
1264,1305
1264,1306
1264,1307
1264,1308
1264,1309
2587,1309
1264,1310
1264,1311
1325,1311
1264,1312
2587,1312
1264,1313
1264,1314
1264,1315
1332,1315
2587,1315
1264,1316
2587,1316
1264,1317
1264,1318
1272,1318
2587,1318
1264,1319
1264,1320
1264,1321
1264,1322
1264,1323
1289,1323
2934,1323
1264,1324
1264,1325
1264,1326
2587,1326
1264,1327
2587,1327
1264,1328
1264,1329
1264,1330
1264,1331
2587,1331
1264,1332
2587,1332
1264,1333
1264,1334
1264,1335
1264,1336
2587,1336
1264,1337
2587,1337
1264,1338
1264,1339
1264,1340
2587,1340
1264,1341
1264,1342
1264,1343
2587,1343
1264,1344
1264,1345
1318,1345
2587,1345
1264,1346
1264,1347
2587,1347
1264,1348
2587,1348
1264,1349
2587,1349
1264,1350
1264,1351
1264,1352
1303,1352
2380,1352
2587,1352
1264,1353
2587,1353
1264,1354
1264,1355
2587,1355
1001,1356
1264,1356
2587,1356
1264,1357
1100,1358
1264,1358
2587,1358
1264,1359
1264,1360
2587,1360
1264,1361
2587,1361
1264,1362
2587,1362
1264,1363
1264,1364
1264,1365
1264,1366
1264,1367
2587,1367
1264,1368
1268,1368
2587,1368
1264,1369
2587,1369
1264,1370
1264,1371
1264,1372
2587,1372
1264,1373
1264,1374
1264,1375
1264,1376
2587,1376
1264,1377
2587,1377
1264,1379
2587,1379
1264,1380
1403,1380
2587,1380
1264,1381
2587,1381
1264,1382
1315,1382
2587,1382
1264,1383
1287,1383
2587,1383
1264,1384
2587,1384
1264,1385
1288,1385
2587,1385
1264,1386
1264,1387
2587,1387
1264,1388
1264,1389
1419,1389
1264,1390
1264,1391
1264,1392
1264,1393
2587,1393
1264,1394
2587,1394
1264,1395
2587,1395
1264,1396
1264,1397
1264,1398
1264,1399
1264,1400
1300,1400
2442,1400
2587,1400
1264,1401
2587,1401
1264,1402
1279,1402
2587,1402
1264,1403
2587,1403
1264,1404
1264,1405
2587,1405
1264,1406
1264,1407
1385,1407
2587,1407
1264,1408
2587,1408
1264,1409
1264,1410
1349,1410
2587,1410
1264,1411
1264,1412
1264,1413
1264,1414
1264,1415
1264,1416
1285,1416
2587,1416
1264,1417
1414,1417
1264,1418
1296,1418
2587,1418
1264,1419
1179,1420
1264,1420
2587,1420
1264,1421
1390,1422
1280,1423
1302,1424
1326,1424
1274,1425
1289,1426
1390,1427
1413,1428
1334,1429
1320,1430
1375,1431
1271,1432
1325,1432
1359,1432
1140,1433
1268,1433
1288,1433
1265,1434
1273,1435
1333,1436
1333,1437
1357,1438
1281,1439
1371,1440
1280,1441
1391,1442
1286,1443
1290,1443
1322,1443
2685,1443
2741,1443
2745,1443
2757,1443
2761,1443
2764,1443
3274,1443
3326,1443
1312,1444
1370,1445
1334,1446
1391,1447
1301,1448
1301,1449
1361,1450
1354,1451
1396,1452
1418,1453
1347,1454
1269,1455
1348,1456
1275,1457
1306,1457
1350,1457
1266,1458
1399,1459
1297,1460
1100,1461
1332,1462
1321,1463
1414,1464
1314,1465
1314,1466
1419,1467
1293,1468
1251,1469
1349,1470
1277,1471
1274,1472
1281,1473
1336,1474
1399,1475
1290,1476
1412,1477
1386,1478
1385,1479
1373,1480
1397,1481
1397,1482
1346,1483
1282,1484
1280,1485
1277,1486
1364,1487
1369,1488
1409,1489
1409,1490
1408,1491
1374,1492
1374,1493
1293,1494
1421,1495
1303,1496
1371,1497
1324,1498
1324,1499
1403,1500
1283,1501
1278,1502
1286,1503
1381,1504
1405,1505
1392,1506
1320,1507
1339,1508
1266,1509
1373,1510
1291,1511
1351,1512
1305,1513
1410,1514
1335,1515
1276,1516
1415,1517
1357,1518
1304,1519
1343,1520
1366,1521
1319,1522
1362,1523
1396,1524
1341,1525
1394,1526
1294,1527
1295,1528
1295,1529
1285,1530
1353,1530
1372,1530
1531,1532
1311,1533
1311,1534
1371,1535
1313,1536
1313,1537
1342,1538
1298,1539
1376,1540
1673,1541
1674,1542
2225,1542
1543,1544
1543,1545
1571,1545
1592,1545
3153,1545
3198,1545
3217,1545
3233,1545
3239,1545
3247,1545
3250,1545
3260,1545
3398,1545
3414,1545
1543,1546
1547,1548
2208,1548
1547,1549
2208,1549
1547,1550
1558,1550
1568,1550
1581,1550
1585,1550
1603,1550
1606,1550
1609,1550
1612,1550
1615,1550
1618,1550
1621,1550
1647,1550
1652,1550
1654,1550
1658,1550
1661,1550
1667,1550
1673,1550
1674,1550
1682,1550
1685,1550
1689,1550
1690,1550
1698,1550
1703,1550
1707,1550
1709,1550
1718,1550
1722,1550
1726,1550
1728,1550
1733,1550
1735,1550
1738,1550
1741,1550
1750,1550
1752,1550
1754,1550
1765,1550
1779,1550
1783,1550
1789,1550
1791,1550
1796,1550
1800,1550
1803,1550
1806,1550
1810,1550
1816,1550
1817,1550
1821,1550
1822,1550
1825,1550
1826,1550
1827,1550
1829,1550
1830,1550
1805,1551
2214,1551
1726,1552
2185,1552
1690,1553
2242,1553
1554,1555
2238,1555
1554,1556
2238,1556
1554,1557
1628,1557
1633,1557
1663,1557
1693,1557
1711,1557
1748,1557
1761,1557
1785,1557
1795,1557
1805,1557
1558,1559
2230,1559
1558,1560
2230,1560
1805,1561
2214,1561
1817,1562
1707,1563
1773,1564
2222,1564
1806,1565
2144,1565
1581,1566
2172,1566
1791,1567
2120,1567
1568,1569
1568,1570
1571,1572
1571,1573
1661,1574
2213,1574
1621,1575
2237,1575
1576,1577
1588,1577
1624,1577
1729,1577
1745,1577
1759,1577
1773,1577
1788,1577
1798,1577
1814,1577
1576,1578
2169,1578
1576,1579
2169,1579
1576,1580
2169,1580
1581,1582
2172,1582
1636,1583
2154,1583
2568,1583
2572,1583
3232,1583
1624,1584
1585,1586
2191,1586
1585,1587
2191,1587
1588,1589
2243,1589
2577,1589
1588,1590
2577,1590
1588,1591
2243,1591
2577,1591
1592,1593
1592,1594
1789,1595
2117,1595
1788,1596
2123,1596
1597,1598
1597,1599
1816,1600
1826,1601
2204,1601
1689,1602
2240,1602
1603,1604
2192,1604
1603,1605
2192,1605
1606,1607
2148,1607
1606,1608
2148,1608
1609,1610
2203,1610
1609,1611
2203,1611
1612,1613
2246,1613
1612,1614
2246,1614
1615,1616
2245,1616
1615,1617
2245,1617
1618,1619
2234,1619
1618,1620
2234,1620
1621,1622
2237,1622
1733,1623
2128,1623
1624,1625
1624,1626
1647,1627
1628,1629
2193,1629
1628,1630
2193,1630
1816,1631
1728,1632
2150,1632
1633,1634
2232,1634
1633,1635
2232,1635
1636,1637
1636,1638
1789,1639
2117,1639
1689,1640
2240,1640
1827,1641
1658,1642
2126,1642
1796,1643
2168,1643
1817,1644
1759,1645
1673,1646
1647,1648
1829,1649
2176,1649
1652,1650
2215,1650
1703,1651
2127,1651
1652,1653
2215,1653
1654,1655
2190,1655
1654,1656
2190,1656
1779,1657
2239,1657
1658,1659
2126,1659
1773,1660
2222,1660
1661,1662
2213,1662
1663,1664
2202,1664
1663,1665
2202,1665
1750,1666
2178,1666
1667,1668
2182,1668
1667,1669
2182,1669
1779,1670
2239,1670
1759,1671
1803,1672
2199,1672
1674,1675
2225,1675
1745,1676
2233,1676
1598,1677
1822,1678
1679,1680
1679,1681
1682,1683
2210,1683
1682,1684
2210,1684
1685,1686
2247,1686
1685,1687
2247,1687
1690,1691
2242,1691
1798,1692
1693,1694
2187,1694
1693,1695
2187,1695
1783,1696
2151,1696
1752,1697
2229,1697
1698,1699
2136,1699
1698,1700
2136,1700
1830,1701
2226,1701
1796,1702
2168,1702
1703,1704
2127,1704
1741,1705
1761,1706
2218,1706
1707,1708
1709,1710
2158,1710
1711,1712
2121,1712
1711,1713
2121,1713
1791,1714
2120,1714
1814,1715
1783,1716
2151,1716
1748,1717
1718,1719
2149,1719
1718,1720
2149,1720
1728,1721
2150,1721
1722,1723
2186,1723
1722,1724
2186,1724
1810,1725
1726,1727
2185,1727
1729,1730
1729,1731
1729,1732
1733,1734
2128,1734
1735,1736
2152,1736
1735,1737
2152,1737
1738,1739
2216,1739
1738,1740
2216,1740
1741,1742
1821,1743
2220,1743
1788,1744
2123,1744
1745,1746
2233,1746
1745,1747
2233,1747
1748,1749
1750,1751
2178,1751
1752,1753
2229,1753
1754,1755
2180,1755
1754,1756
2180,1756
1814,1757
1795,1758
2221,1758
1759,1760
1761,1762
2218,1762
1803,1763
2199,1763
1772,1764
1765,1766
1765,1767
1680,1768
1680,1769
1770,1771
1770,1772
1773,1774
2222,1774
1824,1775
1788,1776
2123,1776
1829,1777
2176,1777
1785,1778
2153,1778
1830,1780
2226,1780
1823,1781
1785,1782
2153,1782
1814,1784
1787,1786
1598,1790
1825,1792
2157,1792
1826,1793
2204,1793
1798,1794
1772,1797
1798,1799
1800,1801
2164,1801
1800,1802
2164,1802
1822,1804
1806,1807
2144,1807
1825,1808
2157,1808
1810,1811
1820,1812
1821,1813
2220,1813
1819,1815
1824,1818
1823,1824
1827,1828
1264,1832
1833,1834
1836,1834
1838,1834
1840,1834
1844,1834
1846,1834
1847,1834
1849,1834
1850,1834
1851,1834
1852,1834
1854,1834
1836,1837
1844,1837
1838,1839
1846,1839
1850,1839
1840,1841
1840,1842
1841,1843
1849,1845
1851,1848
1852,1853
1854,1853
1887,1877
1264,1878
1882,1878
1888,1878
2587,1878
1264,1879
1878,1879
2587,1879
1878,1880
1887,1881
1264,1882
1888,1882
2587,1882
1264,1883
1882,1883
2587,1883
1882,1884
1264,1885
1887,1886
1264,1887
1264,1888
2587,1888
1888,1889
1897,1890
1264,1891
1891,1892
1891,1893
1264,1894
2587,1894
1264,1895
1894,1895
2587,1895
1894,1896
1264,1897
1897,1898
1897,1899
1907,1900
1900,1901
1264,1902
2587,1902
1902,1903
1913,1903
1909,1904
1907,1905
1910,1906
1264,1907
1264,1908
1907,1908
1264,1909
2587,1909
1264,1910
1909,1910
2587,1910
1916,1911
1918,1912
1264,1913
2587,1913
1916,1914
1264,1915
1910,1915
2038,1915
2587,1915
1264,1916
1264,1917
1919,1917
1264,1918
1264,1919
1264,1920
1916,1921
1916,1922
1918,1923
1895,1924
1919,1925
1918,1926
1919,1927
1937,1931
1932,1933
1932,1934
1933,1935
1933,1936
1264,1938
1938,1939
1938,1940
1938,1941
1938,1942
2047,1943
2003,1944
2622,1944
2679,1944
2717,1944
2774,1944
2791,1944
2847,1944
2850,1944
2874,1944
3318,1944
3353,1944
3357,1944
1264,1945
2587,1945
1945,1946
2014,1947
2038,1948
2041,1949
2042,1950
2007,1951
2014,1952
1956,1953
1987,1954
2017,1955
2051,1955
1264,1956
1956,1957
1956,1958
1967,1958
2014,1958
2021,1958
2030,1958
2250,1958
2298,1958
2315,1958
2325,1958
2613,1958
2617,1958
2632,1958
2650,1958
2714,1958
2727,1958
2739,1958
2748,1958
2752,1958
2771,1958
2782,1958
2798,1958
2813,1958
2817,1958
2824,1958
2826,1958
2828,1958
2842,1958
2844,1958
2849,1958
2855,1958
2858,1958
2860,1958
2861,1958
2866,1958
2867,1958
2873,1958
3267,1958
3270,1958
3315,1958
3347,1958
3350,1958
3355,1958
3358,1958
3359,1958
3361,1958
3362,1958
1264,1959
2045,1959
2587,1959
1959,1960
1959,1961
2045,1961
1264,1962
1962,1963
1962,1964
2007,1964
2282,1964
2314,1964
2326,1964
2731,1964
2852,1964
2870,1964
1962,1965
1962,1966
1264,1967
1967,1968
1967,1969
1264,1970
2297,1970
2587,1970
2810,1970
1264,1971
1974,1971
2587,1971
2007,1972
2048,1973
1264,1974
2024,1974
2587,1974
1264,1975
1974,1975
2587,1975
1974,1976
2049,1977
1264,1979
2040,1979
1264,1980
2030,1981
1264,1982
2587,1982
1982,1983
1984,1983
1264,1984
1982,1984
2587,1984
1982,1985
2041,1986
1264,1987
2587,1987
1987,1988
1264,1989
1987,1989
2587,1989
2027,1990
2049,1991
2050,1992
1264,1993
1996,1993
2587,1993
2030,1994
1264,1995
2587,1995
1264,1996
1995,1996
2587,1996
1995,1997
2048,1998
1264,1999
1999,2000
1999,2001
1264,2002
1999,2002
2656,2002
1264,2003
2003,2004
2003,2005
1975,2006
1264,2007
2007,2008
1264,2009
2009,2010
1264,2011
2009,2011
2023,2012
2040,2012
2034,2013
1264,2014
1996,2015
2046,2016
1264,2017
2587,2017
2021,2018
1264,2019
2032,2019
2024,2020
1264,2021
2021,2022
1264,2023
2587,2023
1264,2024
2587,2024
1264,2025
2034,2025
2587,2025
2025,2026
1264,2027
2036,2027
2587,2027
1984,2028
2049,2029
1264,2030
2032,2031
2044,2031
1264,2032
2042,2033
1264,2034
2587,2034
1264,2036
2587,2036
2036,2037
1264,2038
2050,2038
2587,2038
2043,2039
1264,2040
1264,2041
1264,2042
1264,2043
2051,2043
2587,2043
1264,2044
1264,2045
2587,2045
1264,2046
2587,2046
1264,2047
1264,2048
1264,2049
1264,2050
2587,2050
1264,2051
2587,2051
2041,2052
2294,2052
2320,2052
2795,2052
2042,2053
2042,2054
2047,2055
2047,2056
2045,2057
2043,2058
2049,2059
2287,2059
2312,2059
2316,2059
2786,2059
2865,2059
2048,2060
2065,2066
2065,2067
2100,2068
2113,2070
2070,2071
2072,2073
2074,2075
2076,2077
2082,2079
2113,2084
2066,2089
2105,2091
2092,2093
2092,2094
2100,2095
2095,2096
2610,2096
3291,2096
3307,2096
2102,2097
2111,2098
2113,2099
2102,2103
2109,2104
2109,2110
2117,2118
2120,2118
2126,2118
2127,2118
2128,2118
2129,2118
2136,2118
2141,2118
2144,2118
2145,2118
2148,2118
2149,2118
2150,2118
2151,2118
2152,2118
2157,2118
2158,2118
2164,2118
2168,2118
2172,2118
2176,2118
2178,2118
2180,2118
2182,2118
2185,2118
2186,2118
2190,2118
2191,2118
2192,2118
2194,2118
2199,2118
2203,2118
2204,2118
2208,2118
2210,2118
2213,2118
2215,2118
2216,2118
2220,2118
2225,2118
2226,2118
2229,2118
2230,2118
2234,2118
2235,2118
2237,2118
2239,2118
2240,2118
2242,2118
2244,2118
2245,2118
2246,2118
2247,2118
2549,2118
2556,2118
2559,2118
2562,2118
2570,2118
2976,2118
2981,2118
2988,2118
3004,2118
3007,2118
3018,2118
3026,2118
3029,2118
3040,2118
3043,2118
3047,2118
3049,2118
3054,2118
3063,2118
3073,2118
3077,2118
3080,2118
3093,2118
3097,2118
3103,2118
3111,2118
3123,2118
3131,2118
3133,2118
3136,2118
3143,2118
3147,2118
3156,2118
3161,2118
3170,2118
3173,2118
3177,2118
3180,2118
3182,2118
3192,2118
3206,2118
3207,2118
3208,2118
3211,2118
3219,2118
3220,2118
3221,2118
3223,2118
3237,2118
3240,2118
3241,2118
3242,2118
3243,2118
3248,2118
3256,2118
3258,2118
3404,2118
3407,2118
3411,2118
3424,2118
3435,2118
3438,2118
3451,2118
3453,2118
3456,2118
3457,2118
2137,2119
2121,2122
2153,2122
2187,2122
2193,2122
2200,2122
2202,2122
2212,2122
2214,2122
2218,2122
2219,2122
2221,2122
2223,2122
2232,2122
2238,2122
2969,2122
2973,2122
2992,2122
2997,2122
3010,2122
3068,2122
3197,2122
3213,2122
3245,2122
3246,2122
3257,2122
3401,2122
3421,2122
3441,2122
3443,2122
3455,2122
2123,2124
2133,2124
2160,2124
2169,2124
2183,2124
2205,2124
2222,2124
2233,2124
2236,2124
2243,2124
2552,2124
2574,2124
2577,2124
2579,2124
3166,2124
3194,2124
3226,2124
3394,2124
2133,2125
2129,2130
2129,2131
2194,2132
2133,2134
2133,2135
2137,2138
2137,2139
2137,2140
2141,2142
2141,2143
2145,2146
2145,2147
2154,2155
2154,2156
2158,2159
2160,2161
2160,2162
2160,2163
2183,2165
2183,2166
2212,2167
2243,2170
2236,2171
2235,2173
2212,2174
2236,2175
2236,2177
2244,2179
2227,2181
2183,2184
2219,2188
2205,2189
2194,2195
2200,2196
2227,2197
2219,2198
2200,2201
2205,2206
2205,2207
2223,2209
2221,2211
2227,2217
2223,2224
2227,2228
2235,2231
2244,2241
2287,2248
2323,2249
1264,2250
2250,2251
2250,2252
1264,2253
2253,2254
1264,2255
2253,2255
2253,2256
2263,2257
1264,2258
2323,2258
2587,2258
2258,2259
2838,2259
2258,2260
1264,2261
2321,2261
1264,2262
2587,2262
1264,2263
2262,2263
2587,2263
2262,2264
2314,2265
2327,2266
2297,2267
2298,2268
2322,2269
2320,2270
2294,2271
2316,2272
2298,2273
2326,2274
1264,2275
2319,2275
2587,2275
2275,2276
1264,2277
2304,2277
2587,2277
2302,2278
2304,2278
2278,2279
2318,2280
2312,2281
1264,2282
2282,2283
2282,2284
2282,2285
2309,2286
1264,2287
2287,2288
2287,2289
2324,2290
3360,2290
2313,2291
1264,2292
2292,2293
2311,2293
1264,2294
2294,2295
1264,2296
2328,2296
2587,2296
1264,2297
2300,2297
2587,2297
1264,2298
2320,2299
1264,2300
2587,2300
2300,2301
1264,2302
2587,2302
2302,2303
1264,2304
2302,2304
2587,2304
2328,2305
1264,2306
2324,2306
2863,2306
3360,2306
2316,2307
1264,2308
1264,2309
2587,2309
1264,2310
1264,2311
2587,2311
1264,2312
1264,2313
1264,2314
1264,2315
1264,2316
1264,2317
2263,2317
2587,2317
1264,2318
2587,2318
1264,2319
2587,2319
1264,2320
1264,2321
1264,2322
2587,2322
1264,2323
2587,2323
1264,2324
1264,2325
1264,2326
1264,2327
1264,2328
2318,2328
2587,2328
1264,2329
2587,2329
2304,2330
2316,2331
2312,2332
2326,2333
2308,2334
2321,2335
2319,2336
2329,2337
2327,2338
2324,2339
2315,2340
2326,2341
2325,2342
2325,2343
2315,2344
2312,2345
2314,2346
2314,2347
2327,2348
889,2349
2349,2350
889,2351
2351,2352
2368,2353
2444,2354
2373,2355
2458,2356
2451,2357
2469,2358
889,2359
2359,2360
889,2361
2361,2362
2465,2363
889,2364
2364,2365
889,2366
2366,2367
889,2368
889,2369
2369,2370
889,2371
2441,2372
889,2373
2433,2374
2448,2375
889,2376
2376,2377
889,2378
2378,2379
889,2380
889,2381
2381,2382
2449,2383
889,2384
2384,2385
2460,2386
2437,2387
2414,2388
889,2389
2389,2390
889,2391
2391,2392
2411,2393
889,2394
2394,2395
2468,2396
889,2397
2397,2398
889,2399
2399,2400
2419,2401
889,2402
2402,2403
2420,2404
889,2405
2405,2406
889,2407
2407,2408
889,2409
2409,2410
889,2411
889,2412
2412,2413
889,2414
2440,2415
889,2416
2416,2417
2463,2418
889,2419
889,2420
2453,2421
889,2422
2422,2423
889,2424
2424,2425
889,2426
2426,2427
889,2428
889,2429
889,2430
889,2431
889,2432
889,2433
889,2434
889,2435
889,2436
889,2437
889,2438
889,2439
889,2440
889,2441
889,2442
889,2443
889,2444
889,2445
889,2446
889,2447
889,2448
889,2449
889,2450
889,2451
889,2452
889,2453
889,2454
889,2455
889,2456
889,2457
889,2458
889,2459
889,2460
889,2461
889,2462
889,2463
889,2464
889,2465
889,2466
889,2467
889,2468
889,2469
2455,2470
2446,2471
2456,2472
2445,2473
2454,2474
2457,2475
2447,2476
2430,2477
2432,2478
2428,2479
2443,2480
2452,2481
2439,2482
2461,2483
2462,2484
2450,2485
2436,2486
2435,2487
2464,2488
2466,2489
2434,2490
1264,2491
2459,2491
3324,2491
2492,2493
2545,2496
2496,2497
3195,2497
2506,2498
2508,2498
2499,2500
2499,2501
2539,2502
2503,2504
2503,2505
2515,2506
2506,2507
2506,2508
2513,2509
2509,2510
2542,2512
2513,2514
2515,2516
2544,2519
2542,2520
2523,2524
2542,2527
2539,2540
2504,2541
2545,2543
2568,2546
2579,2547
2572,2548
2549,2550
2549,2551
2552,2553
2552,2554
2552,2555
2556,2557
2556,2558
2559,2560
2559,2561
2562,2563
2562,2564
2579,2565
2570,2566
2574,2567
2568,2569
2570,2571
2572,2573
2574,2575
2574,2576
2579,2578
2587,2581
2590,2581
2587,2582
2595,2583
2587,2584
2594,2584
2590,2585
2590,2586
2587,2588
2587,2589
2587,2590
2587,2591
2588,2591
2587,2592
2587,2593
2595,2593
2587,2594
2587,2595
2594,2596
2595,2597
2588,2598
2588,2599
1264,2600
2600,2601
2689,2601
2632,2602
1264,2603
2713,2603
2615,2604
2821,2604
2840,2604
2846,2605
2856,2606
2613,2607
1264,2608
2608,2609
2832,2610
2847,2611
2712,2612
1264,2613
2613,2614
1264,2615
2829,2615
1264,2616
2615,2616
1264,2617
2617,2618
2617,2619
2866,2620
2866,2621
1264,2622
2622,2623
2622,2624
1264,2625
2625,2626
2879,2626
1264,2627
1264,2628
2627,2628
2627,2629
2627,2630
2805,2631
1264,2632
2632,2633
2721,2634
1264,2635
2635,2636
2861,2637
1264,2638
2638,2639
2638,2640
1264,2641
1264,2642
2641,2642
2641,2643
1264,2644
2644,2645
2867,2646
2845,2647
1264,2648
2648,2649
1264,2650
2650,2651
2650,2652
2717,2653
1264,2654
2654,2655
1264,2656
2656,2657
2656,2658
1264,2659
1264,2660
2659,2660
2659,2661
1264,2662
2662,2663
2755,2663
2837,2663
1264,2664
2868,2664
2664,2665
1264,2666
2664,2666
2867,2667
2739,2668
1264,2669
2669,2670
2835,2671
2871,2672
2756,2673
2790,2674
2745,2675
2709,2676
1264,2677
2677,2678
2797,2678
2823,2678
3428,2678
3430,2678
3448,2678
1264,2679
2679,2680
2679,2681
2761,2682
2858,2683
2810,2684
1264,2685
2685,2686
2685,2687
2791,2688
1264,2689
2852,2690
1264,2691
2959,2691
2691,2692
2833,2693
2825,2694
2841,2694
1264,2695
2695,2696
2769,2696
2848,2696
2704,2697
2774,2698
1264,2699
2699,2700
1264,2701
2699,2701
2819,2702
2798,2703
1264,2704
2642,2705
2642,2706
1264,2707
2707,2708
1264,2709
1264,2710
2709,2710
2818,2711
2882,2711
1264,2712
1264,2713
2712,2713
1264,2714
2714,2715
2714,2716
1264,2717
2717,2718
1264,2719
2721,2719
2870,2720
1264,2721
2721,2722
1264,2723
1264,2724
2723,2724
2723,2725
2795,2726
1264,2727
2727,2728
2727,2729
1264,2730
2856,2730
1264,2731
2731,2732
2731,2733
2731,2734
1264,2735
1264,2736
2735,2736
2735,2737
2764,2738
1264,2739
2739,2740
1264,2741
2741,2742
2741,2743
2842,2744
1264,2745
2745,2746
2865,2747
1264,2748
2748,2749
2748,2750
2852,2751
1264,2752
2752,2753
2752,2754
1264,2755
1264,2756
1264,2757
2757,2758
2757,2759
2862,2760
1264,2761
2761,2762
2864,2763
1264,2764
2764,2765
2872,2766
2865,2767
2871,2768
1264,2769
2855,2770
1264,2771
2771,2772
2771,2773
1264,2774
2774,2775
2847,2776
2876,2777
2857,2778
1264,2779
1264,2780
2779,2780
2779,2781
1264,2782
2782,2783
2782,2784
2813,2785
1264,2786
2786,2787
2786,2788
2786,2789
1264,2790
1264,2791
2791,2792
2701,2793
2838,2794
1264,2795
2795,2796
1264,2797
1264,2798
2798,2799
1264,2800
2736,2800
1264,2801
2879,2801
2850,2802
2865,2803
2713,2804
1264,2805
1264,2806
2805,2806
2805,2807
1264,2808
2808,2809
1264,2810
2808,2810
1264,2811
2701,2811
2855,2812
1264,2813
2813,2814
1264,2815
2815,2816
1264,2817
1264,2818
1264,2819
1264,2820
2822,2820
1264,2821
1264,2822
1264,2823
1264,2824
1264,2825
1264,2826
1264,2827
2876,2827
1264,2828
1264,2829
1264,2830
1264,2831
2780,2831
1264,2832
1264,2833
1264,2834
1264,2835
1264,2836
1264,2837
1264,2838
2819,2838
1264,2839
2736,2839
1264,2840
1264,2841
1264,2842
1264,2843
2845,2843
1264,2844
1264,2845
1264,2846
1264,2847
1264,2848
1264,2849
1264,2850
1264,2851
2862,2851
1264,2852
1264,2853
1264,2854
1264,2855
1264,2856
2864,2856
1264,2857
1264,2858
1264,2859
1264,2860
1264,2861
1264,2862
1264,2863
1264,2864
1264,2865
1264,2866
1264,2867
1264,2868
1264,2869
1264,2870
1264,2871
1264,2872
1264,2873
1264,2874
1264,2875
1264,2876
2853,2876
1264,2877
1264,2878
1264,2879
2875,2879
1264,2880
2869,2880
1264,2881
2710,2881
1264,2882
2824,2883
2834,2884
2877,2884
2853,2885
2780,2886
2830,2887
2859,2887
2854,2888
2850,2889
2844,2890
2844,2891
2858,2892
2870,2893
2839,2894
2710,2895
2880,2896
2861,2897
2870,2898
2873,2899
2873,2900
2845,2901
2842,2902
2829,2903
2736,2904
2822,2905
2822,2906
2863,2907
2826,2908
2826,2909
2878,2910
2817,2911
2817,2912
2828,2913
2863,2914
2836,2915
2874,2916
2824,2917
2874,2918
2869,2919
2849,2920
2828,2921
2875,2922
2832,2923
2868,2924
2860,2925
2852,2926
2849,2927
2860,2928
2956,2932
2932,2933
2934,2935
2960,2936
2955,2953
2959,2954
2956,2957
2959,2958
2961,2962
3059,2963
3237,2964
3182,2965
2966,2967
2966,2968
2969,2970
2969,2971
2997,2972
2973,2974
2973,2975
2976,2977
2976,2978
3065,2979
3206,2980
2981,2982
2981,2983
3143,2984
3241,2985
3156,2986
3194,2987
2988,2989
2988,2990
3248,2991
2992,2993
2992,2994
3245,2995
3136,2996
2997,2998
2999,3000
2999,3001
3089,3001
3047,3002
3060,3003
3004,3005
3004,3006
3007,3008
3007,3009
3010,3011
3010,3012
3211,3013
3232,3014
3147,3015
3016,3017
3018,3019
3018,3020
3166,3021
3151,3022
3022,3023
3253,3023
3022,3024
3192,3025
3026,3027
3026,3028
3029,3030
3029,3031
3232,3032
3033,3034
3000,3035
3033,3035
3096,3035
3099,3036
3187,3037
3255,3037
3180,3038
3097,3039
3040,3041
3040,3042
3043,3044
3043,3045
3245,3046
3047,3048
3049,3050
3049,3051
3173,3052
3093,3053
3054,3055
3054,3056
3194,3057
3208,3058
3059,3060
3198,3061
3063,3062
3063,3064
3065,3066
3241,3067
3068,3069
3068,3070
3161,3071
3095,3072
3073,3074
3073,3075
3034,3076
3077,3078
3077,3079
3080,3081
3080,3082
3197,3083
3260,3084
3258,3085
3246,3086
3153,3087
3088,3089
3088,3090
3131,3091
3207,3092
3093,3094
3095,3096
3097,3098
3261,3099
3099,3100
3229,3100
3244,3100
3133,3101
3243,3102
3103,3104
3103,3105
3096,3106
3207,3107
3060,3108
3189,3109
3109,3110
3111,3112
3111,3113
3114,3115
3116,3117
3034,3118
2968,3119
2968,3120
2968,3121
3240,3122
3123,3124
3123,3125
3219,3126
3250,3127
3257,3128
3177,3129
3198,3130
3131,3132
3133,3134
3246,3135
3136,3137
3226,3138
3139,3140
3141,3142
3252,3142
3143,3144
3145,3146
3147,3148
3247,3149
3151,3150
3194,3152
3153,3154
3220,3155
3156,3157
3260,3158
3206,3159
3217,3160
3161,3162
3197,3163
3066,3164
3217,3165
3166,3167
3166,3168
3221,3169
3170,3171
3170,3172
3173,3174
3175,3176
3177,3178
3066,3179
3180,3181
3182,3183
3208,3184
3261,3185
3239,3186
3089,3188
3189,3190
3242,3191
3192,3193
3240,3196
3231,3199
3231,3200
3220,3201
3219,3202
3243,3203
3242,3204
3233,3205
3209,3210
3211,3212
3213,3214
3213,3215
3256,3216
3223,3218
3221,3222
3223,3224
3239,3225
3226,3227
3226,3228
3256,3230
3255,3231
3233,3234
3247,3235
3119,3236
3237,3238
3248,3249
3250,3251
3257,3254
3258,3259
1264,3262
3332,3262
3264,3263
1264,3264
3311,3264
3264,3265
1264,3266
3264,3266
1264,3267
3267,3268
3267,3269
1264,3270
3270,3271
3270,3272
3286,3273
1264,3274
3274,3275
3274,3276
3360,3277
3361,3278
1264,3279
3296,3279
1264,3280
3294,3280
1264,3281
1264,3282
3281,3282
3281,3283
3298,3284
3340,3285
1264,3286
1264,3287
3353,3288
1264,3289
3289,3290
3289,3291
1264,3292
3292,3293
3339,3293
1264,3294
3292,3294
1264,3295
1264,3296
3295,3296
3295,3297
1264,3298
1264,3299
3265,3300
3359,3301
3362,3302
3347,3303
3350,3304
3296,3305
1264,3306
3306,3307
3306,3308
3282,3309
3332,3310
1264,3311
3311,3312
3329,3313
3341,3313
3346,3313
3347,3314
1264,3315
3315,3316
3315,3317
1264,3318
3318,3319
3318,3320
3358,3321
3355,3322
1264,3323
1264,3324
3323,3324
3323,3325
3348,3325
1264,3326
3326,3327
3326,3328
1264,3329
3356,3330
3353,3331
1264,3332
3332,3333
1264,3334
3334,3335
1264,3336
3334,3336
3336,3337
1264,3338
3336,3338
1264,3339
1264,3340
1264,3341
3357,3342
3324,3343
1264,3344
3344,3345
1264,3346
1264,3347
1264,3348
3350,3349
1264,3350
3362,3351
1264,3352
3282,3352
1264,3353
1264,3354
1264,3355
1264,3356
1264,3357
1264,3358
1264,3359
1264,3360
1264,3361
1264,3362
3357,3363
3294,3364
3358,3365
3359,3366
3355,3367
3354,3368
3361,3369
3374,3370
997,3371
997,3372
997,3373
997,3375
997,3376
997,3377
3388,3378
997,3379
997,3380
997,3381
997,3382
997,3383
997,3384
997,3385
997,3386
997,3387
997,3389
997,3390
997,3391
997,3392
997,3393
3394,3395
3394,3396
3394,3397
3398,3399
3398,3400
3401,3402
3401,3403
3404,3405
3404,3406
3407,3408
3407,3409
3453,3410
3411,3412
3411,3413
3414,3415
3414,3416
3441,3417
3456,3418
3424,3419
3457,3420
3421,3422
3421,3423
3424,3425
3455,3426
3432,3427
3432,3429
3431,3432
3431,3433
3448,3434
3435,3436
3435,3437
3438,3439
3438,3440
3441,3442
3443,3444
3443,3445
3451,3446
3453,3447
3457,3449
3455,3450
3451,3452
3456,3454
