Z_PK,Z_ENT,Z_OPT,ZAUTHORTS,ZBUNDLEIDTS,ZCONTEXTNAMETS,ZPROCESSIDTS,ZTIMESTAMP,ZAUTHOR,ZBUNDLEID,ZCONTEXTNAME,ZPROCESSID,ZQUERYGEN
1,16002,,1,2,,3,606520155.578353,,,,,"b'\x18\xe2-\x00\x00\x00\x00\x00\x02\x00\x00\x00\x01\x00\x00\x10\x1a\x00\x00\x00>\x00\x00\x00\xdc\xcfh\x9e3\xfb\x84\xde\xd8\xd75\x8bZ7\x88$Q{\xa4,\x91\n\xde!'"
2,16002,,4,2,,3,606520160.076509,,,,,b'\x18\xe2-\x00\x00\x00\x00\x00\x06\x00\x00\x00\x01\x00\x00\x10D\x00\x00\x00>\x00\x00\x00\xbd\xe0C\xa8\x95\xdb\xc9\x1f\xd8\xd75\x8bZ7\x88${~\x9f\x81\x9c\xff\xf8\xc1'
3,16002,,4,2,,3,606520164.269556,,,,,b'\x18\xe2-\x00\x00\x00\x00\x00\t\x00\x00\x00\x01\x00\x00\x10S\x00\x00\x00>\x00\x00\x00\xda\x01\x8af\xc4\xc2\xd2%\xd8\xd75\x8bZ7\x88$V\xa84\x04\x082\xdd\x08'
4,16002,,4,2,,3,606520164.603306,,,,,b'\x18\xe2-\x00\x00\x00\x00\x00\x0b\x00\x00\x00\x01\x00\x00\x10z\x00\x00\x00>\x00\x00\x00N\xdf\x16=\xae\xdd\xc6\xd2\xd8\xd75\x8bZ7\x88$\x05\x7fB^\x9a\x01l\xe6'
5,16002,,4,2,,3,606520164.736634,,,,,b'\x18\xe2-\x00\x00\x00\x00\x00\x0c\x00\x00\x00\x01\x00\x00\x10\x85\x00\x00\x00>\x00\x00\x00\xd5\xc4\n\xee\xc8\xd4\x9c\x94\xd8\xd75\x8bZ7\x88$qA\x00\x82\xd0\xa0\xf3|'
6,16002,,4,2,,3,606520164.889647,,,,,"b'\x18\xe2-\x00\x00\x00\x00\x00\r\x00\x00\x00\x01\x00\x00\x10\x90\x00\x00\x00>\x00\x00\x00\xe2\x83""\xa2r\'\xfd\x8a\xd8\xd75\x8bZ7\x88$y\x12\x90\xe0\xb8\x83\xfb\x85'"
7,16002,,4,2,,3,606520164.918077,,,,,b'\x18\xe2-\x00\x00\x00\x00\x00\x0e\x00\x00\x00\x01\x00\x00\x10\x9b\x00\x00\x00>\x00\x00\x00\xffr\x1c&%S\xac\xda\xd8\xd75\x8bZ7\x88$\xaa\x1c38\xe2\xa8G\xb1'
8,16002,,4,2,,3,606520165.004688,,,,,b'\x18\xe2-\x00\x00\x00\x00\x00\x0f\x00\x00\x00\x01\x00\x00\x10\xa6\x00\x00\x00>\x00\x00\x00\xf30\xa2\xab~\n\xf9d\xd8\xd75\x8bZ7\x88$/P\x8b\xcd\xddQrV'
9,16002,,4,2,,3,606520165.107507,,,,,b'\x18\xe2-\x00\x00\x00\x00\x00\x10\x00\x00\x00\x01\x00\x00\x10\xb1\x00\x00\x00>\x00\x00\x00\x1dk\x96\xa7\x86\x9f\x97b\xd8\xd75\x8bZ7\x88$\xcfY\x12\xc3\xd8*\x8cE'
10,16002,,4,2,,3,606520165.18311,,,,,b'\x18\xe2-\x00\x00\x00\x00\x00\x11\x00\x00\x00\x01\x00\x00\x10\xbc\x00\x00\x00>\x00\x00\x00\x92X\xfao~\xad\x86j\xd8\xd75\x8bZ7\x88$\xf5B\xc9[\x94\x0f\x96\xae'
11,16002,,4,2,,3,606520165.221909,,,,,"b""\x18\xe2-\x00\x00\x00\x00\x00\x12\x00\x00\x00\x01\x00\x00\x10\xc7\x00\x00\x00>\x00\x00\x000\x16\xa0s\xdb\x9c\x83\xf7\xd8\xd75\x8bZ7\x88$\xd2\xad\x11\xf0\x95'\x81\xd3"""
12,16002,,4,2,,3,606520165.456606,,,,,b'\x18\xe2-\x00\x00\x00\x00\x00\x13\x00\x00\x00\x01\x00\x00\x10\xd2\x00\x00\x00>\x00\x00\x00w\x9em\xbd>\xf3\x9b\xe1\xd8\xd75\x8bZ7\x88$\x07\x15\xc5m\x9dm\x1a\x85'
13,16002,,4,2,,3,606520165.650792,,,,,b'\x18\xe2-\x00\x00\x00\x00\x00\x15\x00\x00\x00\x01\x00\x00\x10\xf9\x00\x00\x00>\x00\x00\x00!\xbe;\xe7\x1d\xf1\xd3\x1c\xd8\xd75\x8bZ7\x88$\x17S\x99\xfc\xbb\xc9\xf4x'
14,16002,,4,2,,3,606520165.696007,,,,,b'\x18\xe2-\x00\x00\x00\x00\x00\x16\x00\x00\x00\x01\x00\x00\x10\x04\x01\x00\x00>\x00\x00\x00\x16\x15\xea\xe5\xfe\x05qp\xd8\xd75\x8bZ7\x88$&\x16\x93M\xc9\xf89\x1c'
15,16002,,4,2,,3,606520165.76554,,,,,b'\x18\xe2-\x00\x00\x00\x00\x00\x17\x00\x00\x00\x01\x00\x00\x10\x0f\x01\x00\x00>\x00\x00\x00_\xa0\xa2\x02\xa5\xf0;\xee\xd8\xd75\x8bZ7\x88$\xa3\x17\xcf\x04_p\xf9m'
16,16002,,4,2,,3,606520165.798544,,,,,b'\x18\xe2-\x00\x00\x00\x00\x00\x18\x00\x00\x00\x01\x00\x00\x10\x1a\x01\x00\x00>\x00\x00\x005W\xce\\F>3y\xd8\xd75\x8bZ7\x88$4\xd3\x1dD\x900k\x92'
17,16002,,4,2,,3,606520165.826466,,,,,b'\x18\xe2-\x00\x00\x00\x00\x00\x19\x00\x00\x00\x01\x00\x00\x10%\x01\x00\x00>\x00\x00\x00c\xd8\n6\x12\x84\xd0#\xd8\xd75\x8bZ7\x88$\xa0\x1b4\xa1\x1f@[s'
18,16002,,4,2,,3,606520165.851962,,,,,b'\x18\xe2-\x00\x00\x00\x00\x00\x1a\x00\x00\x00\x01\x00\x00\x100\x01\x00\x00>\x00\x00\x00\\17\xab<\xfeQF\xd8\xd75\x8bZ7\x88$\x00H\x0e\xae\xcb?\xe3\x17'
19,16002,,4,2,,3,606520165.918328,,,,,b'\x18\xe2-\x00\x00\x00\x00\x00\x1b\x00\x00\x00\x01\x00\x00\x10?\x01\x00\x00@\x00\x00\x00**\x86e\xf0\n\x0e\xfa\xd8\xd75\x8bZ7\x88$\xaeFh\xd64DH\xae'
20,16002,,4,2,,3,606520165.995233,,,,,"b""\x18\xe2-\x00\x00\x00\x00\x00\x1c\x00\x00\x00\x01\x00\x00\x10J\x01\x00\x00@\x00\x00\x00rx\xb0\x88\x8dN\x08@\xd8\xd75\x8bZ7\x88$\x1f'\xb7b\xb3\xb6\xbb\xa3"""
21,16002,,4,2,,3,606520166.70432,,,,,"b""\x18\xe2-\x00\x00\x00\x00\x00\x1d\x00\x00\x00\x01\x00\x00\x10U\x01\x00\x00@\x00\x00\x00\x90\x7f\x95'\xfe\xccLr\xd8\xd75\x8bZ7\x88$\x10\xb4\xc5\xd2\\\xc9\xf3\xe4"""
22,16002,,4,2,,3,606520167.052925,,,,,"b'\x18\xe2-\x00\x00\x00\x00\x00\x1e\x00\x00\x00\x01\x00\x00\x10`\x01\x00\x00@\x00\x00\x00\xde|\xa7.\xa7\xe27\xbe\xd8\xd75\x8bZ7\x88$\x99\xc4\xd4,\x05\xed\xff\x91'"
23,16002,,4,2,,3,606520167.383634,,,,,b'\x18\xe2-\x00\x00\x00\x00\x00\x1f\x00\x00\x00\x01\x00\x00\x10k\x01\x00\x00@\x00\x00\x002\x99X`\x84\xbb\xca{\xd8\xd75\x8bZ7\x88$b\xd6\xc9M(\xf48\xa2'
24,16002,,4,2,,3,606520167.442057,,,,,"b""\x18\xe2-\x00\x00\x00\x00\x00 \x00\x00\x00\x01\x00\x00\x10v\x01\x00\x00@\x00\x00\x00\xc1\x15H\xf0'\xe3|u\xd8\xd75\x8bZ7\x88$g\xf7Zg\x88\xb9kE"""
25,16002,,4,2,,3,606520168.976512,,,,,b'\x18\xe2-\x00\x00\x00\x00\x00!\x00\x00\x00\x01\x00\x00\x10\x81\x01\x00\x00@\x00\x00\x00\x95c\x05\xbeT\xce\xe2\xc2\xd8\xd75\x8bZ7\x88$\x80~;P\xcbyoI'
26,16002,,4,2,,3,606520169.004436,,,,,"b'\x18\xe2-\x00\x00\x00\x00\x00""\x00\x00\x00\x01\x00\x00\x10\x8c\x01\x00\x00@\x00\x00\x00\x7f\x03\x03\xc0\xda\x03GB\xd8\xd75\x8bZ7\x88$\x1e\xf4\x9a\xd3\x02\xc50N'"
27,16002,,4,2,,3,606520169.921522,,,,,b'\x18\xe2-\x00\x00\x00\x00\x00#\x00\x00\x00\x01\x00\x00\x10\x97\x01\x00\x00@\x00\x00\x00\x80\x10\xe2\xf7\x05\xee\xa7\xf1\xd8\xd75\x8bZ7\x88$\x8f\xf8\xb9\xf2\xc8\xc0\x8fT'
28,16002,,4,2,,3,606520170.512134,,,,,b'\x18\xe2-\x00\x00\x00\x00\x00$\x00\x00\x00\x01\x00\x00\x10\xa2\x01\x00\x00@\x00\x00\x00#\xe62=\xb7s{\xca\xd8\xd75\x8bZ7\x88$\xcb)/V\x82M)\xd6'
29,16002,,4,2,,3,606520172.500585,,,,,b'\x18\xe2-\x00\x00\x00\x00\x00%\x00\x00\x00\x01\x00\x00\x10\xad\x01\x00\x00@\x00\x00\x00\xf4\x14\xb7\xc0\xfa\xfb9\xe7\xd8\xd75\x8bZ7\x88$\xf4\x0f\xf6y\xe8\xea2\x9a'
30,16002,,4,2,,3,608392462.13045,,,,,b'\x18\xe2-\x00\x00\x00\x00\x00\x00\x00\x00\x00\x01\x00\x00\x10\xbb\x01\x00\x00@\x00\x00\x00&\x98\x1c\x1a\xa8\x83\xa7(\xd8\xd75\x8bZ7\x88$k\x9c.nA\x81>)'
31,16002,,12,2,,3,608498149.06614,,,,,
