MCC,MNC,TAC,CI,UARFCN,PID,Timestamp,Latitude,Longitude,HorizontalAccuracy,Altitude,VerticalAccuracy,Speed,Course,Confidence
310,260,31710,18620168,-1,-1,608253168.215521,35.69365652,-78.89466977,2851.0,0.0,-1.0,-1.0,-1.0,70
310,260,31602,17143042,-1,-1,608253168.215521,35.7149723,-78.84359541,1414.0,0.0,-1.0,-1.0,-1.0,70
310,410,9993,194705047,-1,-1,608253168.215521,35.72054496,-78.84792755,8177.0,0.0,-1.0,-1.0,-1.0,70
311,480,39683,39732261,-1,-1,608253168.215521,35.74224593,-78.90086585,4556.0,0.0,-1.0,-1.0,-1.0,70
310,410,9993,194705045,-1,-1,608253168.215521,35.7359238,-78.84089619,1414.0,0.0,-1.0,-1.0,-1.0,70
310,260,31602,17142274,-1,-1,608253168.215521,35.74278927,-78.87043036,1414.0,0.0,-1.0,-1.0,-1.0,70
310,410,10001,196983469,-1,-1,608253168.215521,35.73444947,-78.89294585,1414.0,0.0,-1.0,-1.0,-1.0,70
312,530,40092,-1,-1,-1,608253168.215521,35.5998567,-78.86601608,149000.0,0.0,-1.0,-1.0,-1.0,70
312,530,40123,-1,-1,-1,608253168.215521,35.68305267,-78.76995785,149000.0,0.0,-1.0,-1.0,-1.0,70
311,490,31601,-1,-1,-1,608253168.215521,35.95093975,-78.93056527,149000.0,0.0,-1.0,-1.0,-1.0,70
310,830,3842,-1,-1,-1,608253168.215521,36.02906307,-78.90698368,149000.0,0.0,-1.0,-1.0,-1.0,70
310,260,31602,17143043,-1,-1,608323408.014215,35.71652582,-78.86498773,8874.0,0.0,-1.0,-1.0,-1.0,70
310,410,10001,195001871,-1,-1,608349335.876942,35.68156101,-78.87585995,2173.0,0.0,-1.0,-1.0,-1.0,70
310,410,10001,194912436,-1,-1,608349335.876942,35.74156135,-78.86686424,1414.0,0.0,-1.0,-1.0,-1.0,70
310,260,31602,19688449,-1,-1,608349335.876942,35.74352836,-78.89889041,1414.0,0.0,-1.0,-1.0,-1.0,70
310,260,31602,17143041,-1,-1,608349335.876942,35.7320831,-78.86161062,1414.0,0.0,-1.0,-1.0,-1.0,70
311,480,39683,39768336,-1,-1,608349335.876942,35.71162104,-78.90287123,1414.0,0.0,-1.0,-1.0,-1.0,70
311,480,39683,116721696,-1,-1,608349335.876942,35.73808887,-78.86576112,1414.0,0.0,-1.0,-1.0,-1.0,70
310,410,10001,195808273,-1,-1,608349335.876942,35.70601645,-78.90931543,8284.0,0.0,-1.0,-1.0,-1.0,70
310,410,10001,194679477,-1,-1,608349335.876942,35.71957627,-78.92500315,1445.0,0.0,-1.0,-1.0,-1.0,70
310,410,10001,194679305,-1,-1,608349335.876942,35.73610736,-78.90075891,1414.0,0.0,-1.0,-1.0,-1.0,70
310,410,10001,195393560,-1,-1,608349335.876942,35.72013424,-78.86690326,7222.0,0.0,-1.0,-1.0,-1.0,70
310,410,10001,196929710,-1,-1,608349335.876942,35.7223181,-78.87103988,6871.0,0.0,-1.0,-1.0,-1.0,70
310,410,10001,194679476,-1,-1,608349335.876942,35.73582698,-78.88912456,1414.0,0.0,-1.0,-1.0,-1.0,70
310,120,40001,-1,-1,-1,608349335.876942,35.62717281,-78.93715818,149000.0,0.0,-1.0,-1.0,-1.0,70
310,120,40080,-1,-1,-1,608349335.876942,35.72882206,-78.76645363,149000.0,0.0,-1.0,-1.0,-1.0,70
312,530,40000,-1,-1,-1,608349335.876942,35.65074425,-78.7576445,149000.0,0.0,-1.0,-1.0,-1.0,70
310,120,40047,-1,-1,-1,608349335.876942,35.86338211,-78.85336339,149000.0,0.0,-1.0,-1.0,-1.0,70
313,100,9984,-1,-1,-1,608349335.876942,35.88577367,-78.89403403,149000.0,0.0,-1.0,-1.0,-1.0,70
310,260,31601,-1,-1,-1,608349335.876942,35.94850149,-78.93215985,149000.0,0.0,-1.0,-1.0,-1.0,70
311,480,39935,-1,-1,-1,608349335.876942,35.50180448,-79.18376465,149000.0,0.0,-1.0,-1.0,-1.0,70
310,260,31602,17142531,-1,-1,608394021.537684,35.71576014,-78.85124117,7437.0,0.0,-1.0,-1.0,-1.0,70
310,260,51601,256998627,-1,-1,608394021.537684,35.73481202,-78.87452319,1414.0,0.0,-1.0,-1.0,-1.0,70
310,260,51623,256749939,-1,-1,608394021.537684,35.7425302,-78.8687762,1414.0,0.0,-1.0,-1.0,-1.0,70
311,480,39933,263901214,-1,-1,608394021.537684,35.71254286,-78.85797513,1414.0,0.0,-1.0,-1.0,-1.0,70
311,480,39933,263367679,-1,-1,608394021.537684,35.71254904,-78.85800615,1414.0,0.0,-1.0,-1.0,-1.0,70
310,260,51657,256703747,-1,-1,608394021.537684,35.7425245,-78.90402696,1414.0,0.0,-1.0,-1.0,-1.0,70
312,530,39977,262193455,-1,-1,608394021.537684,35.72859952,-78.8735925,1414.0,0.0,-1.0,-1.0,-1.0,70
310,260,51658,256824233,-1,-1,608394021.537684,35.72315014,-78.92206675,1414.0,0.0,-1.0,-1.0,-1.0,70
311,480,39933,263709972,-1,-1,608394021.537684,35.71254852,-78.85798085,1414.0,0.0,-1.0,-1.0,-1.0,70
311,480,39933,263901233,-1,-1,608394021.537684,35.74617863,-78.86246864,1414.0,0.0,-1.0,-1.0,-1.0,70
311,480,39933,263711418,-1,-1,608394021.537684,35.71148062,-78.90781531,1414.0,0.0,-1.0,-1.0,-1.0,70
311,480,39683,39836706,-1,-1,608394021.537684,35.71031257,-78.87117209,5259.0,0.0,-1.0,-1.0,-1.0,70
311,480,39683,116532237,-1,-1,608394021.537684,35.73046313,-78.87717388,1414.0,0.0,-1.0,-1.0,-1.0,70
311,480,39683,116532238,-1,-1,608394021.537684,35.7303749,-78.87766436,1414.0,0.0,-1.0,-1.0,-1.0,70
311,480,39683,116532248,-1,-1,608394021.537684,35.72301288,-78.90230495,1414.0,0.0,-1.0,-1.0,-1.0,70
311,480,39683,116568334,-1,-1,608394021.537684,35.71370368,-78.90199943,1778.0,0.0,-1.0,-1.0,-1.0,70
311,480,39683,39732238,-1,-1,608394021.537684,35.72971541,-78.87722891,1414.0,0.0,-1.0,-1.0,-1.0,70
310,120,40090,262186562,-1,-1,608394021.537684,35.73751274,-78.85158384,1414.0,0.0,-1.0,-1.0,-1.0,70
311,480,39683,39806752,-1,-1,608394021.537684,35.74412716,-78.90288238,5039.0,0.0,-1.0,-1.0,-1.0,70
311,480,39683,39732240,-1,-1,608394021.537684,35.73032104,-78.87561941,1414.0,0.0,-1.0,-1.0,-1.0,70
310,260,31710,18620161,-1,-1,608394021.537684,35.71801651,-78.91108989,1414.0,0.0,-1.0,-1.0,-1.0,70
311,480,39683,39732248,-1,-1,608394021.537684,35.72268655,-78.89819533,1414.0,0.0,-1.0,-1.0,-1.0,70
310,410,10001,194912265,-1,-1,608394021.537684,35.74144338,-78.867394,1414.0,0.0,-1.0,-1.0,-1.0,70
311,480,39683,193436708,-1,-1,608394021.537684,35.71322964,-78.87769443,6629.0,0.0,-1.0,-1.0,-1.0,70
311,480,39683,116532246,-1,-1,608394021.537684,35.72129181,-78.9048032,1414.0,0.0,-1.0,-1.0,-1.0,70
310,410,10001,194679306,-1,-1,608394021.537684,35.73013555,-78.92360648,1414.0,0.0,-1.0,-1.0,-1.0,70
311,480,39681,39857430,-1,-1,608394021.537684,35.72086721,-78.92526819,1414.0,0.0,-1.0,-1.0,-1.0,70
310,120,39962,262186562,-1,-1,608394021.537684,35.73753794,-78.85144885,1414.0,0.0,-1.0,-1.0,-1.0,70
310,260,31602,19688450,-1,-1,608394021.537684,35.73021886,-78.87995586,1414.0,0.0,-1.0,-1.0,-1.0,70
311,480,39683,116532257,-1,-1,608394021.537684,35.74028844,-78.89754351,1414.0,0.0,-1.0,-1.0,-1.0,70
310,410,10001,195211786,-1,-1,608394021.537684,35.67936778,-78.85827661,3619.0,0.0,-1.0,-1.0,-1.0,70
311,480,39683,39689250,-1,-1,608394021.537684,35.72846296,-78.85224426,2044.0,0.0,-1.0,-1.0,-1.0,70
311,480,39683,39732236,-1,-1,608394021.537684,35.73023654,-78.87833321,1414.0,0.0,-1.0,-1.0,-1.0,70
311,480,39683,116532236,-1,-1,608394021.537684,35.73011646,-78.87735217,1414.0,0.0,-1.0,-1.0,-1.0,70
311,480,39683,116532258,-1,-1,608394021.537684,35.73993418,-78.89860386,1414.0,0.0,-1.0,-1.0,-1.0,70
311,480,39683,39842071,-1,-1,608394021.537684,35.74199014,-78.84907457,1414.0,0.0,-1.0,-1.0,-1.0,70
310,410,10001,195393687,-1,-1,608394021.537684,35.72079704,-78.86287792,1414.0,0.0,-1.0,-1.0,-1.0,70
311,480,39683,39689248,-1,-1,608394021.537684,35.73034065,-78.85273094,11670.0,0.0,-1.0,-1.0,-1.0,70
311,480,39683,39806753,-1,-1,608394021.537684,35.74491407,-78.90112966,4962.0,0.0,-1.0,-1.0,-1.0,70
311,480,39683,39842070,-1,-1,608394021.537684,35.74269853,-78.84911863,1414.0,0.0,-1.0,-1.0,-1.0,70
311,480,39681,39857431,-1,-1,608394021.537684,35.72169491,-78.92485172,1414.0,0.0,-1.0,-1.0,-1.0,70
310,410,10001,194679320,-1,-1,608394021.537684,35.71892837,-78.92447921,1414.0,0.0,-1.0,-1.0,-1.0,70
310,410,9993,195572886,-1,-1,608394021.537684,35.74605128,-78.84383175,1419.0,0.0,-1.0,-1.0,-1.0,70
311,480,39681,39857434,-1,-1,608394021.537684,35.71760035,-78.91939723,1414.0,0.0,-1.0,-1.0,-1.0,70
311,480,39683,39768352,-1,-1,608394021.537684,35.7105368,-78.92177601,4471.0,0.0,-1.0,-1.0,-1.0,70
310,410,10001,194912266,-1,-1,608394021.537684,35.73522896,-78.8913069,1414.0,0.0,-1.0,-1.0,-1.0,70
310,260,31710,18802945,-1,-1,608394021.537684,35.74121918,-78.9106277,1438.0,0.0,-1.0,-1.0,-1.0,70
311,480,39683,39732250,-1,-1,608394021.537684,35.72635369,-78.90420536,1414.0,0.0,-1.0,-1.0,-1.0,70
310,260,51587,256703747,-1,-1,608394021.537684,35.74253407,-78.90401185,1414.0,0.0,-1.0,-1.0,-1.0,70
311,480,39683,39806743,-1,-1,608394021.537684,35.74467586,-78.87829547,1414.0,0.0,-1.0,-1.0,-1.0,70
311,480,39683,39732258,-1,-1,608394021.537684,35.73966759,-78.89675485,1414.0,0.0,-1.0,-1.0,-1.0,70
311,480,39683,116568352,-1,-1,608394021.537684,35.70960596,-78.92031727,1414.0,0.0,-1.0,-1.0,-1.0,70
311,480,39683,39732246,-1,-1,608394021.537684,35.72050538,-78.90250331,1458.0,0.0,-1.0,-1.0,-1.0,70
311,480,39683,116568332,-1,-1,608394021.537684,35.7122837,-78.90192078,1414.0,0.0,-1.0,-1.0,-1.0,70
311,480,39683,39689253,-1,-1,608394021.537684,35.73082716,-78.85677944,5738.0,0.0,-1.0,-1.0,-1.0,70
311,480,39683,116532247,-1,-1,608394021.537684,35.72165665,-78.90443672,1414.0,0.0,-1.0,-1.0,-1.0,70
311,480,39683,39836705,-1,-1,608394021.537684,35.7075504,-78.88021779,4847.0,0.0,-1.0,-1.0,-1.0,70
311,480,39683,116513058,-1,-1,608394021.537684,35.71560618,-78.84274239,1414.0,0.0,-1.0,-1.0,-1.0,70
311,480,39683,39713060,-1,-1,608394021.537684,35.71776835,-78.84971573,1414.0,0.0,-1.0,-1.0,-1.0,70
311,480,39683,39732251,-1,-1,608394021.537684,35.72417851,-78.90493049,1414.0,0.0,-1.0,-1.0,-1.0,70
311,480,39681,39857421,-1,-1,608394021.537684,35.74269898,-78.9106007,2131.0,0.0,-1.0,-1.0,-1.0,70
311,480,39683,39713056,-1,-1,608394021.537684,35.71641834,-78.84515796,1414.0,0.0,-1.0,-1.0,-1.0,70
310,410,10001,194912279,-1,-1,608394021.537684,35.74225164,-78.86746334,1414.0,0.0,-1.0,-1.0,-1.0,70
310,410,10001,194912407,-1,-1,608394021.537684,35.74098482,-78.88628124,1414.0,0.0,-1.0,-1.0,-1.0,70
311,480,39683,39806742,-1,-1,608394021.537684,35.74452633,-78.87837958,1414.0,0.0,-1.0,-1.0,-1.0,70
311,480,39683,116587789,-1,-1,608394021.537684,35.73286764,-78.85015444,1414.0,0.0,-1.0,-1.0,-1.0,70
310,410,10001,195393546,-1,-1,608394021.537684,35.72387867,-78.87086877,1604.0,0.0,-1.0,-1.0,-1.0,70
311,480,39683,39689249,-1,-1,608394021.537684,35.7308645,-78.84481696,1414.0,0.0,-1.0,-1.0,-1.0,70
310,410,10001,195393558,-1,-1,608394021.537684,35.73323951,-78.86410634,1414.0,0.0,-1.0,-1.0,-1.0,70
310,410,10001,194912406,-1,-1,608394021.537684,35.74383975,-78.87498212,1414.0,0.0,-1.0,-1.0,-1.0,70
311,480,39683,39713057,-1,-1,608394021.537684,35.71719096,-78.84583369,1414.0,0.0,-1.0,-1.0,-1.0,70
311,480,39683,39860236,-1,-1,608394021.537684,35.67713559,-78.89735359,2430.0,0.0,-1.0,-1.0,-1.0,70
311,480,39681,39857420,-1,-1,608394021.537684,35.74410729,-78.90997881,2037.0,0.0,-1.0,-1.0,-1.0,70
310,410,10001,195808278,-1,-1,608394021.537684,35.72088682,-78.89343253,1414.0,0.0,-1.0,-1.0,-1.0,70
311,480,39683,116532256,-1,-1,608394021.537684,35.74033883,-78.89756582,1414.0,0.0,-1.0,-1.0,-1.0,70
310,410,10001,195393544,-1,-1,608394021.537684,35.7328322,-78.86037244,1414.0,0.0,-1.0,-1.0,-1.0,70
311,480,39683,116697614,-1,-1,608394021.537684,35.7457277,-78.86995602,1414.0,0.0,-1.0,-1.0,-1.0,70
310,260,31602,17142275,-1,-1,608394021.537684,35.74377372,-78.88840557,5849.0,0.0,-1.0,-1.0,-1.0,70
310,410,10001,195808264,-1,-1,608394021.537684,35.72246149,-78.89417663,1414.0,0.0,-1.0,-1.0,-1.0,70
311,480,39683,116568333,-1,-1,608394021.537684,35.71210222,-78.90199824,1414.0,0.0,-1.0,-1.0,-1.0,70
310,410,10001,194679446,-1,-1,608394021.537684,35.73827623,-78.90232927,1414.0,0.0,-1.0,-1.0,-1.0,70
311,480,39683,39768334,-1,-1,608394021.537684,35.71238948,-78.90153019,1414.0,0.0,-1.0,-1.0,-1.0,70
311,480,39683,116697624,-1,-1,608394021.537684,35.74263495,-78.86697506,1414.0,0.0,-1.0,-1.0,-1.0,70
311,480,39683,116721686,-1,-1,608394021.537684,35.73471586,-78.86229619,1414.0,0.0,-1.0,-1.0,-1.0,70
311,480,39683,39842074,-1,-1,608394021.537684,35.74136601,-78.8528576,1414.0,0.0,-1.0,-1.0,-1.0,70
311,480,39683,39732247,-1,-1,608394021.537684,35.72100925,-78.90152604,11548.0,0.0,-1.0,-1.0,-1.0,70
311,480,39683,39689252,-1,-1,608394021.537684,35.73057515,-78.84972662,7677.0,0.0,-1.0,-1.0,-1.0,70
311,480,39681,39857424,-1,-1,608394021.537684,35.74513303,-78.90762318,2213.0,0.0,-1.0,-1.0,-1.0,70
311,480,39683,116568354,-1,-1,608394021.537684,35.70994713,-78.92132576,4526.0,0.0,-1.0,-1.0,-1.0,70
310,410,10001,196960272,-1,-1,608394021.537684,35.73988467,-78.8669834,1414.0,0.0,-1.0,-1.0,-1.0,70
311,480,39683,39768354,-1,-1,608394021.537684,35.71015,-78.92134316,4064.0,0.0,-1.0,-1.0,-1.0,70
311,480,39683,116697654,-1,-1,608394021.537684,35.73784994,-78.86440338,1414.0,0.0,-1.0,-1.0,-1.0,70
311,480,39683,116568353,-1,-1,608394021.537684,35.71013598,-78.920359,4385.0,0.0,-1.0,-1.0,-1.0,70
311,480,39683,39732237,-1,-1,608394021.537684,35.73008185,-78.87630506,1414.0,0.0,-1.0,-1.0,-1.0,70
311,480,39683,39732241,-1,-1,608394021.537684,35.73049217,-78.87668121,1414.0,0.0,-1.0,-1.0,-1.0,70
310,260,31602,19688451,-1,-1,608394021.537684,35.73064554,-78.90841084,3705.0,0.0,-1.0,-1.0,-1.0,70
311,480,39683,116513056,-1,-1,608394021.537684,35.71704738,-78.84568762,1414.0,0.0,-1.0,-1.0,-1.0,70
311,480,39683,39768332,-1,-1,608394021.537684,35.71124277,-78.90131672,1414.0,0.0,-1.0,-1.0,-1.0,70
310,410,10001,195393685,-1,-1,608394021.537684,35.73091051,-78.85825576,1414.0,0.0,-1.0,-1.0,-1.0,70
310,410,10001,194679319,-1,-1,608394021.537684,35.73559517,-78.88862481,1414.0,0.0,-1.0,-1.0,-1.0,70
310,410,10001,195808271,-1,-1,608394021.537684,35.7226541,-78.89895569,1414.0,0.0,-1.0,-1.0,-1.0,70
312,530,39995,-1,-1,-1,608394021.537684,35.70905094,-78.75300147,149000.0,0.0,-1.0,-1.0,-1.0,70
310,410,9993,-1,-1,-1,608394021.537684,35.80838506,-78.88791074,149000.0,0.0,-1.0,-1.0,-1.0,70
310,120,3843,-1,-1,-1,608394021.537684,35.81489193,-78.81556051,149000.0,0.0,-1.0,-1.0,-1.0,70
311,882,3843,-1,-1,-1,608394021.537684,35.81580357,-78.81522399,149000.0,0.0,-1.0,-1.0,-1.0,70
312,530,40129,-1,-1,-1,608394021.537684,35.65337373,-78.75455656,149000.0,0.0,-1.0,-1.0,-1.0,70
312,530,40011,-1,-1,-1,608394021.537684,35.6449639,-78.7543519,149000.0,0.0,-1.0,-1.0,-1.0,70
310,410,10111,-1,-1,-1,608394021.537684,35.80433866,-78.94089056,149000.0,0.0,-1.0,-1.0,-1.0,70
311,882,31734,-1,-1,-1,608394021.537684,35.84290854,-78.90144524,149000.0,0.0,-1.0,-1.0,-1.0,70
311,480,39681,-1,-1,-1,608394021.537684,35.89032869,-78.80909549,149000.0,0.0,-1.0,-1.0,-1.0,70
312,530,31734,-1,-1,-1,608394021.537684,35.91900334,-78.87406371,149000.0,0.0,-1.0,-1.0,-1.0,70
311,882,31601,-1,-1,-1,608394021.537684,35.98304196,-78.96338443,149000.0,0.0,-1.0,-1.0,-1.0,70
311,480,39686,-1,-1,-1,608394021.537684,35.46706555,-79.14569244,149000.0,0.0,-1.0,-1.0,-1.0,70
311,882,3844,-1,-1,-1,608394021.537684,35.57604539,-79.22150531,149000.0,0.0,-1.0,-1.0,-1.0,70
311,480,39683,39836694,-1,-1,608407580.349809,35.67391127,-78.84146988,1414.0,0.0,-1.0,-1.0,-1.0,70
311,480,39683,39836695,-1,-1,608407580.349809,35.67392819,-78.84258665,1414.0,0.0,-1.0,-1.0,-1.0,70
310,260,31710,18976769,-1,-1,608407580.349809,35.63003434,-78.84563529,5640.0,0.0,-1.0,-1.0,-1.0,70
311,480,39683,39860247,-1,-1,608407580.349809,35.64506673,-78.9202015,2650.0,0.0,-1.0,-1.0,-1.0,70
312,530,31602,67052097,-1,-1,608407580.349809,35.66814474,-78.85042375,1663.0,0.0,-1.0,-1.0,-1.0,70
312,530,31602,67052083,-1,-1,608407580.349809,35.63798443,-78.86675321,3580.0,0.0,-1.0,-1.0,-1.0,70
312,530,40107,-1,-1,-1,608407580.349809,35.68776257,-78.79266937,149000.0,0.0,-1.0,-1.0,-1.0,70
310,120,40116,-1,-1,-1,608407580.349809,35.74534935,-78.78922604,149000.0,0.0,-1.0,-1.0,-1.0,70
312,530,40054,-1,-1,-1,608407580.349809,35.50858552,-78.83376919,149000.0,0.0,-1.0,-1.0,-1.0,70
311,480,39790,-1,-1,-1,608407580.349809,35.90332889,-78.76260799,149000.0,0.0,-1.0,-1.0,-1.0,70
310,120,3844,-1,-1,-1,608407580.349809,35.57052744,-79.2329395,149000.0,0.0,-1.0,-1.0,-1.0,70
310,410,9895,-1,-1,-1,608407580.349809,35.96653954,-79.39102485,149000.0,0.0,-1.0,-1.0,-1.0,70
310,120,31602,31513626,-1,-1,608642416.615059,35.65861323,-78.87707932,1710.0,0.0,-1.0,-1.0,-1.0,70
312,530,40092,262194032,-1,-1,608642416.615059,35.63674657,-78.85855577,1414.0,0.0,-1.0,-1.0,-1.0,70
310,410,10001,195191311,-1,-1,608642416.615059,35.60488695,-78.87773495,2652.0,0.0,-1.0,-1.0,-1.0,70
311,480,39683,39709185,-1,-1,608642416.615059,35.66489481,-78.84139622,1414.0,0.0,-1.0,-1.0,-1.0,70
310,120,31602,67052099,-1,-1,608642416.615059,35.63959805,-78.86811069,2200.0,0.0,-1.0,-1.0,-1.0,70
311,480,39683,39836674,-1,-1,608642416.615059,35.66989416,-78.83852045,1418.0,0.0,-1.0,-1.0,-1.0,70
312,530,40127,-1,-1,-1,608642416.615059,35.6611947,-78.85991811,149000.0,0.0,-1.0,-1.0,-1.0,70
312,530,40116,-1,-1,-1,608642416.615059,35.71576575,-78.79748702,149000.0,0.0,-1.0,-1.0,-1.0,70
312,530,40128,-1,-1,-1,608642416.615059,35.63960438,-78.78001634,149000.0,0.0,-1.0,-1.0,-1.0,70
312,530,40090,-1,-1,-1,608642416.615059,35.65740224,-78.76097104,149000.0,0.0,-1.0,-1.0,-1.0,70
310,120,39975,-1,-1,-1,608642416.615059,35.73726382,-78.77900873,149000.0,0.0,-1.0,-1.0,-1.0,70
310,120,40139,-1,-1,-1,608642416.615059,35.52044268,-78.87386833,149000.0,0.0,-1.0,-1.0,-1.0,70
312,530,39988,-1,-1,-1,608642416.615059,35.72499748,-78.75058196,149000.0,0.0,-1.0,-1.0,-1.0,70
310,120,40046,-1,-1,-1,608642416.615059,35.52682202,-78.80472817,149000.0,0.0,-1.0,-1.0,-1.0,70
310,120,40085,-1,-1,-1,608642416.615059,35.80066356,-78.78109112,149000.0,0.0,-1.0,-1.0,-1.0,70
311,490,31734,-1,-1,-1,608642416.615059,35.85512725,-78.94554449,149000.0,0.0,-1.0,-1.0,-1.0,70
310,410,9999,-1,-1,-1,608642416.615059,35.88903183,-78.77876671,149000.0,0.0,-1.0,-1.0,-1.0,70
311,940,3842,-1,-1,-1,608642416.615059,35.99461863,-78.8907054,149000.0,0.0,-1.0,-1.0,-1.0,70
311,480,39929,-1,-1,-1,608642416.615059,35.95575296,-79.04006798,149000.0,0.0,-1.0,-1.0,-1.0,70
311,480,39680,-1,-1,-1,608642416.615059,35.9848204,-78.99163626,149000.0,0.0,-1.0,-1.0,-1.0,70
310,260,31710,18005506,-1,-1,608745188.624633,35.65654875,-78.87119884,2115.0,0.0,-1.0,-1.0,-1.0,70
310,260,51615,256683756,-1,-1,608745188.624633,35.66960407,-78.85396246,1414.0,0.0,-1.0,-1.0,-1.0,70
310,260,51616,256739415,-1,-1,608745188.624633,35.62452697,-78.87429046,1414.0,0.0,-1.0,-1.0,-1.0,70
311,480,39933,263900682,-1,-1,608745188.624633,35.60864639,-78.85224914,1414.0,0.0,-1.0,-1.0,-1.0,70
310,120,40007,262215120,-1,-1,608745188.624633,35.63474273,-78.85320281,1414.0,0.0,-1.0,-1.0,-1.0,70
310,120,40047,245369764,-1,-1,608745188.624633,35.64798988,-78.84199339,1414.0,0.0,-1.0,-1.0,-1.0,70
311,480,39681,39694113,-1,-1,608745188.624633,35.63387991,-78.86874545,1414.0,0.0,-1.0,-1.0,-1.0,70
311,480,39683,39709198,-1,-1,608745188.624633,35.6655693,-78.84262084,1424.0,0.0,-1.0,-1.0,-1.0,70
311,480,39683,39694096,-1,-1,608745188.624633,35.62429222,-78.84076629,1421.0,0.0,-1.0,-1.0,-1.0,70
311,480,39683,39694112,-1,-1,608745188.624633,35.63339391,-78.86894382,1414.0,0.0,-1.0,-1.0,-1.0,70
311,480,39683,116509206,-1,-1,608745188.624633,35.64305532,-78.85045729,1908.0,0.0,-1.0,-1.0,-1.0,70
311,480,39683,39709211,-1,-1,608745188.624633,35.64181855,-78.85158559,2014.0,0.0,-1.0,-1.0,-1.0,70
311,480,39683,39836716,-1,-1,608745188.624633,35.66699465,-78.87443065,3472.0,0.0,-1.0,-1.0,-1.0,70
311,480,39683,116509207,-1,-1,608745188.624633,35.64266627,-78.85151679,1972.0,0.0,-1.0,-1.0,-1.0,70
311,480,39683,39860250,-1,-1,608745188.624633,35.63726481,-78.89771976,2667.0,0.0,-1.0,-1.0,-1.0,70
311,480,39683,39694114,-1,-1,608745188.624633,35.63703548,-78.86876018,2815.0,0.0,-1.0,-1.0,-1.0,70
311,480,39683,116509208,-1,-1,608745188.624633,35.64311987,-78.8510048,1428.0,0.0,-1.0,-1.0,-1.0,70
311,480,39683,39709201,-1,-1,608745188.624633,35.66474452,-78.84438099,12212.0,0.0,-1.0,-1.0,-1.0,70
310,410,10001,195138570,-1,-1,608745188.624633,35.63016603,-78.89461711,2778.0,0.0,-1.0,-1.0,-1.0,70
311,480,39683,39694092,-1,-1,608745188.624633,35.62416753,-78.84098883,1540.0,0.0,-1.0,-1.0,-1.0,70
311,480,39683,116509197,-1,-1,608745188.624633,35.66396387,-78.84417154,1463.0,0.0,-1.0,-1.0,-1.0,70
311,480,39683,39709208,-1,-1,608745188.624633,35.64473724,-78.84873962,2115.0,0.0,-1.0,-1.0,-1.0,70
310,260,31710,18934280,-1,-1,608745188.624633,35.64732807,-78.84255286,2067.0,0.0,-1.0,-1.0,-1.0,70
311,480,39683,39709206,-1,-1,608745188.624633,35.64507293,-78.84829711,1414.0,0.0,-1.0,-1.0,-1.0,70
311,480,39683,39709200,-1,-1,608745188.624633,35.66441731,-78.84428823,1414.0,0.0,-1.0,-1.0,-1.0,70
311,480,39683,39709196,-1,-1,608745188.624633,35.66516113,-78.84244537,1414.0,0.0,-1.0,-1.0,-1.0,70
310,410,10001,195001864,-1,-1,608745188.624633,35.66683806,-78.8740614,1480.0,0.0,-1.0,-1.0,-1.0,70
311,480,39683,39694116,-1,-1,608745188.624633,35.632518,-78.86921021,1414.0,0.0,-1.0,-1.0,-1.0,70
311,480,39683,116509196,-1,-1,608745188.624633,35.6639091,-78.84357233,1414.0,0.0,-1.0,-1.0,-1.0,70
311,480,39683,116509216,-1,-1,608745188.624633,35.65906103,-78.87060925,3214.0,0.0,-1.0,-1.0,-1.0,70
310,410,10001,195403799,-1,-1,608745188.624633,35.6512094,-78.84233909,1414.0,0.0,-1.0,-1.0,-1.0,70
310,260,31710,18934274,-1,-1,608745188.624633,35.64866231,-78.84127935,2123.0,0.0,-1.0,-1.0,-1.0,70
311,480,39683,39700482,-1,-1,608745188.624633,35.63585726,-78.86730879,1414.0,0.0,-1.0,-1.0,-1.0,70
310,410,10001,195138569,-1,-1,608745188.624633,35.63542004,-78.86581502,1414.0,0.0,-1.0,-1.0,-1.0,70
311,480,39683,193436718,-1,-1,608745188.624633,35.66170731,-78.87688882,11393.0,0.0,-1.0,-1.0,-1.0,70
311,480,39683,39836714,-1,-1,608745188.624633,35.66659341,-78.87469322,3545.0,0.0,-1.0,-1.0,-1.0,70
310,260,31710,18934281,-1,-1,608745188.624633,35.6397765,-78.87019366,2392.0,0.0,-1.0,-1.0,-1.0,70
311,480,39683,116509218,-1,-1,608745188.624633,35.66103831,-78.87288547,3657.0,0.0,-1.0,-1.0,-1.0,70
310,260,31710,18934275,-1,-1,608745188.624633,35.63881021,-78.86907034,1945.0,0.0,-1.0,-1.0,-1.0,70
310,410,10001,195403784,-1,-1,608745188.624633,35.66673809,-78.85438432,1829.0,0.0,-1.0,-1.0,-1.0,70
310,410,10001,195138576,-1,-1,608745188.624633,35.62690579,-78.86813396,1414.0,0.0,-1.0,-1.0,-1.0,70
311,480,39683,39709210,-1,-1,608745188.624633,35.64004487,-78.85567441,1719.0,0.0,-1.0,-1.0,-1.0,70
311,480,39683,39709216,-1,-1,608745188.624633,35.65961837,-78.86766052,1530.0,0.0,-1.0,-1.0,-1.0,70
311,480,39683,39709220,-1,-1,608745188.624633,35.6624735,-78.87830118,7189.0,0.0,-1.0,-1.0,-1.0,70
310,410,10001,195077144,-1,-1,608745188.624633,35.66158459,-78.85009427,6070.0,0.0,-1.0,-1.0,-1.0,70
310,410,10001,195077130,-1,-1,608745188.624633,35.66341604,-78.84553859,2722.0,0.0,-1.0,-1.0,-1.0,70
311,480,39683,39709207,-1,-1,608745188.624633,35.6445465,-78.84902191,2238.0,0.0,-1.0,-1.0,-1.0,70
310,260,31710,18004483,-1,-1,608745188.624633,35.66952027,-78.86751797,3073.0,0.0,-1.0,-1.0,-1.0,70
310,410,10001,195138568,-1,-1,608745188.624633,35.65539749,-78.87636842,1414.0,0.0,-1.0,-1.0,-1.0,70
311,480,39683,39694106,-1,-1,608745188.624633,35.60605668,-78.86938963,3163.0,0.0,-1.0,-1.0,-1.0,70
311,480,39683,39836715,-1,-1,608745188.624633,35.66751061,-78.8742863,3549.0,0.0,-1.0,-1.0,-1.0,70
310,410,10001,195001878,-1,-1,608745188.624633,35.66782005,-78.87406144,1632.0,0.0,-1.0,-1.0,-1.0,70
312,530,31602,31513883,-1,-1,608745188.624633,35.63039449,-78.87160309,3174.0,0.0,-1.0,-1.0,-1.0,70
310,120,39985,262318085,-1,-1,608745188.624633,35.63512802,-78.86912536,1414.0,0.0,-1.0,-1.0,-1.0,70
311,480,39683,39709197,-1,-1,608745188.624633,35.66491317,-78.84231567,1414.0,0.0,-1.0,-1.0,-1.0,70
311,480,39683,116509217,-1,-1,608745188.624633,35.65992618,-78.86927576,3405.0,0.0,-1.0,-1.0,-1.0,70
311,480,39683,39860246,-1,-1,608745188.624633,35.64877774,-78.91766835,2202.0,0.0,-1.0,-1.0,-1.0,70
311,480,39683,39700483,-1,-1,608745188.624633,35.61457029,-78.91309352,7279.0,0.0,-1.0,-1.0,-1.0,70
310,410,10001,195403792,-1,-1,608745188.624633,35.64818153,-78.83986252,2247.0,0.0,-1.0,-1.0,-1.0,70
310,410,10001,195403785,-1,-1,608745188.624633,35.65115279,-78.84287617,1414.0,0.0,-1.0,-1.0,-1.0,70
311,480,39681,39694093,-1,-1,608745188.624633,35.62587747,-78.84284699,1414.0,0.0,-1.0,-1.0,-1.0,70
310,260,31710,18934279,-1,-1,608745188.624633,35.66985126,-78.85057432,1657.0,0.0,-1.0,-1.0,-1.0,70
311,480,39683,39709187,-1,-1,608745188.624633,35.66703518,-78.88656517,7191.0,0.0,-1.0,-1.0,-1.0,70
311,480,39683,39709221,-1,-1,608745188.624633,35.66135848,-78.87506339,23678.0,0.0,-1.0,-1.0,-1.0,70
311,480,39683,39694081,-1,-1,608745188.624633,35.61810352,-78.83920858,1586.0,0.0,-1.0,-1.0,-1.0,70
310,260,51615,256737519,-1,-1,608745188.624633,35.63811492,-78.84905242,1414.0,0.0,-1.0,-1.0,-1.0,70
310,410,10001,195138583,-1,-1,608745188.624633,35.63542183,-78.86415301,1414.0,0.0,-1.0,-1.0,-1.0,70
311,480,39683,39709217,-1,-1,608745188.624633,35.65997695,-78.86724853,3106.0,0.0,-1.0,-1.0,-1.0,70
311,480,39681,39694103,-1,-1,608745188.624633,35.60611002,-78.86986852,3692.0,0.0,-1.0,-1.0,-1.0,70
311,480,39683,116509198,-1,-1,608745188.624633,35.66490095,-78.84427514,1513.0,0.0,-1.0,-1.0,-1.0,70
311,480,39931,263368666,-1,-1,608745188.624633,35.60865402,-78.85224151,1414.0,0.0,-1.0,-1.0,-1.0,70
311,480,39683,39836676,-1,-1,608745188.624633,35.64994461,-78.89275435,7282.0,0.0,-1.0,-1.0,-1.0,70
311,480,39683,193436698,-1,-1,608745188.624633,35.67411786,-78.84338487,1469.0,0.0,-1.0,-1.0,-1.0,70
310,410,10001,195403786,-1,-1,608745188.624633,35.6538761,-78.86655528,2324.0,0.0,-1.0,-1.0,-1.0,70
311,480,39683,39709218,-1,-1,608745188.624633,35.66187667,-78.87181091,7714.0,0.0,-1.0,-1.0,-1.0,70
312,530,31602,31513859,-1,-1,608745188.624633,35.63741461,-78.86463754,3199.0,0.0,-1.0,-1.0,-1.0,70
310,410,10001,195138575,-1,-1,608745188.624633,35.66109781,-78.87825968,1542.0,0.0,-1.0,-1.0,-1.0,70
312,530,3843,31513857,-1,-1,608745188.624633,35.6656723,-78.84190368,1414.0,0.0,-1.0,-1.0,-1.0,70
311,480,39683,39709186,-1,-1,608745188.624633,35.63907919,-78.84644982,2540.0,0.0,-1.0,-1.0,-1.0,70
310,260,51581,256054325,-1,-1,608745188.624633,35.63133239,-78.86525726,1414.0,0.0,-1.0,-1.0,-1.0,70
310,260,51605,256992939,-1,-1,608745188.624633,35.6346054,-78.8464508,1414.0,0.0,-1.0,-1.0,-1.0,70
311,480,39683,39697680,-1,-1,608745188.624633,35.64176103,-78.92551552,1777.0,0.0,-1.0,-1.0,-1.0,70
311,480,39683,39694083,-1,-1,608745188.624633,35.62706886,-78.86940617,1414.0,0.0,-1.0,-1.0,-1.0,70
310,260,31710,18934273,-1,-1,608745188.624633,35.66747613,-78.84715131,1721.0,0.0,-1.0,-1.0,-1.0,70
310,410,10001,195138577,-1,-1,608745188.624633,35.61970229,-78.90676847,5044.0,0.0,-1.0,-1.0,-1.0,70
310,260,31602,19406339,-1,-1,608745188.624633,35.65327457,-78.84082367,4049.0,0.0,-1.0,-1.0,-1.0,70
310,120,31602,31513883,-1,-1,608745188.624633,35.63253331,-78.87410971,2807.0,0.0,-1.0,-1.0,-1.0,70
310,120,31602,67052091,-1,-1,608745188.624633,35.63857027,-78.86852476,11656.0,0.0,-1.0,-1.0,-1.0,70
311,480,39683,39700481,-1,-1,608745188.624633,35.64863105,-78.88010176,1414.0,0.0,-1.0,-1.0,-1.0,70
310,410,10001,196038673,-1,-1,608745188.624633,35.62866131,-78.84727777,7197.0,0.0,-1.0,-1.0,-1.0,70
310,120,3843,32845107,-1,-1,608745188.624633,35.63909912,-78.86762237,4046.0,0.0,-1.0,-1.0,-1.0,70
310,120,3843,32845115,-1,-1,608745188.624633,35.63903808,-78.86785125,4523.0,0.0,-1.0,-1.0,-1.0,70
310,410,10001,195403798,-1,-1,608745188.624633,35.66600913,-78.85601425,1787.0,0.0,-1.0,-1.0,-1.0,70
310,410,10001,195403956,-1,-1,608745188.624633,35.64929132,-78.84115934,1414.0,0.0,-1.0,-1.0,-1.0,70
312,530,31602,67052091,-1,-1,608745188.624633,35.63868116,-78.86570897,3180.0,0.0,-1.0,-1.0,-1.0,70
310,120,31602,67052083,-1,-1,608745188.624633,35.63856486,-78.86889683,9972.0,0.0,-1.0,-1.0,-1.0,70
310,410,10001,195077301,-1,-1,608745188.624633,35.66152957,-78.85052315,10189.0,0.0,-1.0,-1.0,-1.0,70
310,410,10001,195403793,-1,-1,608745188.624633,35.6607367,-78.87279228,1919.0,0.0,-1.0,-1.0,-1.0,70
310,260,31710,18992130,-1,-1,608745188.624633,35.64916738,-78.92451928,10347.0,0.0,-1.0,-1.0,-1.0,70
312,530,40060,241203955,-1,-1,608745188.624633,35.60679651,-78.86468424,1414.0,0.0,-1.0,-1.0,-1.0,70
313,100,10001,-1,-1,-1,608745188.624633,35.6059205,-78.80695202,149000.0,0.0,-1.0,-1.0,-1.0,70
310,120,40092,-1,-1,-1,608745188.624633,35.55878665,-78.81795943,149000.0,0.0,-1.0,-1.0,-1.0,70
310,120,40128,-1,-1,-1,608745188.624633,35.67169876,-78.75487884,149000.0,0.0,-1.0,-1.0,-1.0,70
310,120,39990,-1,-1,-1,608745188.624633,35.72203887,-78.76918302,149000.0,0.0,-1.0,-1.0,-1.0,70
312,530,40103,-1,-1,-1,608745188.624633,35.76474491,-78.8069989,149000.0,0.0,-1.0,-1.0,-1.0,70
312,530,40110,-1,-1,-1,608745188.624633,35.57336779,-78.7612538,149000.0,0.0,-1.0,-1.0,-1.0,70
312,530,40112,-1,-1,-1,608745188.624633,35.7455131,-78.76560787,149000.0,0.0,-1.0,-1.0,-1.0,70
313,100,9993,-1,-1,-1,608745188.624633,35.79529659,-78.86275686,149000.0,0.0,-1.0,-1.0,-1.0,70
310,120,40067,-1,-1,-1,608745188.624633,35.77789962,-78.77710048,149000.0,0.0,-1.0,-1.0,-1.0,70
312,530,3843,-1,-1,-1,608745188.624633,35.81441547,-78.81519919,149000.0,0.0,-1.0,-1.0,-1.0,70
310,120,40071,-1,-1,-1,608745188.624633,35.78784262,-78.75198162,149000.0,0.0,-1.0,-1.0,-1.0,70
312,530,40059,-1,-1,-1,608745188.624633,35.85037191,-78.80031452,149000.0,0.0,-1.0,-1.0,-1.0,70
310,120,31734,-1,-1,-1,608745188.624633,35.92089862,-78.87007009,149000.0,0.0,-1.0,-1.0,-1.0,70
310,410,10010,-1,-1,-1,608745188.624633,35.61020689,-79.15246991,149000.0,0.0,-1.0,-1.0,-1.0,70
312,530,31601,-1,-1,-1,608745188.624633,35.95672497,-78.92914442,149000.0,0.0,-1.0,-1.0,-1.0,70
313,100,10010,-1,-1,-1,608745188.624633,35.62927478,-79.18394903,149000.0,0.0,-1.0,-1.0,-1.0,70
310,410,9988,-1,-1,-1,608745188.624633,36.00861535,-79.02994094,149000.0,0.0,-1.0,-1.0,-1.0,70
312,530,31739,-1,-1,-1,608745188.624633,36.01780921,-79.04144826,149000.0,0.0,-1.0,-1.0,-1.0,70
313,100,9988,-1,-1,-1,608745188.624633,36.021438,-79.11040876,149000.0,0.0,-1.0,-1.0,-1.0,70
313,100,9895,-1,-1,-1,608745188.624633,35.97596079,-79.40135904,149000.0,0.0,-1.0,-1.0,-1.0,70
