MAC,Channel,InfoMask,Timestamp,Latitude,Longitude,HorizontalAccuracy,Altitude,VerticalAccuracy,Speed,Course,Confidence,Score,Reach,FenceForeignKey
2562752483925,-1,1,608320390.161796,0.0,0.0,-1.0,-1000.0,-1.0,-1.0,-1.0,0,-1,-1,-1
134733672597301,-1,1,608320390.161834,0.0,0.0,-1.0,-1000.0,-1.0,-1.0,-1.0,0,-1,-1,-1
280293235206519,-1,1,608320643.387088,0.0,0.0,-1.0,-1000.0,-1.0,-1.0,-1.0,0,-1,-1,-1
200646312534286,-1,1,608344213.683756,0.0,0.0,-1.0,-1000.0,-1.0,-1.0,-1.0,0,-1,-1,-1
143840950584411,-1,1,608392735.549433,0.0,0.0,-1.0,-1000.0,-1.0,-1.0,-1.0,0,-1,-1,-1
160785014360876,-1,1,608392735.549449,0.0,0.0,-1.0,-1000.0,-1.0,-1.0,-1.0,0,-1,-1,-1
77204285910342,-1,1,608392735.549452,0.0,0.0,-1.0,-1000.0,-1.0,-1.0,-1.0,0,-1,-1,-1
72806239399238,-1,1,608392735.549455,0.0,0.0,-1.0,-1000.0,-1.0,-1.0,-1.0,0,-1,-1,-1
15628465794128,-1,1,608392735.549457,0.0,0.0,-1.0,-1000.0,-1.0,-1.0,-1.0,0,-1,-1,-1
165183060507472,-1,1,608392841.083289,0.0,0.0,-1.0,-1000.0,-1.0,-1.0,-1.0,0,-1,-1,-1
165183060871980,-1,1,608392841.083314,0.0,0.0,-1.0,-1000.0,-1.0,-1.0,-1.0,0,-1,-1,-1
81602334820608,-1,1,608392841.083322,0.0,0.0,-1.0,-1000.0,-1.0,-1.0,-1.0,0,-1,-1,-1
160785013996368,-1,1,608392841.083328,0.0,0.0,-1.0,-1000.0,-1.0,-1.0,-1.0,0,-1,-1,-1
246361461684200,-1,1,608392841.083333,0.0,0.0,-1.0,-1000.0,-1.0,-1.0,-1.0,0,-1,-1,-1
143840950587456,-1,1,608392841.083339,0.0,0.0,-1.0,-1000.0,-1.0,-1.0,-1.0,0,-1,-1,-1
141745043262172,11,0,608392858.837727,35.67081686,-78.87898146,97.0,80.0,5.0,-1.0,-1.0,50,63,522,-892757772
171789296115602,6,0,608392858.837727,35.67105604,-78.87861093,116.0,79.0,5.0,-1.0,-1.0,50,63,478,-892757772
229521381954443,3,0,608392858.837727,35.6707534,-78.87902397,69.0,80.0,5.0,-1.0,-1.0,50,63,367,-892757772
278094211941819,1,0,608392858.837727,35.67149187,-78.87862455,119.0,77.0,7.0,-1.0,-1.0,50,62,439,-892757772
27385411244757,5,0,608392858.837727,35.67084677,-78.87741617,123.0,81.0,6.0,-1.0,-1.0,50,63,537,-892757772
92796496552288,1,0,608392858.837727,35.67091928,-78.87728353,137.0,80.0,6.0,-1.0,-1.0,50,63,589,-892757772
105662398522704,1,0,608392858.837727,35.67103261,-78.87755805,71.0,79.0,5.0,-1.0,-1.0,50,63,444,-892757772
105766103215840,11,0,608392858.837727,35.67099185,-78.87762828,110.0,80.0,5.0,-1.0,-1.0,50,63,770,-892757772
168122003261948,11,0,608392858.837727,35.67110438,-78.87771085,110.0,79.0,5.0,-1.0,-1.0,50,63,643,-892757772
198696036273374,6,0,608392858.837727,35.67123683,-78.87712974,72.0,80.0,5.0,-1.0,-1.0,50,63,383,-892757772
264403983869968,6,0,608392858.837727,35.67126414,-78.87669973,140.0,79.0,6.0,-1.0,-1.0,50,63,543,-892757772
264568952713237,11,0,608392858.837727,35.6715509,-78.87726427,131.0,79.0,5.0,-1.0,-1.0,50,63,552,-892757772
278094208612861,11,0,608392858.837727,35.67112895,-78.87746691,109.0,80.0,5.0,-1.0,-1.0,50,63,432,-892757772
278094211943896,1,0,608392858.837727,35.67162233,-78.87703966,111.0,79.0,5.0,-1.0,-1.0,50,63,544,-892757772
278094211945326,11,0,608392858.837727,35.67137698,-78.8766219,145.0,79.0,5.0,-1.0,-1.0,50,63,612,-892757772
18431773727576,3,0,608392858.837727,35.67073942,-78.87914998,103.0,80.0,5.0,-1.0,-1.0,50,63,379,-892757772
48585531984468,3,0,608392858.837727,35.67070956,-78.879112,85.0,80.0,5.0,-1.0,-1.0,50,63,382,-892757772
70682541498697,11,0,608392858.837727,35.67074168,-78.87929277,112.0,80.0,6.0,-1.0,-1.0,50,63,396,-892757772
22375709124465,10,0,608392858.837727,35.67081922,-78.87920844,107.0,79.0,5.0,-1.0,-1.0,50,44,375,-892757772
22780388168458,11,0,608392858.837727,35.66990988,-78.87802434,82.0,84.0,7.0,-1.0,-1.0,50,63,577,-892757772
36168629474530,6,0,608392858.837727,35.67044205,-78.87813044,73.0,82.0,5.0,-1.0,-1.0,50,63,356,-892757772
53411080584766,11,0,608392858.837727,35.6701122,-78.87870742,95.0,83.0,5.0,-1.0,-1.0,50,63,379,-892757772
57489677680694,1,0,608392858.837727,35.6697907,-78.87875936,57.0,84.0,7.0,-1.0,-1.0,50,63,516,-892757772
105766103364056,6,0,608392858.837727,35.6703643,-78.87884467,118.0,82.0,6.0,-1.0,-1.0,50,63,485,-892757772
106528740276969,6,0,608392858.837727,35.67019917,-78.87846768,106.0,82.0,5.0,-1.0,-1.0,50,63,691,-892757772
119580870554782,8,0,608392858.837727,35.67044328,-78.87897003,99.0,82.0,6.0,-1.0,-1.0,50,63,438,-892757772
150489906302521,3,0,608392858.837727,35.67003763,-78.8789349,53.0,83.0,6.0,-1.0,-1.0,50,63,197,-892757772
9713555550046,11,0,608392858.837727,35.67043394,-78.87778137,89.0,82.0,6.0,-1.0,-1.0,50,63,466,-892757772
171789295785292,10,0,608392858.837727,35.67001144,-78.87857678,90.0,83.0,7.0,-1.0,-1.0,50,63,596,-892757772
176109638444808,3,0,608392858.837727,35.66975301,-78.87795823,65.0,84.0,8.0,-1.0,-1.0,50,63,476,-892757772
189670352851739,1,0,608392858.837727,35.67009284,-78.87836387,73.0,83.0,5.0,-1.0,-1.0,50,63,498,-892757772
194062618715587,1,0,608392858.837727,35.66991327,-78.87786903,63.0,84.0,6.0,-1.0,-1.0,50,63,331,-892757772
194310936627300,11,0,608392858.837727,35.67007237,-78.87862484,94.0,83.0,5.0,-1.0,-1.0,50,63,488,-892757772
194310931658347,1,0,608392858.837727,35.67031753,-78.87819576,107.0,82.0,5.0,-1.0,-1.0,50,63,545,-892757772
202577922098367,1,0,608392858.837727,35.66990083,-78.8789195,27.0,84.0,7.0,-1.0,-1.0,50,63,315,-892757772
202750471944342,11,0,608392858.837727,35.66976536,-78.8789453,46.0,84.0,5.0,-1.0,-1.0,50,63,214,-892757772
220675994215765,5,0,608392858.837727,35.66978683,-78.87845844,68.0,84.0,5.0,-1.0,-1.0,50,63,400,-892757772
220676005905797,5,0,608392858.837727,35.67014479,-78.87885209,116.0,82.0,6.0,-1.0,-1.0,50,63,508,-892757772
224317462902462,11,0,608392858.837727,35.66970357,-78.87895171,56.0,85.0,6.0,-1.0,-1.0,50,63,343,-892757772
35915777402369,6,0,608392858.837727,35.67037381,-78.87771789,56.0,82.0,5.0,-1.0,-1.0,50,62,521,-892757772
158820375705682,11,0,608392858.837727,35.66983002,-78.87846337,59.0,84.0,6.0,-1.0,-1.0,50,62,468,-892757772
171789296523310,6,0,608392858.837727,35.6706052,-78.87859289,56.0,81.0,5.0,-1.0,-1.0,50,62,326,-892757772
233117100747189,1,0,608392858.837727,35.66987807,-78.8785041,46.0,84.0,6.0,-1.0,-1.0,50,62,322,-892757772
278094213553288,1,0,608392858.837727,35.66966048,-78.87802333,49.0,85.0,5.0,-1.0,-1.0,50,62,310,-892757772
66325081904564,5,0,608392858.837727,35.66969995,-78.87856586,39.0,82.0,8.0,-1.0,-1.0,50,47,117,-892757772
92922602111720,6,0,608392858.837727,35.66966676,-78.87733429,116.0,85.0,7.0,-1.0,-1.0,50,63,576,-892757772
105766103362920,11,0,608392858.837727,35.66959782,-78.87678952,116.0,84.0,6.0,-1.0,-1.0,50,63,601,-892757772
9713555408798,6,0,608392858.837727,35.6699526,-78.87688654,137.0,83.0,9.0,-1.0,-1.0,50,63,648,-892757772
176170673816462,11,0,608392858.837727,35.6702756,-78.8771677,111.0,82.0,6.0,-1.0,-1.0,50,63,564,-892757772
194062620674719,11,0,608392858.837727,35.66983069,-78.87733567,137.0,85.0,6.0,-1.0,-1.0,50,63,566,-892757772
207417150840356,1,0,608392858.837727,35.66961414,-78.87723715,87.0,85.0,8.0,-1.0,-1.0,50,63,515,-892757772
9436758087582,11,0,608392858.837727,35.66971661,-78.87752809,92.0,85.0,7.0,-1.0,-1.0,50,62,831,-892757772
18529625413448,8,0,608392858.837727,35.66979034,-78.87919697,96.0,83.0,7.0,-1.0,-1.0,50,63,461,-892757772
66144332204458,1,0,608392858.837727,35.66971155,-78.88032954,88.0,80.0,5.0,-1.0,-1.0,50,63,441,-892757772
66209178876839,3,0,608392858.837727,35.67031969,-78.87967183,93.0,81.0,5.0,-1.0,-1.0,50,63,420,-892757772
137282598434307,5,0,608392858.837727,35.67057677,-78.87981726,122.0,79.0,6.0,-1.0,-1.0,50,63,466,-892757772
145824585301742,1,0,608392858.837727,35.67049927,-78.87937761,87.0,80.0,6.0,-1.0,-1.0,50,63,368,-892757772
8819736308491,10,0,608392858.837727,35.67044523,-78.87909606,36.0,82.0,5.0,-1.0,-1.0,50,63,169,-892757772
8819745832911,3,0,608392858.837727,35.6704586,-78.87914564,56.0,81.0,5.0,-1.0,-1.0,50,63,362,-892757772
154187949375839,11,0,608392858.837727,35.66968587,-78.88012776,114.0,81.0,7.0,-1.0,-1.0,50,63,492,-892757772
189371403753926,1,0,608392858.837727,35.67057899,-78.8795113,98.0,80.0,6.0,-1.0,-1.0,50,63,372,-892757772
193760318506948,9,0,608392858.837727,35.67003411,-78.87913009,110.0,82.0,5.0,-1.0,-1.0,50,63,752,-892757772
198092728433990,11,0,608392858.837727,35.66965585,-78.87972673,64.0,82.0,5.0,-1.0,-1.0,50,63,421,-892757772
211938384138636,11,0,608392858.837727,35.66995174,-78.88013226,76.0,80.0,5.0,-1.0,-1.0,50,63,403,-892757772
233120504854528,11,0,608392858.837727,35.67012041,-78.87973573,77.0,81.0,5.0,-1.0,-1.0,50,63,408,-892757772
237550742465101,6,0,608392858.837727,35.67000053,-78.88023961,86.0,79.0,6.0,-1.0,-1.0,50,63,453,-892757772
260097676137338,1,0,608392858.837727,35.67006306,-78.87941968,44.0,82.0,6.0,-1.0,-1.0,50,63,374,-892757772
66144332254706,1,0,608392858.837727,35.66973153,-78.88029715,74.0,80.0,5.0,-1.0,-1.0,50,62,383,-892757772
71181343958132,6,0,608392858.837727,35.67012859,-78.8794477,37.0,82.0,6.0,-1.0,-1.0,50,62,332,-892757772
150489911038863,3,0,608392858.837727,35.67043799,-78.87916512,32.0,81.0,5.0,-1.0,-1.0,50,62,271,-892757772
237669682768578,1,0,608392858.837727,35.66972696,-78.88044338,52.0,80.0,5.0,-1.0,-1.0,50,62,334,-892757772
237669683002427,1,0,608392858.837727,35.67051379,-78.87969928,78.0,79.0,6.0,-1.0,-1.0,50,62,359,-892757772
238170565106764,5,0,608392858.837727,35.66992676,-78.88021302,61.0,80.0,7.0,-1.0,-1.0,50,62,314,-892757772
277170158352845,6,0,608392858.837727,35.6700092,-78.87998368,90.0,80.0,5.0,-1.0,-1.0,50,62,494,-892757772
176109638098767,11,0,608392858.837727,35.67182187,-78.87758655,113.0,78.0,6.0,-1.0,-1.0,50,63,382,-892757772
79965018039818,5,0,608392858.837727,35.67154261,-78.87596262,147.0,78.0,5.0,-1.0,-1.0,50,63,545,-892757772
237550748071926,2,0,608392858.837727,35.6707014,-78.88082499,137.0,75.0,5.0,-1.0,-1.0,50,63,503,-892757772
18529622080256,11,0,608392858.837727,35.66925879,-78.87891682,62.0,86.0,5.0,-1.0,-1.0,50,63,207,-892757772
18529626762594,3,0,608392858.837727,35.66876704,-78.8780692,66.0,89.0,7.0,-1.0,-1.0,50,63,306,-892757772
27105394834476,2,0,608392858.837727,35.66864968,-78.87852174,58.0,89.0,9.0,-1.0,-1.0,50,63,265,-892757772
27310746831759,1,0,608392858.837727,35.66947609,-78.8783157,70.0,86.0,6.0,-1.0,-1.0,50,63,366,-892757772
31828307719405,6,0,608392858.837727,35.66919535,-78.87785767,68.0,87.0,5.0,-1.0,-1.0,50,63,433,-892757772
31828307719515,11,0,608392858.837727,35.66875169,-78.87792442,74.0,90.0,6.0,-1.0,-1.0,50,63,333,-892757772
52926938618686,3,0,608392858.837727,35.66884768,-78.87782493,46.0,90.0,5.0,-1.0,-1.0,50,63,274,-892757772
66144336380597,11,0,608392858.837727,35.66880041,-78.87789926,45.0,90.0,5.0,-1.0,-1.0,50,63,187,-892757772
71161615728796,1,0,608392858.837727,35.6692619,-78.87785298,56.0,87.0,5.0,-1.0,-1.0,50,63,261,-892757772
88818843895691,11,0,608392858.837727,35.66952459,-78.87896284,55.0,85.0,6.0,-1.0,-1.0,50,63,363,-892757772
105797395687293,8,0,608392858.837727,35.66909315,-78.87899977,58.0,86.0,6.0,-1.0,-1.0,50,63,186,-892757772
110432246406327,1,0,608392858.837727,35.6688903,-78.87773848,56.0,90.0,5.0,-1.0,-1.0,50,63,351,-892757772
145234217116871,1,0,608392858.837727,35.66865835,-78.87834682,76.0,89.0,5.0,-1.0,-1.0,50,63,362,-892757772
163085023236223,1,0,608392858.837727,35.66886161,-78.87867088,68.0,88.0,5.0,-1.0,-1.0,50,63,260,-892757772
171789283575389,7,0,608392858.837727,35.66955993,-78.87873391,50.0,85.0,6.0,-1.0,-1.0,50,63,222,-892757772
180507554162316,11,0,608392858.837727,35.66945742,-78.87883724,58.0,85.0,5.0,-1.0,-1.0,50,63,392,-892757772
185437728599746,1,0,608392858.837727,35.669188,-78.87898926,68.0,86.0,5.0,-1.0,-1.0,50,63,744,-892757772
194538323887363,10,0,608392858.837727,35.66865506,-78.87775112,46.0,91.0,5.0,-1.0,-1.0,50,63,313,-892757772
198092718550223,1,0,608392858.837727,35.66944877,-78.87887202,64.0,85.0,5.0,-1.0,-1.0,50,63,735,-892757772
211269064402730,2,0,608392858.837727,35.66858364,-78.87827766,47.0,90.0,7.0,-1.0,-1.0,50,63,271,-892757772
220676002805699,5,0,608392858.837727,35.66867812,-78.87794684,53.0,90.0,5.0,-1.0,-1.0,50,63,298,-892757772
128089875440,6,0,608392858.837727,35.66949609,-78.87883543,37.0,85.0,5.0,-1.0,-1.0,50,62,224,-892757772
31828302276704,11,0,608392858.837727,35.66888598,-78.87892212,57.0,87.0,6.0,-1.0,-1.0,50,62,268,-892757772
31828302277826,1,0,608392858.837727,35.66903274,-78.87870217,52.0,87.0,5.0,-1.0,-1.0,50,62,318,-892757772
31828302280455,6,0,608392858.837727,35.66875797,-78.87859546,56.0,89.0,6.0,-1.0,-1.0,50,62,241,-892757772
31828307710451,11,0,608392858.837727,35.66907955,-78.87804458,56.0,88.0,6.0,-1.0,-1.0,50,62,749,-892757772
57254464835168,1,0,608392858.837727,35.66881757,-78.8790095,40.0,89.0,5.0,-1.0,-1.0,50,62,207,-892757772
66209175510417,9,0,608392858.837727,35.66927853,-78.87837707,66.0,86.0,6.0,-1.0,-1.0,50,62,446,-892757772
75406679447719,7,0,608392858.837727,35.66953405,-78.87874867,35.0,85.0,5.0,-1.0,-1.0,50,62,151,-892757772
79554453845811,6,0,608392858.837727,35.66893823,-78.87860339,40.0,87.0,6.0,-1.0,-1.0,50,62,343,-892757772
150489905309459,7,0,608392858.837727,35.66952579,-78.87906975,40.0,85.0,6.0,-1.0,-1.0,50,62,135,-892757772
193904257896668,6,0,608392858.837727,35.66918539,-78.87789034,29.0,89.0,5.0,-1.0,-1.0,50,62,136,-892757772
203003596036371,6,0,608392858.837727,35.66913433,-78.87781753,38.0,89.0,5.0,-1.0,-1.0,50,62,259,-892757772
220862324637204,6,0,608392858.837727,35.66895502,-78.87823241,45.0,88.0,6.0,-1.0,-1.0,50,62,276,-892757772
237561514711260,11,0,608392858.837727,35.66884098,-78.87901361,53.0,88.0,6.0,-1.0,-1.0,50,62,268,-892757772
256171977465292,11,0,608392858.837727,35.66926924,-78.87800915,36.0,88.0,6.0,-1.0,-1.0,50,62,142,-892757772
150021890653265,6,0,608392858.837727,35.66954989,-78.87886174,41.0,85.0,5.0,-1.0,-1.0,50,60,169,-892757772
277351203439693,7,0,608392858.837727,35.66953332,-78.87878117,35.0,86.0,7.0,-1.0,-1.0,50,59,145,-892757772
62249413867640,11,0,608392858.837727,35.66941207,-78.87870951,33.0,86.0,5.0,-1.0,-1.0,50,46,140,-892757772
15024799290,6,0,608392858.837727,35.66898167,-78.87856591,21.0,85.0,5.0,-1.0,-1.0,50,39,77,-892757772
96897440677563,6,0,608392858.837727,35.66937822,-78.87877735,21.0,86.0,5.0,-1.0,-1.0,50,31,37,-892757772
58173525245816,10,0,608392858.837727,35.66992438,-78.8810405,73.0,77.0,7.0,-1.0,-1.0,50,63,246,-892757772
66144332255641,6,0,608392858.837727,35.67013307,-78.88054825,127.0,78.0,6.0,-1.0,-1.0,50,63,512,-892757772
66209173650238,6,0,608392858.837727,35.66960878,-78.88100053,113.0,78.0,6.0,-1.0,-1.0,50,63,398,-892757772
123534501049025,11,0,608392858.837727,35.67003312,-78.88097408,106.0,77.0,7.0,-1.0,-1.0,50,63,497,-892757772
149796187300968,11,0,608392858.837727,35.67003288,-78.88126146,114.0,75.0,5.0,-1.0,-1.0,50,63,346,-892757772
149796187301287,1,0,608392858.837727,35.66993727,-78.88109472,95.0,76.0,7.0,-1.0,-1.0,50,63,317,-892757772
225348630500055,11,0,608392858.837727,35.66968597,-78.88106957,129.0,77.0,6.0,-1.0,-1.0,50,63,411,-892757772
237550732893063,10,0,608392858.837727,35.66966519,-78.88073301,79.0,78.0,7.0,-1.0,-1.0,50,63,261,-892757772
237550748071858,2,0,608392858.837727,35.67026402,-78.88127444,130.0,75.0,5.0,-1.0,-1.0,50,63,476,-892757772
264376344955698,1,0,608392858.837727,35.67028991,-78.88127313,146.0,75.0,5.0,-1.0,-1.0,50,63,527,-892757772
264438804617310,1,0,608392858.837727,35.66993009,-78.88074873,108.0,78.0,6.0,-1.0,-1.0,50,63,399,-892757772
27385400882589,11,0,608392858.837727,35.66909471,-78.87678197,71.0,87.0,6.0,-1.0,-1.0,50,63,493,-892757772
44532519108851,5,0,608392858.837727,35.66848207,-78.87656994,57.0,92.0,6.0,-1.0,-1.0,50,63,421,-892757772
49467845936433,10,0,608392858.837727,35.66938466,-78.87738286,147.0,87.0,8.0,-1.0,-1.0,50,63,766,-892757772
123532113403518,8,0,608392858.837727,35.66902558,-78.87742249,38.0,89.0,6.0,-1.0,-1.0,50,63,254,-892757772
123532117040966,5,0,608392858.837727,35.66856495,-78.87770648,50.0,92.0,5.0,-1.0,-1.0,50,63,293,-892757772
132534642697719,1,0,608392858.837727,35.6689619,-78.87661687,60.0,88.0,6.0,-1.0,-1.0,50,63,507,-892757772
132534646557401,1,0,608392858.837727,35.66898706,-78.87699309,52.0,89.0,5.0,-1.0,-1.0,50,63,319,-892757772
167255040763966,1,0,608392858.837727,35.66925584,-78.8777145,59.0,87.0,5.0,-1.0,-1.0,50,63,464,-892757772
167586359193296,11,0,608392858.837727,35.66892203,-78.87731714,49.0,89.0,5.0,-1.0,-1.0,50,63,230,-892757772
193989711910280,10,0,608392858.837727,35.66911989,-78.87768781,139.0,88.0,9.0,-1.0,-1.0,50,63,675,-892757772
215521813922739,7,0,608392858.837727,35.66853004,-78.8776232,39.0,92.0,5.0,-1.0,-1.0,50,63,273,-892757772
13870901899608,2,0,608392858.837727,35.66861497,-78.87697123,95.0,91.0,6.0,-1.0,-1.0,50,63,638,-892757772
246562427976688,3,0,608392858.837727,35.6690151,-78.87769792,42.0,89.0,5.0,-1.0,-1.0,50,63,270,-892757772
278094211963804,1,0,608392858.837727,35.66896953,-78.87699413,52.0,89.0,6.0,-1.0,-1.0,50,63,215,-892757772
670062251954,1,0,608392858.837727,35.66899538,-78.876962,47.0,88.0,6.0,-1.0,-1.0,50,62,206,-892757772
27385409053794,6,0,608392858.837727,35.66933908,-78.87651439,115.0,86.0,7.0,-1.0,-1.0,50,62,586,-892757772
260097668056495,11,0,608392858.837727,35.66921412,-78.87671047,37.0,84.0,6.0,-1.0,-1.0,50,62,361,-892757772
48764619216789,7,0,608392858.837727,35.66868616,-78.87748892,38.0,94.0,8.0,-1.0,-1.0,50,29,229,-892757772
17650160188791,6,0,608392858.837727,35.66877869,-78.87993861,46.0,85.0,5.0,-1.0,-1.0,50,63,147,-892757772
22780387823555,1,0,608392858.837727,35.66936185,-78.87976594,51.0,84.0,6.0,-1.0,-1.0,50,63,514,-892757772
31021391518334,6,0,608392858.837727,35.66943415,-78.88006961,55.0,83.0,5.0,-1.0,-1.0,50,63,512,-892757772
31543388553994,5,0,608392858.837727,35.66884819,-78.8796519,63.0,86.0,6.0,-1.0,-1.0,50,63,371,-892757772
31543389275041,5,0,608392858.837727,35.66951652,-78.87933796,67.0,84.0,6.0,-1.0,-1.0,50,63,194,-892757772
31828303760813,1,0,608392858.837727,35.66850332,-78.87975772,43.0,87.0,5.0,-1.0,-1.0,50,63,185,-892757772
31828305733410,1,0,608392858.837727,35.66872631,-78.88006908,44.0,85.0,5.0,-1.0,-1.0,50,63,330,-892757772
31828305734268,11,0,608392858.837727,35.66866592,-78.88013784,37.0,85.0,5.0,-1.0,-1.0,50,63,240,-892757772
31828305734785,6,0,608392858.837727,35.66863709,-78.88031852,89.0,84.0,7.0,-1.0,-1.0,50,63,358,-892757772
31828306263577,6,0,608392858.837727,35.66884293,-78.88010081,38.0,85.0,5.0,-1.0,-1.0,50,63,146,-892757772
36168632229981,11,0,608392858.837727,35.66896143,-78.88020964,33.0,84.0,5.0,-1.0,-1.0,50,63,194,-892757772
57254464812412,1,0,608392858.837727,35.66868029,-78.87939598,69.0,87.0,5.0,-1.0,-1.0,50,63,297,-892757772
57606943239311,6,0,608392858.837727,35.66859239,-78.87994072,42.0,86.0,5.0,-1.0,-1.0,50,63,227,-892757772
58173532832056,2,0,608392858.837727,35.66846539,-78.87924225,23.0,89.0,5.0,-1.0,-1.0,50,63,116,-892757772
70465350387344,1,0,608392858.837727,35.66886451,-78.88033805,25.0,84.0,5.0,-1.0,-1.0,50,63,217,-892757772
70465350608448,6,0,608392858.837727,35.66846434,-78.87963533,52.0,87.0,6.0,-1.0,-1.0,50,63,267,-892757772
80136656278409,11,0,608392858.837727,35.66870829,-78.87956565,44.0,87.0,6.0,-1.0,-1.0,50,63,167,-892757772
92922601375896,11,0,608392858.837727,35.66848151,-78.87931429,44.0,88.0,6.0,-1.0,-1.0,50,63,264,-892757772
97785275030862,1,0,608392858.837727,35.66950159,-78.8796706,43.0,84.0,5.0,-1.0,-1.0,50,63,229,-892757772
101949658230431,1,0,608392858.837727,35.66891729,-78.88025457,23.0,84.0,5.0,-1.0,-1.0,50,63,176,-892757772
105766103205200,11,0,608392858.837727,35.66916146,-78.87951214,38.0,85.0,5.0,-1.0,-1.0,50,63,187,-892757772
105766103205816,11,0,608392858.837727,35.66881215,-78.8803658,62.0,84.0,5.0,-1.0,-1.0,50,63,353,-892757772
105766103211360,6,0,608392858.837727,35.66908945,-78.87993891,65.0,84.0,5.0,-1.0,-1.0,50,63,551,-892757772
105766103363976,6,0,608392858.837727,35.66857811,-78.88026349,77.0,84.0,6.0,-1.0,-1.0,50,63,433,-892757772
123532116107773,5,0,608392858.837727,35.66874156,-78.87984512,38.0,86.0,5.0,-1.0,-1.0,50,63,158,-892757772
141623907701032,11,0,608392858.837727,35.66845983,-78.87927312,21.0,89.0,5.0,-1.0,-1.0,50,63,93,-892757772
141745042630818,6,0,608392858.837727,35.66896474,-78.88040331,37.0,83.0,5.0,-1.0,-1.0,50,63,278,-892757772
145830539118960,11,0,608392858.837727,35.66921484,-78.87971314,54.0,85.0,5.0,-1.0,-1.0,50,63,427,-892757772
145830539637824,1,0,608392858.837727,35.6691609,-78.88030528,60.0,82.0,5.0,-1.0,-1.0,50,63,333,-892757772
154187950084438,1,0,608392858.837727,35.66885738,-78.88031587,28.0,84.0,5.0,-1.0,-1.0,50,63,263,-892757772
172431892956941,8,0,608392858.837727,35.66904611,-78.88000513,20.0,84.0,5.0,-1.0,-1.0,50,63,122,-892757772
189794995432424,2,0,608392858.837727,35.66897975,-78.87940195,67.0,86.0,5.0,-1.0,-1.0,50,63,431,-892757772
190090205192321,6,0,608392858.837727,35.66929492,-78.87915048,48.0,85.0,6.0,-1.0,-1.0,50,63,225,-892757772
190131763461520,6,0,608392858.837727,35.66921832,-78.87970721,46.0,85.0,5.0,-1.0,-1.0,50,63,230,-892757772
190131767069344,1,0,608392858.837727,35.66883688,-78.8799581,49.0,85.0,5.0,-1.0,-1.0,50,63,227,-892757772
193989700642344,2,0,608392858.837727,35.66932896,-78.87937766,74.0,85.0,7.0,-1.0,-1.0,50,63,786,-892757772
198696037164690,1,0,608392858.837727,35.66891569,-78.88011931,33.0,84.0,5.0,-1.0,-1.0,50,63,137,-892757772
203003596273927,1,0,608392858.837727,35.66923653,-78.8797095,24.0,85.0,6.0,-1.0,-1.0,50,63,345,-892757772
220676005583710,5,0,608392858.837727,35.66923743,-78.88024577,74.0,82.0,5.0,-1.0,-1.0,50,63,431,-892757772
220676006045707,5,0,608392858.837727,35.66866878,-78.87968133,55.0,86.0,5.0,-1.0,-1.0,50,63,255,-892757772
220998227881814,2,0,608392858.837727,35.6690528,-78.87938449,20.0,87.0,6.0,-1.0,-1.0,50,63,83,-892757772
13961721838588,11,0,608392858.837727,35.66881674,-78.87929803,29.0,88.0,5.0,-1.0,-1.0,50,63,98,-892757772
224578750036278,2,0,608392858.837727,35.66899354,-78.88040747,33.0,82.0,5.0,-1.0,-1.0,50,63,286,-892757772
237960042227652,1,0,608392858.837727,35.66902144,-78.88009254,29.0,84.0,5.0,-1.0,-1.0,50,63,170,-892757772
237960042228400,6,0,608392858.837727,35.66899078,-78.88017064,37.0,84.0,5.0,-1.0,-1.0,50,63,300,-892757772
237960042249817,1,0,608392858.837727,35.66895608,-78.88011028,44.0,84.0,5.0,-1.0,-1.0,50,63,305,-892757772
242143245036027,8,0,608392858.837727,35.66901574,-78.8800136,20.0,84.0,5.0,-1.0,-1.0,50,63,96,-892757772
268490103989142,1,0,608392858.837727,35.66855949,-78.87989077,37.0,87.0,5.0,-1.0,-1.0,50,63,140,-892757772
670061958705,6,0,608392858.837727,35.66865054,-78.88039733,47.0,84.0,5.0,-1.0,-1.0,50,62,247,-892757772
53132160604091,11,0,608392858.837727,35.66856783,-78.87975814,31.0,88.0,5.0,-1.0,-1.0,50,62,138,-892757772
53744835884935,5,0,608392858.837727,35.66913844,-78.88018893,36.0,83.0,5.0,-1.0,-1.0,50,62,305,-892757772
57191214336380,11,0,608392858.837727,35.6689544,-78.8792196,26.0,88.0,7.0,-1.0,-1.0,50,62,172,-892757772
57606950847743,1,0,608392858.837727,35.66922018,-78.87978246,34.0,85.0,5.0,-1.0,-1.0,50,62,241,-892757772
66325077657383,6,0,608392858.837727,35.66935447,-78.87977944,21.0,85.0,6.0,-1.0,-1.0,50,62,345,-892757772
93339217621228,11,0,608392858.837727,35.66893775,-78.88041277,22.0,83.0,5.0,-1.0,-1.0,50,62,179,-892757772
145862427300200,11,0,608392858.837727,35.66923308,-78.88022664,23.0,83.0,5.0,-1.0,-1.0,50,62,185,-892757772
180720254872573,11,0,608392858.837727,35.66954439,-78.88005384,53.0,83.0,5.0,-1.0,-1.0,50,62,484,-892757772
189367156067227,1,0,608392858.837727,35.6692193,-78.87987573,25.0,85.0,5.0,-1.0,-1.0,50,62,128,-892757772
194310931496523,11,0,608392858.837727,35.66910015,-78.8790969,41.0,87.0,6.0,-1.0,-1.0,50,62,159,-892757772
242211429317360,6,0,608392858.837727,35.66848759,-78.87938862,28.0,88.0,5.0,-1.0,-1.0,50,62,139,-892757772
255505424414675,1,0,608392858.837727,35.66886508,-78.8803443,23.0,84.0,5.0,-1.0,-1.0,50,62,152,-892757772
8819736267279,6,0,608392858.837727,35.66853246,-78.87955773,26.0,89.0,5.0,-1.0,-1.0,50,37,116,-892757772
198221156103979,1,0,608392858.837727,35.66937862,-78.87946009,118.0,85.0,5.0,-1.0,-1.0,50,34,312,-892757772
97785268999923,11,0,608392858.837727,35.66863021,-78.87627682,117.0,91.0,6.0,-1.0,-1.0,50,63,703,-892757772
97785269000361,3,0,608392858.837727,35.66861082,-78.87590846,135.0,91.0,6.0,-1.0,-1.0,50,63,625,-892757772
242467526973769,7,0,608392858.837727,35.66853854,-78.87633607,53.0,92.0,5.0,-1.0,-1.0,50,63,553,-892757772
242467524920280,7,0,608392858.837727,35.66856727,-78.87629584,62.0,92.0,5.0,-1.0,-1.0,50,62,491,-892757772
18005777835022,11,0,608392858.837727,35.66892237,-78.88046835,36.0,83.0,5.0,-1.0,-1.0,50,63,283,-892757772
44794526226575,6,0,608392858.837727,35.66933626,-78.88132835,122.0,77.0,5.0,-1.0,-1.0,50,63,471,-892757772
105766103308896,11,0,608392858.837727,35.66913204,-78.8809831,114.0,79.0,5.0,-1.0,-1.0,50,63,585,-892757772
175940651025971,7,0,608392858.837727,35.66926185,-78.88086697,82.0,79.0,5.0,-1.0,-1.0,50,63,456,-892757772
194232238852797,6,0,608392858.837727,35.66846737,-78.88095158,62.0,86.0,10.0,-1.0,-1.0,50,63,219,-892757772
220675990542607,5,0,608392858.837727,35.66845818,-78.88093595,96.0,82.0,6.0,-1.0,-1.0,50,63,335,-892757772
251720565323216,11,0,608392858.837727,35.6687385,-78.88111871,88.0,79.0,6.0,-1.0,-1.0,50,63,294,-892757772
251720565324041,6,0,608392858.837727,35.66874764,-78.88094493,94.0,81.0,6.0,-1.0,-1.0,50,63,312,-892757772
264376347350458,6,0,608392858.837727,35.66897435,-78.88178599,130.0,76.0,5.0,-1.0,-1.0,50,63,525,-892757772
264438805335294,11,0,608392858.837727,35.66916878,-78.88051701,66.0,81.0,5.0,-1.0,-1.0,50,63,505,-892757772
58173523681784,2,0,608392858.837727,35.66867251,-78.88128298,93.0,79.0,5.0,-1.0,-1.0,50,62,306,-892757772
149796187301342,6,0,608392858.837727,35.66951446,-78.8809735,69.0,79.0,6.0,-1.0,-1.0,50,62,350,-892757772
150489906028389,6,0,608392858.837727,35.66895517,-78.88071816,33.0,81.0,5.0,-1.0,-1.0,50,62,256,-892757772
150489914089909,11,0,608392858.837727,35.66919372,-78.88048296,49.0,82.0,5.0,-1.0,-1.0,50,62,881,-892757772
185381855757854,1,0,608392858.837727,35.66864606,-78.8816675,103.0,78.0,6.0,-1.0,-1.0,50,62,272,-892757772
198414839364778,2,0,608392858.837727,35.66942972,-78.88046616,33.0,81.0,5.0,-1.0,-1.0,50,62,174,-892757772
198414839364781,2,0,608392858.837727,35.66943209,-78.8804689,35.0,81.0,5.0,-1.0,-1.0,50,62,232,-892757772
237550732890875,2,0,608392858.837727,35.66877564,-78.88122418,82.0,79.0,5.0,-1.0,-1.0,50,62,309,-892757772
264376344531138,1,0,608392858.837727,35.66908545,-78.88136722,107.0,78.0,5.0,-1.0,-1.0,50,62,359,-892757772
150489905610585,11,0,608392858.837727,35.66917652,-78.88068051,43.0,81.0,5.0,-1.0,-1.0,50,44,266,-892757772
229029877095195,6,0,608392858.837727,35.66847205,-78.88052232,20.0,84.0,5.0,-1.0,-1.0,50,42,104,-892757772
18016948840571,5,0,608392858.837727,35.66758422,-78.87826439,30.0,92.0,5.0,-1.0,-1.0,50,63,172,-892757772
27105394839524,1,0,608392858.837727,35.66785744,-78.8780031,45.0,93.0,5.0,-1.0,-1.0,50,63,139,-892757772
31828307704874,6,0,608392858.837727,35.66754699,-78.87851001,57.0,91.0,6.0,-1.0,-1.0,50,63,274,-892757772
105766103362840,11,0,608392858.837727,35.66767841,-78.87824336,52.0,92.0,5.0,-1.0,-1.0,50,63,213,-892757772
105963515310502,1,0,608392858.837727,35.66788136,-78.87888568,46.0,90.0,5.0,-1.0,-1.0,50,63,451,-892757772
105963515310505,1,0,608392858.837727,35.66788128,-78.87888491,43.0,90.0,5.0,-1.0,-1.0,50,63,237,-892757772
105963515441321,1,0,608392858.837727,35.66791848,-78.87894372,35.0,89.0,5.0,-1.0,-1.0,50,63,442,-892757772
119506637522511,11,0,608392858.837727,35.66776961,-78.87812139,40.0,92.0,6.0,-1.0,-1.0,50,63,203,-892757772
136939833670026,1,0,608392858.837727,35.66748594,-78.87852559,50.0,91.0,5.0,-1.0,-1.0,50,63,229,-892757772
141674126527047,1,0,608392858.837727,35.66842113,-78.87841306,38.0,91.0,5.0,-1.0,-1.0,50,63,145,-892757772
141674126604613,1,0,608392858.837727,35.66827522,-78.87829273,38.0,92.0,7.0,-1.0,-1.0,50,63,131,-892757772
141674126604615,1,0,608392858.837727,35.66827996,-78.8782857,38.0,92.0,6.0,-1.0,-1.0,50,63,130,-892757772
9031396411686,6,0,608392858.837727,35.66772444,-78.87879954,39.0,91.0,5.0,-1.0,-1.0,50,63,211,-892757772
176109638185026,3,0,608392858.837727,35.66775259,-78.87807959,40.0,92.0,5.0,-1.0,-1.0,50,63,173,-892757772
176199432407087,4,0,608392858.837727,35.66809719,-78.87866101,54.0,89.0,15.0,-1.0,-1.0,50,63,211,-892757772
176199432742938,1,0,608392858.837727,35.66756436,-78.87877036,44.0,90.0,6.0,-1.0,-1.0,50,63,248,-892757772
175940664270859,6,0,608392858.837727,35.66771624,-78.87854882,45.0,91.0,5.0,-1.0,-1.0,50,63,274,-892757772
175940665747606,3,0,608392858.837727,35.66773472,-78.87810218,42.0,92.0,5.0,-1.0,-1.0,50,63,206,-892757772
202750471891806,6,0,608392858.837727,35.66839863,-78.87774007,51.0,92.0,5.0,-1.0,-1.0,50,63,247,-892757772
220675997944993,5,0,608392858.837727,35.6674811,-78.87816087,38.0,93.0,5.0,-1.0,-1.0,50,63,149,-892757772
13870900819568,11,0,608392858.837727,35.66814012,-78.87858681,58.0,90.0,12.0,-1.0,-1.0,50,63,227,-892757772
229529814034281,11,0,608392858.837727,35.66744173,-78.87865373,53.0,91.0,7.0,-1.0,-1.0,50,63,229,-892757772
237960044954827,11,0,608392858.837727,35.66779486,-78.87859752,29.0,91.0,5.0,-1.0,-1.0,50,63,182,-892757772
237960044955102,1,0,608392858.837727,35.66777769,-78.87855827,33.0,91.0,5.0,-1.0,-1.0,50,63,158,-892757772
237561514833801,11,0,608392858.837727,35.66775774,-78.8784033,37.0,91.0,5.0,-1.0,-1.0,50,63,220,-892757772
246562412551264,11,0,608392858.837727,35.66783747,-78.87800133,44.0,93.0,5.0,-1.0,-1.0,50,63,259,-892757772
264568952897082,11,0,608392858.837727,35.66795315,-78.87881728,20.0,90.0,5.0,-1.0,-1.0,50,63,104,-892757772
264568961667430,6,0,608392858.837727,35.66787926,-78.87858334,39.0,91.0,5.0,-1.0,-1.0,50,63,474,-892757772
278094215712976,1,0,608392858.837727,35.6680227,-78.87896436,43.0,90.0,5.0,-1.0,-1.0,50,63,205,-892757772
26813011641108,11,0,608392858.837727,35.66751464,-78.87822355,27.0,93.0,5.0,-1.0,-1.0,50,62,133,-892757772
31828307698076,11,0,608392858.837727,35.66756773,-78.87858834,38.0,91.0,5.0,-1.0,-1.0,50,62,485,-892757772
79965012664419,1,0,608392858.837727,35.66792472,-78.87891093,21.0,90.0,5.0,-1.0,-1.0,50,62,116,-892757772
105963515441318,1,0,608392858.837727,35.66791435,-78.87893919,34.0,89.0,5.0,-1.0,-1.0,50,62,442,-892757772
110843862280903,1,0,608392858.837727,35.66781916,-78.8783045,24.0,92.0,5.0,-1.0,-1.0,50,62,128,-892757772
141674126527045,1,0,608392858.837727,35.6684272,-78.87843091,37.0,91.0,5.0,-1.0,-1.0,50,62,137,-892757772
141674126601221,1,0,608392858.837727,35.66828589,-78.87834289,35.0,92.0,5.0,-1.0,-1.0,50,62,149,-892757772
141674126601223,1,0,608392858.837727,35.66829014,-78.87834987,35.0,92.0,5.0,-1.0,-1.0,50,62,134,-892757772
8819745741187,10,0,608392858.837727,35.66756911,-78.87901871,34.0,89.0,11.0,-1.0,-1.0,50,62,200,-892757772
8819746355047,6,0,608392858.837727,35.66764387,-78.87867049,23.0,91.0,5.0,-1.0,-1.0,50,62,138,-892757772
193569092726973,1,0,608392858.837727,35.66774762,-78.8785251,24.0,92.0,5.0,-1.0,-1.0,50,62,91,-892757772
237960044955696,1,0,608392858.837727,35.66776437,-78.87838995,29.0,91.0,5.0,-1.0,-1.0,50,62,123,-892757772
277170157476305,6,0,608392858.837727,35.66765119,-78.87851752,27.0,92.0,5.0,-1.0,-1.0,50,62,150,-892757772
84326534910216,1,0,608392858.837727,35.66963655,-78.87381947,128.0,87.0,9.0,-1.0,-1.0,50,63,558,-892757772
22375717309688,11,0,608392858.837727,35.66798119,-78.87726295,35.0,95.0,5.0,-1.0,-1.0,50,63,201,-892757772
40637414718322,5,0,608392858.837727,35.66784554,-78.87684347,39.0,97.0,5.0,-1.0,-1.0,50,63,210,-892757772
40637414718398,8,0,608392858.837727,35.66780885,-78.87708798,44.0,96.0,5.0,-1.0,-1.0,50,63,243,-892757772
40637414718434,11,0,608392858.837727,35.66783981,-78.8769783,46.0,97.0,5.0,-1.0,-1.0,50,63,537,-892757772
48887636907180,6,0,608392858.837727,35.6678766,-78.87638582,46.0,96.0,6.0,-1.0,-1.0,50,63,180,-892757772
66209177252359,1,0,608392858.837727,35.66775814,-78.87712277,41.0,96.0,5.0,-1.0,-1.0,50,63,180,-892757772
80136656311309,1,0,608392858.837727,35.66775345,-78.87747679,48.0,95.0,6.0,-1.0,-1.0,50,63,287,-892757772
88416262214624,11,0,608392858.837727,35.66787705,-78.87667125,37.0,96.0,6.0,-1.0,-1.0,50,63,162,-892757772
92442625616411,11,0,608392858.837727,35.66743527,-78.87692981,62.0,98.0,5.0,-1.0,-1.0,50,63,406,-892757772
92442627604810,11,0,608392858.837727,35.66828127,-78.87757257,75.0,93.0,5.0,-1.0,-1.0,50,63,479,-892757772
92796494807568,1,0,608392858.837727,35.667387,-78.87695184,51.0,98.0,5.0,-1.0,-1.0,50,63,236,-892757772
97785268997871,4,0,608392858.837727,35.66828295,-78.87662797,93.0,93.0,5.0,-1.0,-1.0,50,63,666,-892757772
97785277865925,10,0,608392858.837727,35.66758306,-78.87685701,46.0,97.0,5.0,-1.0,-1.0,50,63,215,-892757772
105766103309440,6,0,608392858.837727,35.66795314,-78.87635536,50.0,95.0,5.0,-1.0,-1.0,50,63,225,-892757772
128109258423308,1,0,608392858.837727,35.66749134,-78.87684754,38.0,97.0,5.0,-1.0,-1.0,50,63,164,-892757772
140916070647477,6,0,608392858.837727,35.66739843,-78.87679569,39.0,98.0,5.0,-1.0,-1.0,50,63,162,-892757772
141745043271436,6,0,608392858.837727,35.66750526,-78.87691664,50.0,97.0,6.0,-1.0,-1.0,50,63,480,-892757772
8807079610166,4,0,608392858.837727,35.66826299,-78.87681512,67.0,94.0,5.0,-1.0,-1.0,50,63,547,-892757772
168065366828276,10,0,608392858.837727,35.66759353,-78.87691337,32.0,97.0,5.0,-1.0,-1.0,50,63,183,-892757772
168188793624111,1,0,608392858.837727,35.66786254,-78.87729341,48.0,96.0,6.0,-1.0,-1.0,50,63,274,-892757772
190131763188560,11,0,608392858.837727,35.66813234,-78.87700088,61.0,95.0,6.0,-1.0,-1.0,50,63,562,-892757772
202501808059852,11,0,608392858.837727,35.66817531,-78.87653117,35.0,95.0,6.0,-1.0,-1.0,50,63,195,-892757772
220676005629466,5,0,608392858.837727,35.66780441,-78.87708734,46.0,96.0,5.0,-1.0,-1.0,50,63,223,-892757772
225348633157534,6,0,608392858.837727,35.66833142,-78.87754284,39.0,94.0,7.0,-1.0,-1.0,50,63,214,-892757772
242211437867712,6,0,608392858.837727,35.66843145,-78.87770908,34.0,92.0,5.0,-1.0,-1.0,50,63,285,-892757772
251739946096781,1,0,608392858.837727,35.66790011,-78.87702849,32.0,96.0,5.0,-1.0,-1.0,50,63,175,-892757772
264376345456962,1,0,608392858.837727,35.66826035,-78.87723224,71.0,94.0,7.0,-1.0,-1.0,50,63,654,-892757772
264376346245058,1,0,608392858.837727,35.66832822,-78.87698182,68.0,93.0,6.0,-1.0,-1.0,50,63,424,-892757772
22615199758476,2,0,608392858.837727,35.6673389,-78.87708427,39.0,98.0,5.0,-1.0,-1.0,50,62,158,-892757772
26801200817624,4,0,608392858.837727,35.66824756,-78.87674727,27.0,94.0,5.0,-1.0,-1.0,50,62,121,-892757772
44873441011496,1,0,608392858.837727,35.66755029,-78.876774,25.0,97.0,5.0,-1.0,-1.0,50,62,119,-892757772
180720246116146,1,0,608392858.837727,35.66788008,-78.87696912,29.0,96.0,5.0,-1.0,-1.0,50,62,221,-892757772
18529629620691,6,0,608392858.837727,35.66840025,-78.87953478,62.0,88.0,6.0,-1.0,-1.0,50,63,218,-892757772
31828303760307,6,0,608392858.837727,35.66827629,-78.87970954,51.0,87.0,6.0,-1.0,-1.0,50,63,188,-892757772
31828303877039,1,0,608392858.837727,35.66840424,-78.87976041,55.0,87.0,5.0,-1.0,-1.0,50,63,180,-892757772
57489677017438,1,0,608392858.837727,35.66734214,-78.88009641,66.0,88.0,6.0,-1.0,-1.0,50,63,213,-892757772
79965012898217,11,0,608392858.837727,35.66824579,-78.87995475,20.0,86.0,5.0,-1.0,-1.0,50,63,122,-892757772
88416257881664,7,0,608392858.837727,35.66843015,-78.87991819,41.0,86.0,5.0,-1.0,-1.0,50,63,291,-892757772
88875608597051,2,0,608392858.837727,35.6683838,-78.87940055,28.0,89.0,5.0,-1.0,-1.0,50,63,161,-892757772
92442626125185,1,0,608392858.837727,35.66843127,-78.87992495,75.0,86.0,5.0,-1.0,-1.0,50,63,421,-892757772
92796507557584,11,0,608392858.837727,35.66823784,-78.87995905,40.0,86.0,8.0,-1.0,-1.0,50,63,333,-892757772
97376625628094,6,0,608392858.837727,35.66838165,-78.87998202,66.0,86.0,7.0,-1.0,-1.0,50,63,395,-892757772
97376626456794,1,0,608392858.837727,35.66802343,-78.88030031,91.0,86.0,7.0,-1.0,-1.0,50,63,336,-892757772
123397831709462,11,0,608392858.837727,35.6673613,-78.88007469,48.0,88.0,5.0,-1.0,-1.0,50,63,181,-892757772
136939843927461,2,0,608392858.837727,35.66776816,-78.87932569,58.0,88.0,6.0,-1.0,-1.0,50,63,202,-892757772
8819738867563,7,0,608392858.837727,35.66823483,-78.87981566,22.0,87.0,5.0,-1.0,-1.0,50,63,121,-892757772
180720247095471,1,0,608392858.837727,35.66835452,-78.87972056,51.0,87.0,5.0,-1.0,-1.0,50,63,174,-892757772
185437728746279,11,0,608392858.837727,35.66776731,-78.87939981,68.0,88.0,7.0,-1.0,-1.0,50,63,225,-892757772
198092718873034,11,0,608392858.837727,35.66806546,-78.8792834,69.0,88.0,10.0,-1.0,-1.0,50,63,279,-892757772
202577929237657,10,0,608392858.837727,35.66827495,-78.87980689,20.0,87.0,5.0,-1.0,-1.0,50,63,111,-892757772
203332588821018,1,0,608392858.837727,35.66812851,-78.87997345,42.0,87.0,7.0,-1.0,-1.0,50,63,309,-892757772
215521814197052,1,0,608392858.837727,35.66833873,-78.87944327,32.0,88.0,6.0,-1.0,-1.0,50,63,156,-892757772
216116578775072,11,0,608392858.837727,35.66767942,-78.87931394,67.0,88.0,5.0,-1.0,-1.0,50,63,468,-892757772
17650155882513,10,0,608392858.837727,35.66824481,-78.88018274,32.0,85.0,6.0,-1.0,-1.0,50,62,124,-892757772
5429396299664,1,0,608392858.837727,35.66814944,-78.87941708,47.0,88.0,8.0,-1.0,-1.0,50,62,231,-892757772
123397831708560,6,0,608392858.837727,35.6674561,-78.88004699,57.0,88.0,5.0,-1.0,-1.0,50,62,285,-892757772
132121475809878,5,0,608392858.837727,35.66747631,-78.87965221,60.0,88.0,10.0,-1.0,-1.0,50,62,175,-892757772
132845822253024,2,0,608392858.837727,35.6676352,-78.87915795,52.0,90.0,12.0,-1.0,-1.0,50,62,349,-892757772
140916081541618,11,0,608392858.837727,35.66802385,-78.87970146,45.0,87.0,7.0,-1.0,-1.0,50,62,277,-892757772
149796186747338,6,0,608392858.837727,35.66748695,-78.87995216,58.0,88.0,6.0,-1.0,-1.0,50,62,200,-892757772
149796186750132,1,0,608392858.837727,35.66737755,-78.87974568,58.0,88.0,7.0,-1.0,-1.0,50,62,196,-892757772
8819736456695,10,0,608392858.837727,35.66756472,-78.87921316,38.0,88.0,10.0,-1.0,-1.0,50,62,206,-892757772
194538328015617,9,0,608392858.837727,35.66764625,-78.87914842,33.0,88.0,10.0,-1.0,-1.0,50,61,342,-892757772
127821369111937,7,0,608392858.837727,35.66837295,-78.8799527,22.0,86.0,5.0,-1.0,-1.0,50,40,154,-892757772
53411089049398,11,0,608392858.837727,35.66857706,-78.87381701,91.0,91.0,7.0,-1.0,-1.0,50,63,578,-892757772
84326534292872,1,0,608392858.837727,35.66876087,-78.87391083,82.0,90.0,6.0,-1.0,-1.0,50,63,520,-892757772
84326534859672,8,0,608392858.837727,35.66888483,-78.87365792,69.0,91.0,8.0,-1.0,-1.0,50,63,567,-892757772
84326535026152,8,0,608392858.837727,35.66893637,-78.87458303,124.0,87.0,7.0,-1.0,-1.0,50,63,368,-892757772
84326546638435,11,0,608392858.837727,35.66865085,-78.87393339,81.0,91.0,5.0,-1.0,-1.0,50,63,397,-892757772
219919321031128,7,0,608392858.837727,35.66886369,-78.87400609,85.0,89.0,6.0,-1.0,-1.0,50,63,561,-892757772
219919321035320,9,0,608392858.837727,35.66930242,-78.87414338,88.0,87.0,8.0,-1.0,-1.0,50,63,536,-892757772
93373378950408,1,0,608392858.837727,35.669271,-78.87454345,100.0,87.0,9.0,-1.0,-1.0,50,62,523,-892757772
93373381280968,8,0,608392858.837727,35.66936029,-78.87441919,89.0,86.0,7.0,-1.0,-1.0,50,62,460,-892757772
101912709489822,11,0,608392858.837727,35.66945541,-78.87381566,111.0,88.0,7.0,-1.0,-1.0,50,62,588,-892757772
84326534291432,1,0,608392858.837727,35.66916499,-78.87418245,59.0,87.0,9.0,-1.0,-1.0,50,58,385,-892757772
84326534931144,5,0,608392858.837727,35.66882538,-78.87361844,54.0,91.0,8.0,-1.0,-1.0,50,54,612,-892757772
9047483452273,6,0,608392858.837727,35.66859797,-78.87364521,58.0,90.0,5.0,-1.0,-1.0,50,46,319,-892757772
18529613436850,1,0,608392858.837727,35.66752107,-78.87614578,68.0,97.0,5.0,-1.0,-1.0,50,63,267,-892757772
18587654663456,1,0,608392858.837727,35.66745248,-78.87590448,39.0,98.0,5.0,-1.0,-1.0,50,63,186,-892757772
48585529923654,1,0,608392858.837727,35.66768062,-78.87592426,81.0,96.0,6.0,-1.0,-1.0,50,63,305,-892757772
48585531762690,4,0,608392858.837727,35.66776407,-78.87582449,84.0,95.0,6.0,-1.0,-1.0,50,63,408,-892757772
57606941146170,6,0,608392858.837727,35.66828284,-78.87614632,36.0,93.0,5.0,-1.0,-1.0,50,63,394,-892757772
105766103205600,6,0,608392858.837727,35.66785269,-78.8762989,49.0,96.0,5.0,-1.0,-1.0,50,63,160,-892757772
119580870799812,1,0,608392858.837727,35.66765169,-78.87591183,55.0,97.0,7.0,-1.0,-1.0,50,63,283,-892757772
137240374844282,10,0,608392858.837727,35.66767303,-78.8757339,35.0,96.0,5.0,-1.0,-1.0,50,63,157,-892757772
140739349824164,10,0,608392858.837727,35.66776899,-78.87567366,70.0,95.0,6.0,-1.0,-1.0,50,63,607,-892757772
145361418443369,10,0,608392858.837727,35.66755066,-78.87590026,48.0,97.0,5.0,-1.0,-1.0,50,63,219,-892757772
150489912121683,10,0,608392858.837727,35.66771818,-78.87569595,20.0,96.0,5.0,-1.0,-1.0,50,63,128,-892757772
193695571582001,1,0,608392858.837727,35.6682842,-78.87609291,44.0,93.0,5.0,-1.0,-1.0,50,63,628,-892757772
193695572183294,11,0,608392858.837727,35.66752045,-78.8760189,48.0,97.0,6.0,-1.0,-1.0,50,63,187,-892757772
264543125649844,11,0,608392858.837727,35.66735269,-78.8761096,66.0,98.0,6.0,-1.0,-1.0,50,63,240,-892757772
277170155522922,10,0,608392858.837727,35.66783038,-78.87602948,51.0,95.0,6.0,-1.0,-1.0,50,63,183,-892757772
44833262863632,11,0,608392858.837727,35.66786445,-78.87586004,28.0,95.0,5.0,-1.0,-1.0,50,62,127,-892757772
167132879515640,10,0,608392858.837727,35.66773713,-78.87573654,22.0,96.0,5.0,-1.0,-1.0,50,62,149,-892757772
193695571578591,6,0,608392858.837727,35.66824927,-78.87607231,27.0,93.0,5.0,-1.0,-1.0,50,62,325,-892757772
193760309053201,1,0,608392858.837727,35.66781496,-78.8758722,49.0,95.0,7.0,-1.0,-1.0,50,62,181,-892757772
198690271589374,4,0,608392858.837727,35.6679985,-78.87602376,40.0,95.0,7.0,-1.0,-1.0,50,62,255,-892757772
212205016164647,1,0,608392858.837727,35.66806686,-78.87603108,40.0,94.0,7.0,-1.0,-1.0,50,62,197,-892757772
233120494615648,6,0,608392858.837727,35.66779708,-78.87579259,59.0,96.0,6.0,-1.0,-1.0,50,62,275,-892757772
71161617401950,11,0,608392858.837727,35.66736795,-78.88093671,99.0,85.0,6.0,-1.0,-1.0,50,63,382,-892757772
92442627596515,11,0,608392858.837727,35.66742878,-78.88118331,124.0,83.0,7.0,-1.0,-1.0,50,63,691,-892757772
105766103308992,6,0,608392858.837727,35.66787449,-78.88169259,125.0,79.0,7.0,-1.0,-1.0,50,63,456,-892757772
105766103309072,6,0,608392858.837727,35.66744783,-78.88157985,122.0,82.0,8.0,-1.0,-1.0,50,63,459,-892757772
175940657741778,7,0,608392858.837727,35.66739245,-78.88080606,44.0,86.0,5.0,-1.0,-1.0,50,63,232,-892757772
224578743041832,1,0,608392858.837727,35.667916,-78.8809674,58.0,84.0,7.0,-1.0,-1.0,50,63,233,-892757772
147850899844,1,0,608392858.837727,35.66758745,-78.88074526,33.0,86.0,5.0,-1.0,-1.0,50,62,155,-892757772
152095377192,6,0,608392858.837727,35.66765726,-78.88063287,64.0,86.0,5.0,-1.0,-1.0,50,62,315,-892757772
44873441357348,1,0,608392858.837727,35.66817263,-78.88089438,65.0,83.0,6.0,-1.0,-1.0,50,62,261,-892757772
83641893363908,1,0,608392858.837727,35.66804109,-78.88159834,114.0,80.0,7.0,-1.0,-1.0,50,62,351,-892757772
92796507512976,1,0,608392858.837727,35.66820993,-78.88081684,81.0,83.0,6.0,-1.0,-1.0,50,62,282,-892757772
8819746433413,6,0,608392858.837727,35.66756003,-78.88164978,54.0,84.0,8.0,-1.0,-1.0,50,62,238,-892757772
84326534291672,8,0,608392858.837727,35.66832514,-78.87360295,63.0,89.0,8.0,-1.0,-1.0,50,63,436,-892757772
84326534295688,1,0,608392858.837727,35.66811649,-78.87362544,68.0,90.0,9.0,-1.0,-1.0,50,63,244,-892757772
88818842185091,4,0,608392858.837727,35.66749006,-78.87468549,95.0,93.0,5.0,-1.0,-1.0,50,63,698,-892757772
233554171708428,7,0,608392858.837727,35.66753966,-78.87461667,139.0,93.0,6.0,-1.0,-1.0,50,63,691,-892757772
264438804542462,11,0,608392858.837727,35.66819108,-78.87369358,80.0,90.0,9.0,-1.0,-1.0,50,63,466,-892757772
211424065527742,3,0,608392858.837727,35.66740717,-78.87481808,29.0,95.0,5.0,-1.0,-1.0,50,62,211,-892757772
220812842215159,10,0,608392858.837727,35.66747491,-78.87487345,40.0,95.0,5.0,-1.0,-1.0,50,62,195,-892757772
48585531707719,6,0,608392858.837727,35.6678423,-78.8822494,110.0,77.0,7.0,-1.0,-1.0,50,63,399,-892757772
105797404834593,11,0,608392858.837727,35.66809621,-78.88198308,109.0,77.0,6.0,-1.0,-1.0,50,63,409,-892757772
18005763172041,6,0,608392858.837727,35.66774978,-78.88205933,81.0,77.0,6.0,-1.0,-1.0,50,62,294,-892757772
220812843360970,11,0,608392858.837727,35.667985,-78.88190374,68.0,77.0,7.0,-1.0,-1.0,50,62,330,-892757772
139442904076352,-1,1,608392932.722818,0.0,0.0,-1.0,-1000.0,-1.0,-1.0,-1.0,0,-1,-1,-1
77204286682924,-1,1,608393055.682686,0.0,0.0,-1.0,-1000.0,-1.0,-1.0,-1.0,0,-1,-1,-1
152325858641820,-1,1,608393826.50554,0.0,0.0,-1.0,-1000.0,-1.0,-1.0,-1.0,0,-1,-1,-1
16410444533208,-1,1,608393826.505554,0.0,0.0,-1.0,-1000.0,-1.0,-1.0,-1.0,0,-1,-1,-1
280293235199448,-1,1,608393826.505558,0.0,0.0,-1.0,-1000.0,-1.0,-1.0,-1.0,0,-1,-1,-1
77204288318254,-1,1,608393957.908335,0.0,0.0,-1.0,-1000.0,-1.0,-1.0,-1.0,0,-1,-1,-1
185437728423591,7,0,608394081.705488,35.66555301,-78.87659725,94.0,98.0,6.0,-1.0,-1.0,50,63,444,-1
39606179258245,1,0,608394081.705488,35.66516039,-78.87691923,70.0,97.0,6.0,-1.0,-1.0,50,63,349,-1
39606179504502,1,0,608394081.705488,35.66523151,-78.87668916,53.0,99.0,6.0,-1.0,-1.0,50,63,296,-1
39606179504777,6,0,608394081.705488,35.66530144,-78.87712327,93.0,97.0,5.0,-1.0,-1.0,50,63,424,-1
105766103205960,6,0,608394081.705488,35.66540378,-78.87710891,103.0,96.0,6.0,-1.0,-1.0,50,63,469,-1
105766103309304,11,0,608394081.705488,35.66562006,-78.877158,87.0,97.0,6.0,-1.0,-1.0,50,63,496,-1
123397817440867,1,0,608394081.705488,35.66556994,-78.87744298,51.0,96.0,6.0,-1.0,-1.0,50,63,240,-1
136939835219838,2,0,608394081.705488,35.66538503,-78.87676917,49.0,99.0,5.0,-1.0,-1.0,50,63,232,-1
136939841068342,2,0,608394081.705488,35.66539271,-78.87684459,55.0,98.0,5.0,-1.0,-1.0,50,63,362,-1
149669430355254,8,0,608394081.705488,35.66569136,-78.87692176,56.0,98.0,5.0,-1.0,-1.0,50,63,347,-1
149796187882747,1,0,608394081.705488,35.66612162,-78.87726193,65.0,96.0,5.0,-1.0,-1.0,50,63,372,-1
8807076242572,2,0,608394081.705488,35.66581957,-78.87743917,41.0,96.0,6.0,-1.0,-1.0,50,63,298,-1
9474847486677,6,0,608394081.705488,35.66576031,-78.87741547,49.0,96.0,6.0,-1.0,-1.0,50,63,272,-1
9474847487205,11,0,608394081.705488,35.66566452,-78.87767361,49.0,94.0,6.0,-1.0,-1.0,50,63,400,-1
9474847487480,11,0,608394081.705488,35.66567317,-78.87747811,39.0,96.0,5.0,-1.0,-1.0,50,63,210,-1
163085023293371,1,0,608394081.705488,35.66584277,-78.87769006,117.0,94.0,6.0,-1.0,-1.0,50,63,514,-1
215521811256165,7,0,608394081.705488,35.66536171,-78.87640259,32.0,101.0,5.0,-1.0,-1.0,50,63,178,-1
224578755507988,11,0,608394081.705488,35.66552293,-78.87711622,66.0,97.0,6.0,-1.0,-1.0,50,63,377,-1
229195915526683,1,0,608394081.705488,35.66562365,-78.87726632,60.0,96.0,5.0,-1.0,-1.0,50,63,274,-1
53384731822853,9,0,608394081.705488,35.6659318,-78.87725171,43.0,96.0,5.0,-1.0,-1.0,50,62,166,-1
246354397669434,6,0,608394081.705488,35.66561771,-78.87706383,45.0,98.0,5.0,-1.0,-1.0,50,62,222,-1
277170155595549,11,0,608394081.705488,35.66560931,-78.87705231,42.0,98.0,5.0,-1.0,-1.0,50,62,215,-1
22375710454573,9,0,608394081.705488,35.66586619,-78.87601246,39.0,100.0,5.0,-1.0,-1.0,50,63,180,-1
22615193351152,4,0,608394081.705488,35.66525758,-78.87615291,36.0,99.0,5.0,-1.0,-1.0,50,63,157,-1
22615193357956,7,0,608394081.705488,35.66529777,-78.87606457,47.0,99.0,5.0,-1.0,-1.0,50,63,169,-1
27385408907311,6,0,608394081.705488,35.66595279,-78.87572384,42.0,100.0,7.0,-1.0,-1.0,50,63,144,-1
62171158917184,6,0,608394081.705488,35.66586686,-78.87587427,45.0,100.0,6.0,-1.0,-1.0,50,63,182,-1
62171158917646,1,0,608394081.705488,35.66563762,-78.87621322,64.0,100.0,7.0,-1.0,-1.0,50,63,434,-1
62171158918273,11,0,608394081.705488,35.66569133,-78.87620674,50.0,100.0,6.0,-1.0,-1.0,50,63,225,-1
70770358277146,9,0,608394081.705488,35.66567444,-78.87622908,46.0,100.0,5.0,-1.0,-1.0,50,63,253,-1
96897435757482,6,0,608394081.705488,35.66608386,-78.87584459,42.0,100.0,6.0,-1.0,-1.0,50,63,178,-1
97630288543185,1,0,608394081.705488,35.66512629,-78.87605802,52.0,99.0,6.0,-1.0,-1.0,50,63,498,-1
105766103216288,6,0,608394081.705488,35.66619205,-78.87535433,67.0,99.0,7.0,-1.0,-1.0,50,63,270,-1
105766103309656,11,0,608394081.705488,35.66565747,-78.87623042,55.0,100.0,5.0,-1.0,-1.0,50,63,283,-1
123486074006665,1,0,608394081.705488,35.66599434,-78.87533317,49.0,99.0,5.0,-1.0,-1.0,50,63,176,-1
9372612204890,1,0,608394081.705488,35.66609789,-78.87535335,53.0,99.0,5.0,-1.0,-1.0,50,63,233,-1
168065367439750,4,0,608394081.705488,35.66617595,-78.87538094,53.0,99.0,6.0,-1.0,-1.0,50,63,202,-1
176349506826170,6,0,608394081.705488,35.66613372,-78.87532943,35.0,99.0,5.0,-1.0,-1.0,50,63,177,-1
215783958026819,3,0,608394081.705488,35.66575573,-78.8755012,62.0,100.0,6.0,-1.0,-1.0,50,63,217,-1
215783958027044,9,0,608394081.705488,35.66593033,-78.87538564,62.0,99.0,6.0,-1.0,-1.0,50,63,288,-1
22615193357968,4,0,608394081.705488,35.66532323,-78.87561455,46.0,99.0,6.0,-1.0,-1.0,50,62,244,-1
128504331683670,11,0,608394081.705488,35.66578621,-78.87581494,44.0,102.0,5.0,-1.0,-1.0,50,62,239,-1
277170152038152,7,0,608394081.705488,35.66530206,-78.87590484,35.0,99.0,5.0,-1.0,-1.0,50,62,268,-1
215938448146031,6,0,608394081.705488,35.66576996,-78.87595386,28.0,101.0,7.0,-1.0,-1.0,50,54,139,-1
18529626562470,2,0,608394081.705488,35.66575171,-78.87783614,77.0,93.0,6.0,-1.0,-1.0,50,63,560,-1
27278923574055,1,0,608394081.705488,35.6656988,-78.87891042,22.0,93.0,6.0,-1.0,-1.0,50,63,241,-1
80136655946476,9,0,608394081.705488,35.66617961,-78.8783667,79.0,92.0,6.0,-1.0,-1.0,50,63,417,-1
92442627003335,6,0,608394081.705488,35.66512962,-78.87775603,98.0,93.0,6.0,-1.0,-1.0,50,63,451,-1
97785276683203,7,0,608394081.705488,35.6659409,-78.87874613,83.0,91.0,5.0,-1.0,-1.0,50,63,429,-1
140916081623239,1,0,608394081.705488,35.66587802,-78.87795298,64.0,93.0,6.0,-1.0,-1.0,50,63,459,-1
171789290114891,11,0,608394081.705488,35.66573209,-78.87897761,114.0,90.0,6.0,-1.0,-1.0,50,63,540,-1
190131762345248,1,0,608394081.705488,35.66520545,-78.87847307,132.0,90.0,6.0,-1.0,-1.0,50,63,574,-1
242919216083171,4,0,608394081.705488,35.66614346,-78.87793234,62.0,94.0,5.0,-1.0,-1.0,50,63,332,-1
8819746235739,1,0,608394081.705488,35.66563374,-78.87819938,74.0,93.0,5.0,-1.0,-1.0,50,62,372,-1
202577927038651,1,0,608394081.705488,35.66609832,-78.87836189,59.0,94.0,7.0,-1.0,-1.0,50,62,199,-1
207732467556664,4,0,608394081.705488,35.66592142,-78.87904745,47.0,91.0,5.0,-1.0,-1.0,50,62,284,-1
31043809595982,10,0,608394081.705488,35.66414975,-78.87654258,94.0,93.0,5.0,-1.0,-1.0,50,63,514,-1
180402826035121,6,0,608394081.705488,35.66447141,-78.87647766,106.0,94.0,7.0,-1.0,-1.0,50,63,511,-1
193695572378665,1,0,608394081.705488,35.66403356,-78.8773704,126.0,91.0,6.0,-1.0,-1.0,50,63,451,-1
193695572381118,1,0,608394081.705488,35.66443199,-78.87717,83.0,93.0,6.0,-1.0,-1.0,50,63,420,-1
193695574537294,11,0,608394081.705488,35.66477221,-78.87765958,104.0,93.0,7.0,-1.0,-1.0,50,63,333,-1
203003595847695,10,0,608394081.705488,35.6641703,-78.8763542,29.0,94.0,5.0,-1.0,-1.0,50,63,256,-1
52926939466517,5,0,608394081.705488,35.66461504,-78.87642436,92.0,96.0,6.0,-1.0,-1.0,50,62,485,-1
215783955477050,5,0,608394081.705488,35.66436492,-78.87672165,106.0,93.0,7.0,-1.0,-1.0,50,62,468,-1
18016946863559,10,0,608394081.705488,35.6668752,-78.87763045,39.0,95.0,5.0,-1.0,-1.0,50,63,132,-1
22375708959324,10,0,608394081.705488,35.66699828,-78.87735752,80.0,96.0,5.0,-1.0,-1.0,50,63,557,-1
53384722721226,5,0,608394081.705488,35.66674874,-78.8776278,25.0,95.0,6.0,-1.0,-1.0,50,63,118,-1
57489676800710,11,0,608394081.705488,35.66728152,-78.87770235,60.0,95.0,5.0,-1.0,-1.0,50,63,221,-1
110663111157598,6,0,608394081.705488,35.66698705,-78.87738848,73.0,96.0,5.0,-1.0,-1.0,50,63,533,-1
123534510392369,1,0,608394081.705488,35.6673334,-78.8773318,65.0,96.0,5.0,-1.0,-1.0,50,63,265,-1
132121477733178,5,0,608394081.705488,35.66685955,-78.87760463,63.0,96.0,5.0,-1.0,-1.0,50,63,276,-1
149796187882868,6,0,608394081.705488,35.66649968,-78.8768061,68.0,98.0,5.0,-1.0,-1.0,50,63,237,-1
167132879365674,6,0,608394081.705488,35.6673372,-78.87678066,41.0,98.0,5.0,-1.0,-1.0,50,63,209,-1
198092720620336,1,0,608394081.705488,35.66731614,-78.87659739,39.0,98.0,5.0,-1.0,-1.0,50,63,200,-1
247165640389178,6,0,608394081.705488,35.66708695,-78.87674693,34.0,99.0,5.0,-1.0,-1.0,50,63,165,-1
166353732179,1,0,608394081.705488,35.66659921,-78.87752306,45.0,96.0,5.0,-1.0,-1.0,50,62,229,-1
22375716920301,8,0,608394081.705488,35.66667494,-78.87757202,31.0,96.0,5.0,-1.0,-1.0,50,62,142,-1
114598829174064,11,0,608394081.705488,35.66690813,-78.87681441,32.0,99.0,5.0,-1.0,-1.0,50,62,208,-1
149796187878501,6,0,608394081.705488,35.66657713,-78.87737579,52.0,96.0,5.0,-1.0,-1.0,50,62,285,-1
57548238488386,1,0,608394081.705488,35.66695794,-78.87685318,20.0,100.0,5.0,-1.0,-1.0,50,61,162,-1
114598829264229,1,0,608394081.705488,35.66695349,-78.87682146,21.0,99.0,5.0,-1.0,-1.0,50,61,160,-1
247165646418797,1,0,608394081.705488,35.66699176,-78.87684828,20.0,100.0,5.0,-1.0,-1.0,50,61,157,-1
66144338373709,6,0,608394081.705488,35.66509453,-78.87631833,47.0,99.0,6.0,-1.0,-1.0,50,63,216,-1
97241395260895,1,0,608394081.705488,35.66411931,-78.87501897,56.0,95.0,7.0,-1.0,-1.0,50,63,320,-1
132534653936873,6,0,608394081.705488,35.66496605,-78.87507232,71.0,99.0,6.0,-1.0,-1.0,50,63,302,-1
229029885245929,1,0,608394081.705488,35.66416308,-78.87627919,20.0,94.0,5.0,-1.0,-1.0,50,63,115,-1
18016949123495,11,0,608394081.705488,35.6640798,-78.8757754,58.0,95.0,7.0,-1.0,-1.0,50,62,351,-1
22139945542950,1,0,608394081.705488,35.66410522,-78.87502403,37.0,94.0,8.0,-1.0,-1.0,50,62,323,-1
22139945542952,1,0,608394081.705488,35.6641109,-78.87502056,38.0,94.0,9.0,-1.0,-1.0,50,62,328,-1
22139945560230,1,0,608394081.705488,35.66429805,-78.87535416,50.0,95.0,12.0,-1.0,-1.0,50,62,221,-1
22139945560232,1,0,608394081.705488,35.66430729,-78.87536358,50.0,96.0,12.0,-1.0,-1.0,50,62,258,-1
26801204227265,9,0,608394081.705488,35.66452386,-78.87538507,28.0,99.0,8.0,-1.0,-1.0,50,62,214,-1
58173532014772,2,0,608394081.705488,35.66463804,-78.87631775,62.0,96.0,7.0,-1.0,-1.0,50,62,382,-1
62171157985132,6,0,608394081.705488,35.66414198,-78.87576686,64.0,93.0,16.0,-1.0,-1.0,50,62,281,-1
22375709897296,8,0,608394081.705488,35.66481876,-78.8784864,104.0,89.0,6.0,-1.0,-1.0,50,63,488,-1
22942265471472,2,0,608394081.705488,35.66443108,-78.87870522,120.0,88.0,6.0,-1.0,-1.0,50,63,537,-1
105797404609057,11,0,608394081.705488,35.66487527,-78.87827881,95.0,90.0,6.0,-1.0,-1.0,50,63,342,-1
140916078893334,1,0,608394081.705488,35.6641638,-78.87793752,140.0,90.0,7.0,-1.0,-1.0,50,63,471,-1
171789285859498,11,0,608394081.705488,35.6644937,-78.87819577,97.0,88.0,5.0,-1.0,-1.0,50,63,421,-1
22615193561862,1,0,608394081.705488,35.6662811,-78.87547479,59.0,99.0,6.0,-1.0,-1.0,50,63,261,-1
68809364975054,-1,1,608394081.706243,0.0,0.0,-1.0,-1000.0,-1.0,-1.0,-1.0,0,-1,-1,-1
160785004617061,-1,1,608394081.706416,0.0,0.0,-1.0,-1000.0,-1.0,-1.0,-1.0,0,-1,-1,-1
73207411486158,-1,1,608394081.706433,0.0,0.0,-1.0,-1000.0,-1.0,-1.0,-1.0,0,-1,-1,-1
165183051128165,-1,1,608394081.706441,0.0,0.0,-1.0,-1000.0,-1.0,-1.0,-1.0,0,-1,-1,-1
50835018895950,-1,1,608394081.706446,0.0,0.0,-1.0,-1000.0,-1.0,-1.0,-1.0,0,-1,-1,-1
268744413205398,6,0,608407376.371882,35.65871247,-78.87294719,93.0,105.0,6.0,-1.0,-1.0,50,63,453,-1
92922601376632,6,0,608407479.105077,35.65867183,-78.87437373,72.0,104.0,5.0,-1.0,-1.0,50,63,508,-1
141674117523689,1,0,608407479.105077,35.65923977,-78.87308785,64.0,101.0,8.0,-1.0,-1.0,50,63,372,-1
238419904440328,11,0,608407479.105077,35.65925121,-78.87294584,63.0,101.0,8.0,-1.0,-1.0,50,62,292,-1
141674117485161,1,0,608407580.349909,35.65920178,-78.87326976,61.0,101.0,7.0,-1.0,-1.0,50,63,291,-1
141674117485158,1,0,608407580.349909,35.65920554,-78.87328163,62.0,101.0,9.0,-1.0,-1.0,50,63,291,-1
189371400566816,11,0,608407580.349909,35.65914647,-78.87358515,99.0,103.0,6.0,-1.0,-1.0,50,63,334,-1
198993957720076,6,0,608407580.349909,35.65942017,-78.87284613,57.0,100.0,9.0,-1.0,-1.0,50,62,204,-1
44663306430982,6,0,608407580.349909,35.66091583,-78.87306629,109.0,96.0,6.0,-1.0,-1.0,50,63,422,-1
47234485032941,-1,1,608440591.620973,0.0,0.0,-1.0,-1000.0,-1.0,-1.0,-1.0,0,-1,-1,-1
180506940614740,-1,1,608609438.682141,0.0,0.0,-1.0,-1000.0,-1.0,-1.0,-1.0,0,-1,-1,-1
189686317127854,-1,1,608659460.874921,0.0,0.0,-1.0,-1000.0,-1.0,-1.0,-1.0,0,-1,-1,-1
9713555501294,1,0,608659677.50037,35.66277485,-78.84735521,112.0,121.0,7.0,-1.0,-1.0,50,63,529,-1
207302257244,1,0,608659677.50037,35.66286314,-78.84738246,85.0,122.0,6.0,-1.0,-1.0,50,63,477,-1
207268096572122,-1,1,608659714.19162,0.0,0.0,-1.0,-1000.0,-1.0,-1.0,-1.0,0,-1,-1,-1
363724418313,-1,1,608660169.019073,0.0,0.0,-1.0,-1000.0,-1.0,-1.0,-1.0,0,-1,-1,-1
2406325512788,-1,1,608660169.019101,0.0,0.0,-1.0,-1000.0,-1.0,-1.0,-1.0,0,-1,-1,-1
14128676481824,-1,1,608660169.019109,0.0,0.0,-1.0,-1000.0,-1.0,-1.0,-1.0,0,-1,-1,-1
24527211873865,-1,1,608660169.019116,0.0,0.0,-1.0,-1000.0,-1.0,-1.0,-1.0,0,-1,-1,-1
160630837585983,-1,1,608660220.008968,0.0,0.0,-1.0,-1000.0,-1.0,-1.0,-1.0,0,-1,-1,-1
200213256185918,-1,1,608660220.008996,0.0,0.0,-1.0,-1000.0,-1.0,-1.0,-1.0,0,-1,-1,-1
189218139908158,-1,1,608660220.009004,0.0,0.0,-1.0,-1000.0,-1.0,-1.0,-1.0,0,-1,-1,-1
209009349208126,-1,1,608660220.009011,0.0,0.0,-1.0,-1000.0,-1.0,-1.0,-1.0,0,-1,-1,-1
178223036225307,-1,1,608660220.009016,0.0,0.0,-1.0,-1000.0,-1.0,-1.0,-1.0,0,-1,-1,-1
11604389551888,-1,1,608660220.009024,0.0,0.0,-1.0,-1000.0,-1.0,-1.0,-1.0,0,-1,-1,-1
2808296529680,-1,1,608660220.00903,0.0,0.0,-1.0,-1000.0,-1.0,-1.0,-1.0,0,-1,-1,-1
187019129247515,-1,1,608660220.009034,0.0,0.0,-1.0,-1000.0,-1.0,-1.0,-1.0,0,-1,-1,-1
209009361803035,-1,1,608660220.009038,0.0,0.0,-1.0,-1000.0,-1.0,-1.0,-1.0,0,-1,-1,-1
33594620688769,-1,1,608660249.686763,0.0,0.0,-1.0,-1000.0,-1.0,-1.0,-1.0,0,-1,-1,-1
182621082736411,-1,1,608660249.686782,0.0,0.0,-1.0,-1000.0,-1.0,-1.0,-1.0,0,-1,-1,-1
253762716705370,-1,1,608660249.686786,0.0,0.0,-1.0,-1000.0,-1.0,-1.0,-1.0,0,-1,-1,-1
2819641451037,-1,1,608660249.686805,0.0,0.0,-1.0,-1000.0,-1.0,-1.0,-1.0,0,-1,-1,-1
178223023630398,-1,1,608660249.686817,0.0,0.0,-1.0,-1000.0,-1.0,-1.0,-1.0,0,-1,-1,-1
22375717880046,2,0,608685597.363872,35.65844,-78.87473456,58.0,105.0,5.0,-1.0,-1.0,50,63,704,-1
141674117485155,-1,1,608706843.643097,0.0,0.0,-1.0,-1000.0,-1.0,-1.0,-1.0,0,-1,-1,-1
273485249051375,-1,1,608711209.520428,0.0,0.0,-1.0,-1000.0,-1.0,-1.0,-1.0,0,-1,-1,-1
273485249051366,-1,1,608711209.520449,0.0,0.0,-1.0,-1000.0,-1.0,-1.0,-1.0,0,-1,-1,-1
200895058474203,-1,1,608713776.466408,0.0,0.0,-1.0,-1000.0,-1.0,-1.0,-1.0,0,-1,-1,-1
143822926493345,-1,1,608717774.352194,0.0,0.0,-1.0,-1000.0,-1.0,-1.0,-1.0,0,-1,-1,-1
201192979927052,-1,1,608717774.352224,0.0,0.0,-1.0,-1000.0,-1.0,-1.0,-1.0,0,-1,-1,-1
273485249051363,-1,1,608722560.171668,0.0,0.0,-1.0,-1000.0,-1.0,-1.0,-1.0,0,-1,-1,-1
273485256501493,1,0,608745188.692456,35.65916156,-78.87324123,77.0,102.0,5.0,-1.0,-1.0,50,63,245,-1
220837860938444,1,0,608745188.692456,35.66024779,-78.87290416,79.0,99.0,7.0,-1.0,-1.0,50,62,255,-1
141674117232262,1,0,608745188.692456,35.65913671,-78.87346419,68.0,102.0,5.0,-1.0,-1.0,50,63,228,-1
273485256501491,1,0,608745188.692456,35.65915522,-78.87326077,78.0,102.0,5.0,-1.0,-1.0,50,63,234,-1
273485256501497,1,0,608745188.692456,35.65915499,-78.87327704,78.0,102.0,5.0,-1.0,-1.0,50,63,232,-1
141674117232271,1,0,608745188.692456,35.65914711,-78.87346596,68.0,102.0,5.0,-1.0,-1.0,50,63,264,-1
22780379552952,11,0,608745188.692456,35.65876182,-78.87207229,70.0,106.0,6.0,-1.0,-1.0,50,63,433,-1
273485256309187,-1,1,608745188.69252,0.0,0.0,-1.0,-1000.0,-1.0,-1.0,-1.0,0,-1,-1,-1
273485256501489,-1,1,608745188.692554,0.0,0.0,-1.0,-1000.0,-1.0,-1.0,-1.0,0,-1,-1,-1
273485249051369,-1,1,608745188.692581,0.0,0.0,-1.0,-1000.0,-1.0,-1.0,-1.0,0,-1,-1,-1
273485256309185,-1,1,608745188.692592,0.0,0.0,-1.0,-1000.0,-1.0,-1.0,-1.0,0,-1,-1,-1
273485256309193,-1,1,608745188.692597,0.0,0.0,-1.0,-1000.0,-1.0,-1.0,-1.0,0,-1,-1,-1
200646311978992,-1,1,608745188.692618,0.0,0.0,-1.0,-1000.0,-1.0,-1.0,-1.0,0,-1,-1,-1
273485256309189,-1,1,608745188.692632,0.0,0.0,-1.0,-1000.0,-1.0,-1.0,-1.0,0,-1,-1,-1
66069760704790,-1,1,608745188.692634,0.0,0.0,-1.0,-1000.0,-1.0,-1.0,-1.0,0,-1,-1,-1
202750463038214,-1,1,608745188.692635,0.0,0.0,-1.0,-1000.0,-1.0,-1.0,-1.0,0,-1,-1,-1
130308269145490,-1,1,608745188.692638,0.0,0.0,-1.0,-1000.0,-1.0,-1.0,-1.0,0,-1,-1,-1
